,attributes,datatype,date,station,value
0,",,N,",PRCP,2017-01-01T00:00:00,GHCND:US1MOBN0007,0
1,",,N,",SNOW,2017-01-01T00:00:00,GHCND:US1MOBN0007,0
2,",,N,",PRCP,2017-01-01T00:00:00,GHCND:US1MOBN0032,0
3,",,N,",SNOW,2017-01-01T00:00:00,GHCND:US1MOBN0032,0
4,",,N,",PRCP,2017-01-01T00:00:00,GHCND:US1MOCE0007,0
5,",,N,",SNOW,2017-01-01T00:00:00,GHCND:US1MOCE0007,0
6,",,N,",PRCP,2017-01-01T00:00:00,GHCND:US1MOCE0008,0
7,",,N,",PRCP,2017-01-01T00:00:00,GHCND:US1MOCE0009,0
8,",,N,",SNOW,2017-01-01T00:00:00,GHCND:US1MOCE0009,0
9,",,N,",PRCP,2017-01-01T00:00:00,GHCND:US1MOCE0017,0
10,",,N,",SNOW,2017-01-01T00:00:00,GHCND:US1MOCE0017,0
11,",,N,",SNWD,2017-01-01T00:00:00,GHCND:US1MOCE0017,0
12,",,N,",WESD,2017-01-01T00:00:00,GHCND:US1MOCE0017,0
13,",,N,",WESF,2017-01-01T00:00:00,GHCND:US1MOCE0017,0
14,",,N,",PRCP,2017-01-01T00:00:00,GHCND:US1MOCW0009,0
15,",,N,",SNOW,2017-01-01T00:00:00,GHCND:US1MOCW0009,0
16,",,N,",PRCP,2017-01-01T00:00:00,GHCND:US1MOCW0012,0
17,",,N,",PRCP,2017-01-01T00:00:00,GHCND:US1MOFSA051,0
18,",,N,",SNOW,2017-01-01T00:00:00,GHCND:US1MOFSA051,0
19,",,7,0700",PRCP,2017-01-01T00:00:00,GHCND:USC00234271,0
20,",,7,",SNOW,2017-01-01T00:00:00,GHCND:USC00234271,0
21,",,7,",SNWD,2017-01-01T00:00:00,GHCND:USC00234271,0
22,",,7,0700",TMAX,2017-01-01T00:00:00,GHCND:USC00234271,106
23,",,7,0700",TMIN,2017-01-01T00:00:00,GHCND:USC00234271,-56
24,",,7,0700",TOBS,2017-01-01T00:00:00,GHCND:USC00234271,-50
25,",,H,",PRCP,2017-01-01T00:00:00,GHCND:USC00237497,0
26,",,W,",AWND,2017-01-01T00:00:00,GHCND:USW00003963,27
27,",,W,",PRCP,2017-01-01T00:00:00,GHCND:USW00003963,0
28,",,W,",SNOW,2017-01-01T00:00:00,GHCND:USW00003963,0
29,",,W,",SNWD,2017-01-01T00:00:00,GHCND:USW00003963,0
30,",,W,",TMAX,2017-01-01T00:00:00,GHCND:USW00003963,89
31,",,W,",TMIN,2017-01-01T00:00:00,GHCND:USW00003963,-77
32,",,W,",WDF2,2017-01-01T00:00:00,GHCND:USW00003963,100
33,",,W,",WDF5,2017-01-01T00:00:00,GHCND:USW00003963,100
34,",,W,",WSF2,2017-01-01T00:00:00,GHCND:USW00003963,67
35,",,W,",WSF5,2017-01-01T00:00:00,GHCND:USW00003963,85
36,",,W,",WT01,2017-01-01T00:00:00,GHCND:USW00003963,1
37,",,N,",PRCP,2017-01-02T00:00:00,GHCND:US1MOBN0007,0
38,",,N,",SNOW,2017-01-02T00:00:00,GHCND:US1MOBN0007,0
39,",,N,",PRCP,2017-01-02T00:00:00,GHCND:US1MOBN0032,0
40,",,N,",SNOW,2017-01-02T00:00:00,GHCND:US1MOBN0032,0
41,",,N,",PRCP,2017-01-02T00:00:00,GHCND:US1MOCE0007,0
42,"T,,N,",PRCP,2017-01-02T00:00:00,GHCND:US1MOCE0008,0
43,"T,,N,",PRCP,2017-01-02T00:00:00,GHCND:US1MOCE0009,0
44,",,N,",PRCP,2017-01-02T00:00:00,GHCND:US1MOCE0017,3
45,",,N,",SNOW,2017-01-02T00:00:00,GHCND:US1MOCE0017,0
46,",,N,",SNWD,2017-01-02T00:00:00,GHCND:US1MOCE0017,0
47,",,N,",WESD,2017-01-02T00:00:00,GHCND:US1MOCE0017,0
48,",,N,",WESF,2017-01-02T00:00:00,GHCND:US1MOCE0017,0
49,"T,,N,",PRCP,2017-01-02T00:00:00,GHCND:US1MOCW0009,0
50,"T,,N,",PRCP,2017-01-02T00:00:00,GHCND:US1MOCW0012,0
51,",,N,",PRCP,2017-01-02T00:00:00,GHCND:US1MOFSA051,0
52,",,N,",SNOW,2017-01-02T00:00:00,GHCND:US1MOFSA051,0
53,",,7,0700",PRCP,2017-01-02T00:00:00,GHCND:USC00234271,5
54,",,7,",SNOW,2017-01-02T00:00:00,GHCND:USC00234271,0
55,",,7,",SNWD,2017-01-02T00:00:00,GHCND:USC00234271,0
56,",,7,0700",TMAX,2017-01-02T00:00:00,GHCND:USC00234271,83
57,",,7,0700",TMIN,2017-01-02T00:00:00,GHCND:USC00234271,-50
58,",,7,0700",TOBS,2017-01-02T00:00:00,GHCND:USC00234271,39
59,",,H,",PRCP,2017-01-02T00:00:00,GHCND:USC00237497,0
60,",,W,",AWND,2017-01-02T00:00:00,GHCND:USW00003963,21
61,",,W,",PRCP,2017-01-02T00:00:00,GHCND:USW00003963,3
62,",,W,",SNOW,2017-01-02T00:00:00,GHCND:USW00003963,0
63,",,W,",SNWD,2017-01-02T00:00:00,GHCND:USW00003963,0
64,",,W,",TMAX,2017-01-02T00:00:00,GHCND:USW00003963,83
65,",,W,",TMIN,2017-01-02T00:00:00,GHCND:USW00003963,50
66,",,W,",WDF2,2017-01-02T00:00:00,GHCND:USW00003963,100
67,",,W,",WDF5,2017-01-02T00:00:00,GHCND:USW00003963,120
68,",,W,",WSF2,2017-01-02T00:00:00,GHCND:USW00003963,54
69,",,W,",WSF5,2017-01-02T00:00:00,GHCND:USW00003963,63
70,",,W,",WT01,2017-01-02T00:00:00,GHCND:USW00003963,1
71,",,W,",WT02,2017-01-02T00:00:00,GHCND:USW00003963,1
72,",,W,",WT08,2017-01-02T00:00:00,GHCND:USW00003963,1
73,",,N,",PRCP,2017-01-03T00:00:00,GHCND:US1MOBN0007,3
74,",,N,",PRCP,2017-01-03T00:00:00,GHCND:US1MOBN0032,43
75,",,N,",PRCP,2017-01-03T00:00:00,GHCND:US1MOCE0007,5
76,",,N,",PRCP,2017-01-03T00:00:00,GHCND:US1MOCE0008,5
77,",,N,",PRCP,2017-01-03T00:00:00,GHCND:US1MOCE0009,5
78,",,N,",PRCP,2017-01-03T00:00:00,GHCND:US1MOCE0017,3
79,",,N,",SNOW,2017-01-03T00:00:00,GHCND:US1MOCE0017,0
80,",,N,",SNWD,2017-01-03T00:00:00,GHCND:US1MOCE0017,0
81,",,N,",WESD,2017-01-03T00:00:00,GHCND:US1MOCE0017,0
82,",,N,",WESF,2017-01-03T00:00:00,GHCND:US1MOCE0017,0
83,",,N,",PRCP,2017-01-03T00:00:00,GHCND:US1MOCW0009,8
84,",,N,",PRCP,2017-01-03T00:00:00,GHCND:US1MOCW0012,10
85,",,N,",PRCP,2017-01-03T00:00:00,GHCND:US1MOFSA051,3
86,",,7,0700",PRCP,2017-01-03T00:00:00,GHCND:USC00234271,8
87,",,7,",SNOW,2017-01-03T00:00:00,GHCND:USC00234271,0
88,",,7,",SNWD,2017-01-03T00:00:00,GHCND:USC00234271,0
89,",,7,0700",TMAX,2017-01-03T00:00:00,GHCND:USC00234271,72
90,",,7,0700",TMIN,2017-01-03T00:00:00,GHCND:USC00234271,39
91,",,7,0700",TOBS,2017-01-03T00:00:00,GHCND:USC00234271,61
92,",,H,",PRCP,2017-01-03T00:00:00,GHCND:USC00237497,3
93,",,W,",AWND,2017-01-03T00:00:00,GHCND:USW00003963,49
94,",,W,",PRCP,2017-01-03T00:00:00,GHCND:USW00003963,0
95,",,W,",SNOW,2017-01-03T00:00:00,GHCND:USW00003963,0
96,",,W,",SNWD,2017-01-03T00:00:00,GHCND:USW00003963,0
97,",,W,",TMAX,2017-01-03T00:00:00,GHCND:USW00003963,78
98,",,W,",TMIN,2017-01-03T00:00:00,GHCND:USW00003963,-60
99,",,W,",WDF2,2017-01-03T00:00:00,GHCND:USW00003963,310
100,",,W,",WDF5,2017-01-03T00:00:00,GHCND:USW00003963,310
101,",,W,",WSF2,2017-01-03T00:00:00,GHCND:USW00003963,94
102,",,W,",WSF5,2017-01-03T00:00:00,GHCND:USW00003963,130
103,",,W,",WT01,2017-01-03T00:00:00,GHCND:USW00003963,1
104,",,W,",WT02,2017-01-03T00:00:00,GHCND:USW00003963,1
105,"T,,N,",PRCP,2017-01-04T00:00:00,GHCND:US1MOBN0007,0
106,",,N,",PRCP,2017-01-04T00:00:00,GHCND:US1MOBN0032,13
107,"T,,N,",PRCP,2017-01-04T00:00:00,GHCND:US1MOCE0009,0
108,",,N,",PRCP,2017-01-04T00:00:00,GHCND:US1MOCE0017,0
109,",,N,",SNOW,2017-01-04T00:00:00,GHCND:US1MOCE0017,0
110,",,N,",SNWD,2017-01-04T00:00:00,GHCND:US1MOCE0017,0
111,",,N,",WESD,2017-01-04T00:00:00,GHCND:US1MOCE0017,0
112,",,N,",WESF,2017-01-04T00:00:00,GHCND:US1MOCE0017,0
113,",,N,",PRCP,2017-01-04T00:00:00,GHCND:US1MOCW0009,5
114,",,N,",PRCP,2017-01-04T00:00:00,GHCND:US1MOCW0012,3
115,",,N,",PRCP,2017-01-04T00:00:00,GHCND:US1MOFSA051,8
116,",,7,0700",PRCP,2017-01-04T00:00:00,GHCND:USC00234271,0
117,",,7,",SNOW,2017-01-04T00:00:00,GHCND:USC00234271,0
118,",,7,",SNWD,2017-01-04T00:00:00,GHCND:USC00234271,0
119,",,7,0700",TMAX,2017-01-04T00:00:00,GHCND:USC00234271,61
120,",,7,0700",TMIN,2017-01-04T00:00:00,GHCND:USC00234271,-100
121,",,7,0700",TOBS,2017-01-04T00:00:00,GHCND:USC00234271,-100
122,",,H,",PRCP,2017-01-04T00:00:00,GHCND:USC00237497,0
123,",,W,",AWND,2017-01-04T00:00:00,GHCND:USW00003963,35
124,",,W,",PRCP,2017-01-04T00:00:00,GHCND:USW00003963,0
125,",,W,",SNOW,2017-01-04T00:00:00,GHCND:USW00003963,0
126,",,W,",SNWD,2017-01-04T00:00:00,GHCND:USW00003963,0
127,",,W,",TMAX,2017-01-04T00:00:00,GHCND:USW00003963,-38
128,",,W,",TMIN,2017-01-04T00:00:00,GHCND:USW00003963,-99
129,",,W,",WDF2,2017-01-04T00:00:00,GHCND:USW00003963,300
130,",,W,",WDF5,2017-01-04T00:00:00,GHCND:USW00003963,310
131,",,W,",WSF2,2017-01-04T00:00:00,GHCND:USW00003963,67
132,",,W,",WSF5,2017-01-04T00:00:00,GHCND:USW00003963,89
133,",,N,",PRCP,2017-01-05T00:00:00,GHCND:US1MOBN0007,15
134,",,N,",SNOW,2017-01-05T00:00:00,GHCND:US1MOBN0007,13
135,",,N,",PRCP,2017-01-05T00:00:00,GHCND:US1MOBN0032,15
136,",,N,",SNOW,2017-01-05T00:00:00,GHCND:US1MOBN0032,20
137,",,N,",SNWD,2017-01-05T00:00:00,GHCND:US1MOBN0032,25
138,",,N,",PRCP,2017-01-05T00:00:00,GHCND:US1MOCE0007,10
139,",,N,",SNOW,2017-01-05T00:00:00,GHCND:US1MOCE0007,15
140,",,N,",SNWD,2017-01-05T00:00:00,GHCND:US1MOCE0007,15
141,",,N,",WESF,2017-01-05T00:00:00,GHCND:US1MOCE0007,10
142,",,N,",PRCP,2017-01-05T00:00:00,GHCND:US1MOCE0009,10
143,",,N,",SNOW,2017-01-05T00:00:00,GHCND:US1MOCE0009,5
144,",,N,",PRCP,2017-01-05T00:00:00,GHCND:US1MOCE0017,5
145,",,N,",SNOW,2017-01-05T00:00:00,GHCND:US1MOCE0017,8
146,",,N,",SNWD,2017-01-05T00:00:00,GHCND:US1MOCE0017,0
147,",,N,",WESD,2017-01-05T00:00:00,GHCND:US1MOCE0017,0
148,",,N,",WESF,2017-01-05T00:00:00,GHCND:US1MOCE0017,5
149,",,N,",PRCP,2017-01-05T00:00:00,GHCND:US1MOCW0009,13
150,",,N,",SNOW,2017-01-05T00:00:00,GHCND:US1MOCW0009,25
151,",,N,",PRCP,2017-01-05T00:00:00,GHCND:US1MOCW0012,5
152,",,N,",SNOW,2017-01-05T00:00:00,GHCND:US1MOCW0012,13
153,",,N,",SNWD,2017-01-05T00:00:00,GHCND:US1MOCW0012,13
154,",,N,",WESD,2017-01-05T00:00:00,GHCND:US1MOCW0012,5
155,",,N,",WESF,2017-01-05T00:00:00,GHCND:US1MOCW0012,5
156,",,N,",PRCP,2017-01-05T00:00:00,GHCND:US1MOFSA051,13
157,",,N,",SNOW,2017-01-05T00:00:00,GHCND:US1MOFSA051,13
158,",,7,0700",PRCP,2017-01-05T00:00:00,GHCND:USC00234271,8
159,",,7,",SNOW,2017-01-05T00:00:00,GHCND:USC00234271,25
160,",,7,",SNWD,2017-01-05T00:00:00,GHCND:USC00234271,25
161,",,7,0700",TMAX,2017-01-05T00:00:00,GHCND:USC00234271,-39
162,",,7,0700",TMIN,2017-01-05T00:00:00,GHCND:USC00234271,-100
163,",,7,0700",TOBS,2017-01-05T00:00:00,GHCND:USC00234271,-94
164,",,W,",AWND,2017-01-05T00:00:00,GHCND:USW00003963,40
165,"T,,W,",PRCP,2017-01-05T00:00:00,GHCND:USW00003963,0
166,",,W,",TMAX,2017-01-05T00:00:00,GHCND:USW00003963,-55
167,",,W,",TMIN,2017-01-05T00:00:00,GHCND:USW00003963,-116
168,",,W,",WDF2,2017-01-05T00:00:00,GHCND:USW00003963,310
169,",,W,",WDF5,2017-01-05T00:00:00,GHCND:USW00003963,310
170,",,W,",WSF2,2017-01-05T00:00:00,GHCND:USW00003963,72
171,",,W,",WSF5,2017-01-05T00:00:00,GHCND:USW00003963,89
172,",,W,",WT01,2017-01-05T00:00:00,GHCND:USW00003963,1
173,",,N,",PRCP,2017-01-06T00:00:00,GHCND:US1MOBN0007,3
174,",,N,",SNOW,2017-01-06T00:00:00,GHCND:US1MOBN0007,3
175,",,N,",SNWD,2017-01-06T00:00:00,GHCND:US1MOBN0007,13
176,",,N,",PRCP,2017-01-06T00:00:00,GHCND:US1MOBN0032,3
177,"T,,N,",SNOW,2017-01-06T00:00:00,GHCND:US1MOBN0032,0
178,",,N,",SNWD,2017-01-06T00:00:00,GHCND:US1MOBN0032,13
179,"T,,N,",PRCP,2017-01-06T00:00:00,GHCND:US1MOCE0007,0
180,",,N,",PRCP,2017-01-06T00:00:00,GHCND:US1MOCE0009,0
181,",,N,",SNOW,2017-01-06T00:00:00,GHCND:US1MOCE0009,0
182,",,N,",SNWD,2017-01-06T00:00:00,GHCND:US1MOCE0009,8
183,",,N,",WESD,2017-01-06T00:00:00,GHCND:US1MOCE0009,25
184,",,N,",PRCP,2017-01-06T00:00:00,GHCND:US1MOCE0017,0
185,",,N,",SNOW,2017-01-06T00:00:00,GHCND:US1MOCE0017,0
186,",,N,",SNWD,2017-01-06T00:00:00,GHCND:US1MOCE0017,0
187,",,N,",WESD,2017-01-06T00:00:00,GHCND:US1MOCE0017,0
188,",,N,",WESF,2017-01-06T00:00:00,GHCND:US1MOCE0017,0
189,"T,,N,",PRCP,2017-01-06T00:00:00,GHCND:US1MOCW0009,0
190,",,N,",SNOW,2017-01-06T00:00:00,GHCND:US1MOCW0009,3
191,",,N,",SNWD,2017-01-06T00:00:00,GHCND:US1MOCW0009,25
192,",,N,",PRCP,2017-01-06T00:00:00,GHCND:US1MOCW0012,5
193,",,N,",SNOW,2017-01-06T00:00:00,GHCND:US1MOCW0012,13
194,",,N,",SNWD,2017-01-06T00:00:00,GHCND:US1MOCW0012,13
195,",,N,",WESD,2017-01-06T00:00:00,GHCND:US1MOCW0012,8
196,",,N,",WESF,2017-01-06T00:00:00,GHCND:US1MOCW0012,5
197,",,N,",PRCP,2017-01-06T00:00:00,GHCND:US1MOFSA051,5
198,",,N,",SNOW,2017-01-06T00:00:00,GHCND:US1MOFSA051,5
199,",,7,0700",PRCP,2017-01-06T00:00:00,GHCND:USC00234271,0
200,",,7,",SNOW,2017-01-06T00:00:00,GHCND:USC00234271,0
201,",,7,",SNWD,2017-01-06T00:00:00,GHCND:USC00234271,25
202,",,7,0700",TMAX,2017-01-06T00:00:00,GHCND:USC00234271,-83
203,",,7,0700",TMIN,2017-01-06T00:00:00,GHCND:USC00234271,-156
204,",,7,0700",TOBS,2017-01-06T00:00:00,GHCND:USC00234271,-156
205,",,W,",AWND,2017-01-06T00:00:00,GHCND:USW00003963,28
206,",,W,",PRCP,2017-01-06T00:00:00,GHCND:USW00003963,0
207,",,W,",SNOW,2017-01-06T00:00:00,GHCND:USW00003963,0
208,",,W,",TMAX,2017-01-06T00:00:00,GHCND:USW00003963,-99
209,",,W,",TMIN,2017-01-06T00:00:00,GHCND:USW00003963,-155
210,",,W,",WDF2,2017-01-06T00:00:00,GHCND:USW00003963,290
211,",,W,",WDF5,2017-01-06T00:00:00,GHCND:USW00003963,280
212,",,W,",WSF2,2017-01-06T00:00:00,GHCND:USW00003963,67
213,",,W,",WSF5,2017-01-06T00:00:00,GHCND:USW00003963,81
214,",,N,",PRCP,2017-01-07T00:00:00,GHCND:US1MOBN0007,0
215,",,N,",SNOW,2017-01-07T00:00:00,GHCND:US1MOBN0007,0
216,",,N,",PRCP,2017-01-07T00:00:00,GHCND:US1MOBN0032,0
217,",,N,",SNOW,2017-01-07T00:00:00,GHCND:US1MOBN0032,0
218,",,N,",PRCP,2017-01-07T00:00:00,GHCND:US1MOCE0007,0
219,",,N,",SNOW,2017-01-07T00:00:00,GHCND:US1MOCE0007,0
220,",,N,",PRCP,2017-01-07T00:00:00,GHCND:US1MOCE0009,0
221,",,N,",SNOW,2017-01-07T00:00:00,GHCND:US1MOCE0009,0
222,",I,N,",SNWD,2017-01-07T00:00:00,GHCND:US1MOCE0009,5
223,",,N,",WESD,2017-01-07T00:00:00,GHCND:US1MOCE0009,25
224,",,N,",PRCP,2017-01-07T00:00:00,GHCND:US1MOCE0017,0
225,",,N,",SNOW,2017-01-07T00:00:00,GHCND:US1MOCE0017,0
226,",,N,",SNWD,2017-01-07T00:00:00,GHCND:US1MOCE0017,0
227,",,N,",WESD,2017-01-07T00:00:00,GHCND:US1MOCE0017,0
228,",,N,",WESF,2017-01-07T00:00:00,GHCND:US1MOCE0017,0
229,",,N,",PRCP,2017-01-07T00:00:00,GHCND:US1MOCW0009,0
230,",,N,",SNOW,2017-01-07T00:00:00,GHCND:US1MOCW0009,0
231,",,N,",SNWD,2017-01-07T00:00:00,GHCND:US1MOCW0009,13
232,",,N,",PRCP,2017-01-07T00:00:00,GHCND:US1MOCW0012,0
233,"T,,N,",SNWD,2017-01-07T00:00:00,GHCND:US1MOCW0012,0
234,"T,,N,",WESD,2017-01-07T00:00:00,GHCND:US1MOCW0012,0
235,",,N,",PRCP,2017-01-07T00:00:00,GHCND:US1MOFSA051,0
236,",,N,",SNOW,2017-01-07T00:00:00,GHCND:US1MOFSA051,0
237,",,7,0700",PRCP,2017-01-07T00:00:00,GHCND:USC00234271,0
238,",,7,",SNOW,2017-01-07T00:00:00,GHCND:USC00234271,0
239,",,7,",SNWD,2017-01-07T00:00:00,GHCND:USC00234271,25
240,",,7,0700",TMAX,2017-01-07T00:00:00,GHCND:USC00234271,-94
241,",,7,0700",TMIN,2017-01-07T00:00:00,GHCND:USC00234271,-161
242,",,7,0700",TOBS,2017-01-07T00:00:00,GHCND:USC00234271,-161
243,",,H,",PRCP,2017-01-07T00:00:00,GHCND:USC00237497,0
244,",,W,",AWND,2017-01-07T00:00:00,GHCND:USW00003963,15
245,",,W,",PRCP,2017-01-07T00:00:00,GHCND:USW00003963,0
246,",,W,",SNOW,2017-01-07T00:00:00,GHCND:USW00003963,0
247,",,W,",TMAX,2017-01-07T00:00:00,GHCND:USW00003963,0
248,",,W,",TMIN,2017-01-07T00:00:00,GHCND:USW00003963,-177
249,",,W,",WDF2,2017-01-07T00:00:00,GHCND:USW00003963,270
250,",,W,",WDF5,2017-01-07T00:00:00,GHCND:USW00003963,250
251,",,W,",WSF2,2017-01-07T00:00:00,GHCND:USW00003963,54
252,",,W,",WSF5,2017-01-07T00:00:00,GHCND:USW00003963,63
253,",,N,",PRCP,2017-01-08T00:00:00,GHCND:US1MOBN0007,0
254,",,N,",SNOW,2017-01-08T00:00:00,GHCND:US1MOBN0007,0
255,",,N,",PRCP,2017-01-08T00:00:00,GHCND:US1MOBN0032,0
256,",,N,",SNOW,2017-01-08T00:00:00,GHCND:US1MOBN0032,0
257,",,N,",PRCP,2017-01-08T00:00:00,GHCND:US1MOCE0007,0
258,",,N,",SNOW,2017-01-08T00:00:00,GHCND:US1MOCE0007,0
259,",,N,",PRCP,2017-01-08T00:00:00,GHCND:US1MOCE0009,0
260,",I,N,",SNOW,2017-01-08T00:00:00,GHCND:US1MOCE0009,0
261,",I,N,",SNWD,2017-01-08T00:00:00,GHCND:US1MOCE0009,51
262,",,N,",WESD,2017-01-08T00:00:00,GHCND:US1MOCE0009,25
263,",,N,",PRCP,2017-01-08T00:00:00,GHCND:US1MOCE0017,0
264,",,N,",SNOW,2017-01-08T00:00:00,GHCND:US1MOCE0017,0
265,",,N,",SNWD,2017-01-08T00:00:00,GHCND:US1MOCE0017,0
266,",,N,",WESD,2017-01-08T00:00:00,GHCND:US1MOCE0017,0
267,",,N,",WESF,2017-01-08T00:00:00,GHCND:US1MOCE0017,0
268,",,N,",PRCP,2017-01-08T00:00:00,GHCND:US1MOCW0009,0
269,",,N,",SNOW,2017-01-08T00:00:00,GHCND:US1MOCW0009,0
270,",,N,",SNWD,2017-01-08T00:00:00,GHCND:US1MOCW0009,13
271,",,N,",PRCP,2017-01-08T00:00:00,GHCND:US1MOCW0012,0
272,",,N,",PRCP,2017-01-08T00:00:00,GHCND:US1MOFSA051,0
273,",,N,",SNOW,2017-01-08T00:00:00,GHCND:US1MOFSA051,0
274,",,7,0700",PRCP,2017-01-08T00:00:00,GHCND:USC00234271,0
275,",,7,",SNOW,2017-01-08T00:00:00,GHCND:USC00234271,0
276,"T,,7,",SNWD,2017-01-08T00:00:00,GHCND:USC00234271,0
277,",,7,0700",TMAX,2017-01-08T00:00:00,GHCND:USC00234271,0
278,",,7,0700",TMIN,2017-01-08T00:00:00,GHCND:USC00234271,-161
279,",,7,0700",TOBS,2017-01-08T00:00:00,GHCND:USC00234271,-117
280,",,H,",PRCP,2017-01-08T00:00:00,GHCND:USC00237497,0
281,",,W,",AWND,2017-01-08T00:00:00,GHCND:USW00003963,32
282,",,W,",PRCP,2017-01-08T00:00:00,GHCND:USW00003963,0
283,",,W,",SNOW,2017-01-08T00:00:00,GHCND:USW00003963,0
284,",,W,",TMAX,2017-01-08T00:00:00,GHCND:USW00003963,-10
285,",,W,",TMIN,2017-01-08T00:00:00,GHCND:USW00003963,-149
286,",,W,",WDF2,2017-01-08T00:00:00,GHCND:USW00003963,140
287,",,W,",WDF5,2017-01-08T00:00:00,GHCND:USW00003963,170
288,",,W,",WSF2,2017-01-08T00:00:00,GHCND:USW00003963,76
289,",,W,",WSF5,2017-01-08T00:00:00,GHCND:USW00003963,94
290,",,N,",PRCP,2017-01-09T00:00:00,GHCND:US1MOBN0007,0
291,",,N,",SNOW,2017-01-09T00:00:00,GHCND:US1MOBN0007,0
292,",,N,",PRCP,2017-01-09T00:00:00,GHCND:US1MOBN0032,0
293,",,N,",SNOW,2017-01-09T00:00:00,GHCND:US1MOBN0032,0
294,",,N,",PRCP,2017-01-09T00:00:00,GHCND:US1MOCE0007,0
295,",,N,",SNOW,2017-01-09T00:00:00,GHCND:US1MOCE0007,0
296,",,N,",PRCP,2017-01-09T00:00:00,GHCND:US1MOCE0009,0
297,",,N,",SNOW,2017-01-09T00:00:00,GHCND:US1MOCE0009,0
298,",,N,",PRCP,2017-01-09T00:00:00,GHCND:US1MOCE0017,0
299,",,N,",SNOW,2017-01-09T00:00:00,GHCND:US1MOCE0017,0
300,",,N,",SNWD,2017-01-09T00:00:00,GHCND:US1MOCE0017,0
301,",,N,",WESD,2017-01-09T00:00:00,GHCND:US1MOCE0017,0
302,",,N,",WESF,2017-01-09T00:00:00,GHCND:US1MOCE0017,0
303,",,N,",PRCP,2017-01-09T00:00:00,GHCND:US1MOCW0009,0
304,",,N,",SNOW,2017-01-09T00:00:00,GHCND:US1MOCW0009,0
305,",,N,",SNWD,2017-01-09T00:00:00,GHCND:US1MOCW0009,13
306,",,N,",PRCP,2017-01-09T00:00:00,GHCND:US1MOCW0012,0
307,",,N,",PRCP,2017-01-09T00:00:00,GHCND:US1MOFSA051,0
308,",,N,",SNOW,2017-01-09T00:00:00,GHCND:US1MOFSA051,0
309,",,7,0700",PRCP,2017-01-09T00:00:00,GHCND:USC00234271,0
310,",,7,",SNOW,2017-01-09T00:00:00,GHCND:USC00234271,0
311,"T,,7,",SNWD,2017-01-09T00:00:00,GHCND:USC00234271,0
312,",,7,0700",TMAX,2017-01-09T00:00:00,GHCND:USC00234271,-17
313,",,7,0700",TMIN,2017-01-09T00:00:00,GHCND:USC00234271,-117
314,",,7,0700",TOBS,2017-01-09T00:00:00,GHCND:USC00234271,-56
315,",,H,",PRCP,2017-01-09T00:00:00,GHCND:USC00237497,0
316,",,W,",AWND,2017-01-09T00:00:00,GHCND:USW00003963,47
317,",,W,",PRCP,2017-01-09T00:00:00,GHCND:USW00003963,0
318,",,W,",SNOW,2017-01-09T00:00:00,GHCND:USW00003963,0
319,",,W,",SNWD,2017-01-09T00:00:00,GHCND:USW00003963,0
320,",,W,",TMAX,2017-01-09T00:00:00,GHCND:USW00003963,94
321,",,W,",TMIN,2017-01-09T00:00:00,GHCND:USW00003963,-55
322,",,W,",WDF2,2017-01-09T00:00:00,GHCND:USW00003963,170
323,",,W,",WDF5,2017-01-09T00:00:00,GHCND:USW00003963,170
324,",,W,",WSF2,2017-01-09T00:00:00,GHCND:USW00003963,98
325,",,W,",WSF5,2017-01-09T00:00:00,GHCND:USW00003963,134
326,",,N,",PRCP,2017-01-10T00:00:00,GHCND:US1MOBN0007,0
327,",,N,",SNOW,2017-01-10T00:00:00,GHCND:US1MOBN0007,0
328,",,N,",PRCP,2017-01-10T00:00:00,GHCND:US1MOBN0032,0
329,",,N,",SNOW,2017-01-10T00:00:00,GHCND:US1MOBN0032,0
330,",,N,",PRCP,2017-01-10T00:00:00,GHCND:US1MOCE0007,0
331,",,N,",SNOW,2017-01-10T00:00:00,GHCND:US1MOCE0007,0
332,",,N,",PRCP,2017-01-10T00:00:00,GHCND:US1MOCE0017,0
333,",,N,",SNOW,2017-01-10T00:00:00,GHCND:US1MOCE0017,0
334,",,N,",SNWD,2017-01-10T00:00:00,GHCND:US1MOCE0017,0
335,",,N,",WESD,2017-01-10T00:00:00,GHCND:US1MOCE0017,0
336,",,N,",WESF,2017-01-10T00:00:00,GHCND:US1MOCE0017,0
337,",,N,",PRCP,2017-01-10T00:00:00,GHCND:US1MOCW0009,0
338,",,N,",SNOW,2017-01-10T00:00:00,GHCND:US1MOCW0009,0
339,",,N,",SNWD,2017-01-10T00:00:00,GHCND:US1MOCW0009,0
340,",,N,",PRCP,2017-01-10T00:00:00,GHCND:US1MOCW0012,0
341,",,N,",PRCP,2017-01-10T00:00:00,GHCND:US1MOFSA051,0
342,",,N,",SNOW,2017-01-10T00:00:00,GHCND:US1MOFSA051,0
343,",,7,0700",PRCP,2017-01-10T00:00:00,GHCND:USC00234271,0
344,",,7,",SNOW,2017-01-10T00:00:00,GHCND:USC00234271,0
345,",,7,",SNWD,2017-01-10T00:00:00,GHCND:USC00234271,0
346,",,7,0700",TMAX,2017-01-10T00:00:00,GHCND:USC00234271,122
347,",,7,0700",TMIN,2017-01-10T00:00:00,GHCND:USC00234271,-56
348,",,7,0700",TOBS,2017-01-10T00:00:00,GHCND:USC00234271,122
349,",,H,",PRCP,2017-01-10T00:00:00,GHCND:USC00237497,0
350,",,W,",AWND,2017-01-10T00:00:00,GHCND:USW00003963,66
351,",,W,",PRCP,2017-01-10T00:00:00,GHCND:USW00003963,0
352,",,W,",SNOW,2017-01-10T00:00:00,GHCND:USW00003963,0
353,",,W,",SNWD,2017-01-10T00:00:00,GHCND:USW00003963,0
354,",,W,",TMAX,2017-01-10T00:00:00,GHCND:USW00003963,194
355,",,W,",TMIN,2017-01-10T00:00:00,GHCND:USW00003963,-43
356,",,W,",WDF2,2017-01-10T00:00:00,GHCND:USW00003963,260
357,",,W,",WDF5,2017-01-10T00:00:00,GHCND:USW00003963,260
358,",,W,",WSF2,2017-01-10T00:00:00,GHCND:USW00003963,170
359,",,W,",WSF5,2017-01-10T00:00:00,GHCND:USW00003963,233
360,",,N,",PRCP,2017-01-11T00:00:00,GHCND:US1MOBN0007,3
361,",,N,",PRCP,2017-01-11T00:00:00,GHCND:US1MOBN0032,0
362,",,N,",SNOW,2017-01-11T00:00:00,GHCND:US1MOBN0032,0
363,",,N,",PRCP,2017-01-11T00:00:00,GHCND:US1MOCE0007,0
364,",,N,",SNOW,2017-01-11T00:00:00,GHCND:US1MOCE0007,0
365,"T,,N,",PRCP,2017-01-11T00:00:00,GHCND:US1MOCE0009,0
366,",,N,",PRCP,2017-01-11T00:00:00,GHCND:US1MOCE0017,0
367,",,N,",SNOW,2017-01-11T00:00:00,GHCND:US1MOCE0017,0
368,",,N,",SNWD,2017-01-11T00:00:00,GHCND:US1MOCE0017,0
369,",,N,",WESD,2017-01-11T00:00:00,GHCND:US1MOCE0017,0
370,",,N,",WESF,2017-01-11T00:00:00,GHCND:US1MOCE0017,0
371,",,N,",PRCP,2017-01-11T00:00:00,GHCND:US1MOCW0009,0
372,",,N,",SNOW,2017-01-11T00:00:00,GHCND:US1MOCW0009,0
373,"T,,N,",PRCP,2017-01-11T00:00:00,GHCND:US1MOCW0012,0
374,"T,,N,",PRCP,2017-01-11T00:00:00,GHCND:US1MOFSA051,0
375,",,7,0700",PRCP,2017-01-11T00:00:00,GHCND:USC00234271,0
376,",,7,",SNOW,2017-01-11T00:00:00,GHCND:USC00234271,0
377,",,7,",SNWD,2017-01-11T00:00:00,GHCND:USC00234271,0
378,",,7,0700",TMAX,2017-01-11T00:00:00,GHCND:USC00234271,189
379,",,7,0700",TMIN,2017-01-11T00:00:00,GHCND:USC00234271,-11
380,",,7,0700",TOBS,2017-01-11T00:00:00,GHCND:USC00234271,11
381,",,H,",PRCP,2017-01-11T00:00:00,GHCND:USC00237497,0
382,",,W,",AWND,2017-01-11T00:00:00,GHCND:USW00003963,51
383,",,W,",PRCP,2017-01-11T00:00:00,GHCND:USW00003963,0
384,",,W,",SNOW,2017-01-11T00:00:00,GHCND:USW00003963,0
385,",,W,",SNWD,2017-01-11T00:00:00,GHCND:USW00003963,0
386,",,W,",TMAX,2017-01-11T00:00:00,GHCND:USW00003963,233
387,",,W,",TMIN,2017-01-11T00:00:00,GHCND:USW00003963,-43
388,",,W,",WDF2,2017-01-11T00:00:00,GHCND:USW00003963,200
389,",,W,",WDF5,2017-01-11T00:00:00,GHCND:USW00003963,180
390,",,W,",WSF2,2017-01-11T00:00:00,GHCND:USW00003963,143
391,",,W,",WSF5,2017-01-11T00:00:00,GHCND:USW00003963,188
392,",,N,",PRCP,2017-01-12T00:00:00,GHCND:US1MOBN0007,0
393,",,N,",SNOW,2017-01-12T00:00:00,GHCND:US1MOBN0007,0
394,"T,,N,",PRCP,2017-01-12T00:00:00,GHCND:US1MOBN0032,0
395,",,N,",PRCP,2017-01-12T00:00:00,GHCND:US1MOCE0009,0
396,",,N,",SNOW,2017-01-12T00:00:00,GHCND:US1MOCE0009,0
397,",,N,",PRCP,2017-01-12T00:00:00,GHCND:US1MOCE0017,0
398,",,N,",SNOW,2017-01-12T00:00:00,GHCND:US1MOCE0017,0
399,",,N,",SNWD,2017-01-12T00:00:00,GHCND:US1MOCE0017,0
400,",,N,",WESD,2017-01-12T00:00:00,GHCND:US1MOCE0017,0
401,",,N,",WESF,2017-01-12T00:00:00,GHCND:US1MOCE0017,0
402,",,N,",PRCP,2017-01-12T00:00:00,GHCND:US1MOCW0009,0
403,",,N,",SNOW,2017-01-12T00:00:00,GHCND:US1MOCW0009,0
404,",,N,",PRCP,2017-01-12T00:00:00,GHCND:US1MOCW0012,0
405,",,N,",PRCP,2017-01-12T00:00:00,GHCND:US1MOFSA051,0
406,",,N,",SNOW,2017-01-12T00:00:00,GHCND:US1MOFSA051,0
407,",,7,0700",PRCP,2017-01-12T00:00:00,GHCND:USC00234271,5
408,",,7,",SNOW,2017-01-12T00:00:00,GHCND:USC00234271,0
409,",,7,",SNWD,2017-01-12T00:00:00,GHCND:USC00234271,0
410,",,7,0700",TMAX,2017-01-12T00:00:00,GHCND:USC00234271,228
411,",,7,0700",TMIN,2017-01-12T00:00:00,GHCND:USC00234271,-33
412,",,7,0700",TOBS,2017-01-12T00:00:00,GHCND:USC00234271,-33
413,",,W,",AWND,2017-01-12T00:00:00,GHCND:USW00003963,32
414,",,W,",PRCP,2017-01-12T00:00:00,GHCND:USW00003963,0
415,",,W,",SNOW,2017-01-12T00:00:00,GHCND:USW00003963,0
416,",,W,",SNWD,2017-01-12T00:00:00,GHCND:USW00003963,0
417,",,W,",TMAX,2017-01-12T00:00:00,GHCND:USW00003963,56
418,",,W,",TMIN,2017-01-12T00:00:00,GHCND:USW00003963,-38
419,",,W,",WDF2,2017-01-12T00:00:00,GHCND:USW00003963,330
420,",,W,",WDF5,2017-01-12T00:00:00,GHCND:USW00003963,330
421,",,W,",WSF2,2017-01-12T00:00:00,GHCND:USW00003963,72
422,",,W,",WSF5,2017-01-12T00:00:00,GHCND:USW00003963,94
423,",,W,",WT01,2017-01-12T00:00:00,GHCND:USW00003963,1
424,",,W,",WT08,2017-01-12T00:00:00,GHCND:USW00003963,1
425,",,N,",PRCP,2017-01-13T00:00:00,GHCND:US1MOBN0007,0
426,",,N,",SNOW,2017-01-13T00:00:00,GHCND:US1MOBN0007,0
427,",,N,",PRCP,2017-01-13T00:00:00,GHCND:US1MOBN0032,0
428,",,N,",SNOW,2017-01-13T00:00:00,GHCND:US1MOBN0032,0
429,",,N,",PRCP,2017-01-13T00:00:00,GHCND:US1MOCE0007,0
430,",,N,",PRCP,2017-01-13T00:00:00,GHCND:US1MOCE0009,0
431,",,N,",SNOW,2017-01-13T00:00:00,GHCND:US1MOCE0009,0
432,",,N,",PRCP,2017-01-13T00:00:00,GHCND:US1MOCE0017,0
433,",,N,",SNOW,2017-01-13T00:00:00,GHCND:US1MOCE0017,0
434,",,N,",SNWD,2017-01-13T00:00:00,GHCND:US1MOCE0017,0
435,",,N,",WESD,2017-01-13T00:00:00,GHCND:US1MOCE0017,0
436,",,N,",WESF,2017-01-13T00:00:00,GHCND:US1MOCE0017,0
437,"T,,N,",PRCP,2017-01-13T00:00:00,GHCND:US1MOCW0009,0
438,",,N,",SNOW,2017-01-13T00:00:00,GHCND:US1MOCW0009,0
439,",,N,",PRCP,2017-01-13T00:00:00,GHCND:US1MOCW0012,0
440,",,N,",PRCP,2017-01-13T00:00:00,GHCND:US1MOFSA051,43
441,",,N,",SNOW,2017-01-13T00:00:00,GHCND:US1MOFSA051,5
442,",,7,0700",PRCP,2017-01-13T00:00:00,GHCND:USC00234271,0
443,",,7,",SNOW,2017-01-13T00:00:00,GHCND:USC00234271,0
444,",,7,",SNWD,2017-01-13T00:00:00,GHCND:USC00234271,0
445,",,7,0700",TMAX,2017-01-13T00:00:00,GHCND:USC00234271,0
446,",,7,0700",TMIN,2017-01-13T00:00:00,GHCND:USC00234271,-56
447,",,7,0700",TOBS,2017-01-13T00:00:00,GHCND:USC00234271,-50
448,",,H,",PRCP,2017-01-13T00:00:00,GHCND:USC00237497,0
449,",,W,",AWND,2017-01-13T00:00:00,GHCND:USW00003963,31
450,"T,,W,",PRCP,2017-01-13T00:00:00,GHCND:USW00003963,0
451,",,W,",SNWD,2017-01-13T00:00:00,GHCND:USW00003963,0
452,",,W,",TMAX,2017-01-13T00:00:00,GHCND:USW00003963,-16
453,",,W,",TMIN,2017-01-13T00:00:00,GHCND:USW00003963,-43
454,",,W,",WDF2,2017-01-13T00:00:00,GHCND:USW00003963,70
455,",,W,",WDF5,2017-01-13T00:00:00,GHCND:USW00003963,80
456,",,W,",WSF2,2017-01-13T00:00:00,GHCND:USW00003963,72
457,",,W,",WSF5,2017-01-13T00:00:00,GHCND:USW00003963,85
458,",,W,",WT01,2017-01-13T00:00:00,GHCND:USW00003963,1
459,",,W,",WT06,2017-01-13T00:00:00,GHCND:USW00003963,1
460,",,N,",PRCP,2017-01-14T00:00:00,GHCND:US1MOBN0007,13
461,",,N,",PRCP,2017-01-14T00:00:00,GHCND:US1MOBN0032,15
462,",,N,",PRCP,2017-01-14T00:00:00,GHCND:US1MOCE0009,38
463,",,N,",PRCP,2017-01-14T00:00:00,GHCND:US1MOCE0017,51
464,",,N,",SNOW,2017-01-14T00:00:00,GHCND:US1MOCE0017,0
465,",,N,",SNWD,2017-01-14T00:00:00,GHCND:US1MOCE0017,3
466,",,N,",WESD,2017-01-14T00:00:00,GHCND:US1MOCE0017,51
467,",,N,",WESF,2017-01-14T00:00:00,GHCND:US1MOCE0017,0
468,",,N,",PRCP,2017-01-14T00:00:00,GHCND:US1MOCW0009,30
469,",,N,",PRCP,2017-01-14T00:00:00,GHCND:US1MOCW0012,25
470,",,N,",PRCP,2017-01-14T00:00:00,GHCND:US1MOFSA051,69
471,",,N,",SNOW,2017-01-14T00:00:00,GHCND:US1MOFSA051,8
472,",,7,0700",PRCP,2017-01-14T00:00:00,GHCND:USC00234271,36
473,",,7,",SNOW,2017-01-14T00:00:00,GHCND:USC00234271,0
474,"T,,7,",SNWD,2017-01-14T00:00:00,GHCND:USC00234271,0
475,",,7,0700",TMAX,2017-01-14T00:00:00,GHCND:USC00234271,-17
476,",,7,0700",TMIN,2017-01-14T00:00:00,GHCND:USC00234271,-50
477,",,7,0700",TOBS,2017-01-14T00:00:00,GHCND:USC00234271,-22
478,",,7,",WT06,2017-01-14T00:00:00,GHCND:USC00234271,1
479,",,H,",PRCP,2017-01-14T00:00:00,GHCND:USC00237497,8
480,",,W,",AWND,2017-01-14T00:00:00,GHCND:USW00003963,14
481,",,W,",PGTM,2017-01-14T00:00:00,GHCND:USW00003963,5
482,"T,,W,",PRCP,2017-01-14T00:00:00,GHCND:USW00003963,0
483,",,W,",TMAX,2017-01-14T00:00:00,GHCND:USW00003963,6
484,",,W,",TMIN,2017-01-14T00:00:00,GHCND:USW00003963,-16
485,",,W,",WDF2,2017-01-14T00:00:00,GHCND:USW00003963,100
486,",,W,",WDF5,2017-01-14T00:00:00,GHCND:USW00003963,100
487,",,W,",WSF2,2017-01-14T00:00:00,GHCND:USW00003963,36
488,",,W,",WSF5,2017-01-14T00:00:00,GHCND:USW00003963,45
489,"T,,N,",PRCP,2017-01-15T00:00:00,GHCND:US1MOBN0007,0
490,",,N,",PRCP,2017-01-15T00:00:00,GHCND:US1MOBN0032,10
491,",,N,",PRCP,2017-01-15T00:00:00,GHCND:US1MOCE0009,25
492,",,N,",PRCP,2017-01-15T00:00:00,GHCND:US1MOCE0017,114
493,",,N,",SNOW,2017-01-15T00:00:00,GHCND:US1MOCE0017,0
494,",,N,",SNWD,2017-01-15T00:00:00,GHCND:US1MOCE0017,0
495,",,N,",WESD,2017-01-15T00:00:00,GHCND:US1MOCE0017,0
496,",,N,",WESF,2017-01-15T00:00:00,GHCND:US1MOCE0017,0
497,",,N,",PRCP,2017-01-15T00:00:00,GHCND:US1MOCW0009,10
498,",,N,",PRCP,2017-01-15T00:00:00,GHCND:US1MOCW0012,20
499,",,N,",PRCP,2017-01-15T00:00:00,GHCND:US1MOFSA051,46
500,",,N,",SNOW,2017-01-15T00:00:00,GHCND:US1MOFSA051,5
501,",,7,0700",PRCP,2017-01-15T00:00:00,GHCND:USC00234271,30
502,",,7,",SNOW,2017-01-15T00:00:00,GHCND:USC00234271,0
503,"T,,7,",SNWD,2017-01-15T00:00:00,GHCND:USC00234271,0
504,",,7,0700",TMAX,2017-01-15T00:00:00,GHCND:USC00234271,-6
505,",,7,0700",TMIN,2017-01-15T00:00:00,GHCND:USC00234271,-22
506,",,7,0700",TOBS,2017-01-15T00:00:00,GHCND:USC00234271,-6
507,",,7,",WT06,2017-01-15T00:00:00,GHCND:USC00234271,1
508,",,H,",PRCP,2017-01-15T00:00:00,GHCND:USC00237497,51
509,",,W,",AWND,2017-01-15T00:00:00,GHCND:USW00003963,26
510,",,W,",PRCP,2017-01-15T00:00:00,GHCND:USW00003963,91
511,",,W,",SNOW,2017-01-15T00:00:00,GHCND:USW00003963,0
512,",,W,",TMAX,2017-01-15T00:00:00,GHCND:USW00003963,17
513,",,W,",TMIN,2017-01-15T00:00:00,GHCND:USW00003963,-5
514,",,W,",WDF2,2017-01-15T00:00:00,GHCND:USW00003963,110
515,",,W,",WDF5,2017-01-15T00:00:00,GHCND:USW00003963,110
516,",,W,",WSF2,2017-01-15T00:00:00,GHCND:USW00003963,54
517,",,W,",WSF5,2017-01-15T00:00:00,GHCND:USW00003963,67
518,",,W,",WT01,2017-01-15T00:00:00,GHCND:USW00003963,1
519,",,W,",WT06,2017-01-15T00:00:00,GHCND:USW00003963,1
520,",,N,",PRCP,2017-01-16T00:00:00,GHCND:US1MOBN0007,64
521,",,N,",PRCP,2017-01-16T00:00:00,GHCND:US1MOBN0032,30
522,",,N,",PRCP,2017-01-16T00:00:00,GHCND:US1MOCE0009,56
523,",,N,",PRCP,2017-01-16T00:00:00,GHCND:US1MOCE0017,38
524,",,N,",SNOW,2017-01-16T00:00:00,GHCND:US1MOCE0017,0
525,",,N,",SNWD,2017-01-16T00:00:00,GHCND:US1MOCE0017,0
526,",,N,",WESD,2017-01-16T00:00:00,GHCND:US1MOCE0017,0
527,",,N,",WESF,2017-01-16T00:00:00,GHCND:US1MOCE0017,0
528,",,N,",PRCP,2017-01-16T00:00:00,GHCND:US1MOCW0009,56
529,",,N,",PRCP,2017-01-16T00:00:00,GHCND:US1MOCW0012,51
530,",,N,",PRCP,2017-01-16T00:00:00,GHCND:US1MOFSA051,56
531,",,N,",SNOW,2017-01-16T00:00:00,GHCND:US1MOFSA051,3
532,",,7,0700",PRCP,2017-01-16T00:00:00,GHCND:USC00234271,71
533,",,7,",SNOW,2017-01-16T00:00:00,GHCND:USC00234271,0
534,",,7,",SNWD,2017-01-16T00:00:00,GHCND:USC00234271,0
535,",,7,0700",TMAX,2017-01-16T00:00:00,GHCND:USC00234271,33
536,",,7,0700",TMIN,2017-01-16T00:00:00,GHCND:USC00234271,-6
537,",,7,0700",TOBS,2017-01-16T00:00:00,GHCND:USC00234271,33
538,",,H,",PRCP,2017-01-16T00:00:00,GHCND:USC00237497,102
539,",,W,",AWND,2017-01-16T00:00:00,GHCND:USW00003963,43
540,",,W,",PRCP,2017-01-16T00:00:00,GHCND:USW00003963,64
541,",,W,",SNOW,2017-01-16T00:00:00,GHCND:USW00003963,0
542,",,W,",SNWD,2017-01-16T00:00:00,GHCND:USW00003963,0
543,",,W,",TMAX,2017-01-16T00:00:00,GHCND:USW00003963,139
544,",,W,",TMIN,2017-01-16T00:00:00,GHCND:USW00003963,17
545,",,W,",WDF2,2017-01-16T00:00:00,GHCND:USW00003963,270
546,",,W,",WDF5,2017-01-16T00:00:00,GHCND:USW00003963,260
547,",,W,",WSF2,2017-01-16T00:00:00,GHCND:USW00003963,103
548,",,W,",WSF5,2017-01-16T00:00:00,GHCND:USW00003963,130
549,",,W,",WT01,2017-01-16T00:00:00,GHCND:USW00003963,1
550,",,W,",WT03,2017-01-16T00:00:00,GHCND:USW00003963,1
551,",,N,",PRCP,2017-01-17T00:00:00,GHCND:US1MOBN0007,58
552,",,N,",PRCP,2017-01-17T00:00:00,GHCND:US1MOBN0032,53
553,",,N,",PRCP,2017-01-17T00:00:00,GHCND:US1MOCE0007,20
554,",,N,",PRCP,2017-01-17T00:00:00,GHCND:US1MOCE0009,46
555,",,N,",PRCP,2017-01-17T00:00:00,GHCND:US1MOCE0017,15
556,",,N,",SNOW,2017-01-17T00:00:00,GHCND:US1MOCE0017,0
557,",,N,",SNWD,2017-01-17T00:00:00,GHCND:US1MOCE0017,0
558,",,N,",WESD,2017-01-17T00:00:00,GHCND:US1MOCE0017,0
559,",,N,",WESF,2017-01-17T00:00:00,GHCND:US1MOCE0017,0
560,",,N,",PRCP,2017-01-17T00:00:00,GHCND:US1MOCW0009,71
561,",,N,",PRCP,2017-01-17T00:00:00,GHCND:US1MOCW0012,74
562,",,N,",PRCP,2017-01-17T00:00:00,GHCND:US1MOFSA051,0
563,",,N,",SNOW,2017-01-17T00:00:00,GHCND:US1MOFSA051,0
564,",,7,0700",PRCP,2017-01-17T00:00:00,GHCND:USC00234271,69
565,",,7,",SNOW,2017-01-17T00:00:00,GHCND:USC00234271,0
566,",,7,",SNWD,2017-01-17T00:00:00,GHCND:USC00234271,0
567,",,7,0700",TMAX,2017-01-17T00:00:00,GHCND:USC00234271,133
568,",,7,0700",TOBS,2017-01-17T00:00:00,GHCND:USC00234271,39
569,",,H,",PRCP,2017-01-17T00:00:00,GHCND:USC00237497,36
570,",,W,",AWND,2017-01-17T00:00:00,GHCND:USW00003963,48
571,",,W,",PRCP,2017-01-17T00:00:00,GHCND:USW00003963,0
572,",,W,",SNOW,2017-01-17T00:00:00,GHCND:USW00003963,0
573,",,W,",SNWD,2017-01-17T00:00:00,GHCND:USW00003963,0
574,",,W,",TMAX,2017-01-17T00:00:00,GHCND:USW00003963,61
575,",,W,",TMIN,2017-01-17T00:00:00,GHCND:USW00003963,39
576,",,W,",WDF2,2017-01-17T00:00:00,GHCND:USW00003963,280
577,",,W,",WDF5,2017-01-17T00:00:00,GHCND:USW00003963,270
578,",,W,",WSF2,2017-01-17T00:00:00,GHCND:USW00003963,81
579,",,W,",WSF5,2017-01-17T00:00:00,GHCND:USW00003963,112
580,",,W,",WT01,2017-01-17T00:00:00,GHCND:USW00003963,1
581,",,N,",PRCP,2017-01-18T00:00:00,GHCND:US1MOBN0007,3
582,",,N,",PRCP,2017-01-18T00:00:00,GHCND:US1MOBN0032,5
583,"T,,N,",PRCP,2017-01-18T00:00:00,GHCND:US1MOCE0009,0
584,",,N,",PRCP,2017-01-18T00:00:00,GHCND:US1MOCE0017,0
585,",,N,",SNOW,2017-01-18T00:00:00,GHCND:US1MOCE0017,0
586,",,N,",SNWD,2017-01-18T00:00:00,GHCND:US1MOCE0017,0
587,",,N,",WESD,2017-01-18T00:00:00,GHCND:US1MOCE0017,0
588,",,N,",WESF,2017-01-18T00:00:00,GHCND:US1MOCE0017,0
589,",,N,",PRCP,2017-01-18T00:00:00,GHCND:US1MOCW0009,3
590,"T,,N,",PRCP,2017-01-18T00:00:00,GHCND:US1MOCW0012,0
591,",,N,",PRCP,2017-01-18T00:00:00,GHCND:US1MOFSA051,0
592,",,N,",SNOW,2017-01-18T00:00:00,GHCND:US1MOFSA051,0
593,",,7,0700",PRCP,2017-01-18T00:00:00,GHCND:USC00234271,0
594,",,7,",SNOW,2017-01-18T00:00:00,GHCND:USC00234271,0
595,",,7,",SNWD,2017-01-18T00:00:00,GHCND:USC00234271,0
596,",,7,0700",TMAX,2017-01-18T00:00:00,GHCND:USC00234271,44
597,",,7,0700",TMIN,2017-01-18T00:00:00,GHCND:USC00234271,17
598,",,7,0700",TOBS,2017-01-18T00:00:00,GHCND:USC00234271,17
599,",,H,",PRCP,2017-01-18T00:00:00,GHCND:USC00237497,0
600,",,W,",AWND,2017-01-18T00:00:00,GHCND:USW00003963,25
601,",,W,",PRCP,2017-01-18T00:00:00,GHCND:USW00003963,0
602,",,W,",SNOW,2017-01-18T00:00:00,GHCND:USW00003963,0
603,",,W,",SNWD,2017-01-18T00:00:00,GHCND:USW00003963,0
604,",,W,",TMAX,2017-01-18T00:00:00,GHCND:USW00003963,100
605,",,W,",TMIN,2017-01-18T00:00:00,GHCND:USW00003963,22
606,",,W,",WDF2,2017-01-18T00:00:00,GHCND:USW00003963,260
607,",,W,",WDF5,2017-01-18T00:00:00,GHCND:USW00003963,260
608,",,W,",WSF2,2017-01-18T00:00:00,GHCND:USW00003963,54
609,",,W,",WSF5,2017-01-18T00:00:00,GHCND:USW00003963,63
610,",,N,",PRCP,2017-01-19T00:00:00,GHCND:US1MOBN0007,58
611,",,N,",PRCP,2017-01-19T00:00:00,GHCND:US1MOBN0032,56
612,",,N,",PRCP,2017-01-19T00:00:00,GHCND:US1MOCE0007,36
613,",,N,",PRCP,2017-01-19T00:00:00,GHCND:US1MOCE0009,13
614,",,N,",PRCP,2017-01-19T00:00:00,GHCND:US1MOCE0017,15
615,",,N,",SNOW,2017-01-19T00:00:00,GHCND:US1MOCE0017,0
616,",,N,",SNWD,2017-01-19T00:00:00,GHCND:US1MOCE0017,0
617,",,N,",WESD,2017-01-19T00:00:00,GHCND:US1MOCE0017,0
618,",,N,",WESF,2017-01-19T00:00:00,GHCND:US1MOCE0017,0
619,",,N,",PRCP,2017-01-19T00:00:00,GHCND:US1MOCW0009,64
620,",,N,",PRCP,2017-01-19T00:00:00,GHCND:US1MOCW0012,23
621,",,N,",PRCP,2017-01-19T00:00:00,GHCND:US1MOFSA051,8
622,",,7,0700",PRCP,2017-01-19T00:00:00,GHCND:USC00234271,8
623,",,7,",SNOW,2017-01-19T00:00:00,GHCND:USC00234271,0
624,",,7,",SNWD,2017-01-19T00:00:00,GHCND:USC00234271,0
625,",,7,0700",TMAX,2017-01-19T00:00:00,GHCND:USC00234271,100
626,",,7,0700",TMIN,2017-01-19T00:00:00,GHCND:USC00234271,17
627,",,7,0700",TOBS,2017-01-19T00:00:00,GHCND:USC00234271,56
628,",,H,",PRCP,2017-01-19T00:00:00,GHCND:USC00237497,0
629,",,W,",AWND,2017-01-19T00:00:00,GHCND:USW00003963,23
630,",,W,",PRCP,2017-01-19T00:00:00,GHCND:USW00003963,3
631,",,W,",SNOW,2017-01-19T00:00:00,GHCND:USW00003963,0
632,",,W,",SNWD,2017-01-19T00:00:00,GHCND:USW00003963,0
633,",,W,",TMAX,2017-01-19T00:00:00,GHCND:USW00003963,94
634,",,W,",TMIN,2017-01-19T00:00:00,GHCND:USW00003963,67
635,",,W,",WDF2,2017-01-19T00:00:00,GHCND:USW00003963,120
636,",,W,",WDF5,2017-01-19T00:00:00,GHCND:USW00003963,120
637,",,W,",WSF2,2017-01-19T00:00:00,GHCND:USW00003963,58
638,",,W,",WSF5,2017-01-19T00:00:00,GHCND:USW00003963,63
639,",,W,",WT01,2017-01-19T00:00:00,GHCND:USW00003963,1
640,",,N,",PRCP,2017-01-20T00:00:00,GHCND:US1MOBN0007,5
641,",,N,",PRCP,2017-01-20T00:00:00,GHCND:US1MOBN0032,8
642,"T,,N,",PRCP,2017-01-20T00:00:00,GHCND:US1MOCE0007,0
643,",,N,",PRCP,2017-01-20T00:00:00,GHCND:US1MOCE0009,3
644,",,N,",PRCP,2017-01-20T00:00:00,GHCND:US1MOCE0017,5
645,",,N,",SNOW,2017-01-20T00:00:00,GHCND:US1MOCE0017,0
646,",,N,",SNWD,2017-01-20T00:00:00,GHCND:US1MOCE0017,0
647,",,N,",WESD,2017-01-20T00:00:00,GHCND:US1MOCE0017,0
648,",,N,",WESF,2017-01-20T00:00:00,GHCND:US1MOCE0017,0
649,",,N,",PRCP,2017-01-20T00:00:00,GHCND:US1MOCW0012,5
650,",,N,",PRCP,2017-01-20T00:00:00,GHCND:US1MOFSA051,0
651,",,N,",SNOW,2017-01-20T00:00:00,GHCND:US1MOFSA051,0
652,",,7,0700",PRCP,2017-01-20T00:00:00,GHCND:USC00234271,0
653,",,7,",SNOW,2017-01-20T00:00:00,GHCND:USC00234271,0
654,",,7,",SNWD,2017-01-20T00:00:00,GHCND:USC00234271,0
655,",,7,0700",TMAX,2017-01-20T00:00:00,GHCND:USC00234271,89
656,",,7,0700",TMIN,2017-01-20T00:00:00,GHCND:USC00234271,50
657,",,7,0700",TOBS,2017-01-20T00:00:00,GHCND:USC00234271,78
658,",,7,",WT01,2017-01-20T00:00:00,GHCND:USC00234271,1
659,",,H,",PRCP,2017-01-20T00:00:00,GHCND:USC00237497,3
660,",,W,",AWND,2017-01-20T00:00:00,GHCND:USW00003963,28
661,"T,,W,",PRCP,2017-01-20T00:00:00,GHCND:USW00003963,0
662,",,W,",SNOW,2017-01-20T00:00:00,GHCND:USW00003963,0
663,",,W,",SNWD,2017-01-20T00:00:00,GHCND:USW00003963,0
664,",,W,",TMAX,2017-01-20T00:00:00,GHCND:USW00003963,133
665,",,W,",TMIN,2017-01-20T00:00:00,GHCND:USW00003963,56
666,",,W,",WDF2,2017-01-20T00:00:00,GHCND:USW00003963,150
667,",,W,",WDF5,2017-01-20T00:00:00,GHCND:USW00003963,130
668,",,W,",WSF2,2017-01-20T00:00:00,GHCND:USW00003963,58
669,",,W,",WSF5,2017-01-20T00:00:00,GHCND:USW00003963,67
670,",,W,",WT01,2017-01-20T00:00:00,GHCND:USW00003963,1
671,",,W,",WT02,2017-01-20T00:00:00,GHCND:USW00003963,1
672,",,N,",PRCP,2017-01-21T00:00:00,GHCND:US1MOBN0007,3
673,",,N,",PRCP,2017-01-21T00:00:00,GHCND:US1MOBN0032,0
674,",,N,",SNOW,2017-01-21T00:00:00,GHCND:US1MOBN0032,0
675,",,N,",PRCP,2017-01-21T00:00:00,GHCND:US1MOCE0009,0
676,",,N,",SNOW,2017-01-21T00:00:00,GHCND:US1MOCE0009,0
677,",,N,",PRCP,2017-01-21T00:00:00,GHCND:US1MOCE0017,0
678,",,N,",SNOW,2017-01-21T00:00:00,GHCND:US1MOCE0017,0
679,",,N,",SNWD,2017-01-21T00:00:00,GHCND:US1MOCE0017,0
680,",,N,",WESD,2017-01-21T00:00:00,GHCND:US1MOCE0017,0
681,",,N,",WESF,2017-01-21T00:00:00,GHCND:US1MOCE0017,0
682,",,N,",PRCP,2017-01-21T00:00:00,GHCND:US1MOCW0012,0
683,",,N,",PRCP,2017-01-21T00:00:00,GHCND:US1MOFSA051,0
684,",,N,",SNOW,2017-01-21T00:00:00,GHCND:US1MOFSA051,0
685,",,7,0700",PRCP,2017-01-21T00:00:00,GHCND:USC00234271,5
686,",,7,",SNOW,2017-01-21T00:00:00,GHCND:USC00234271,0
687,",,7,",SNWD,2017-01-21T00:00:00,GHCND:USC00234271,0
688,",,7,0700",TMAX,2017-01-21T00:00:00,GHCND:USC00234271,128
689,",,7,0700",TMIN,2017-01-21T00:00:00,GHCND:USC00234271,61
690,",,7,0700",TOBS,2017-01-21T00:00:00,GHCND:USC00234271,100
691,",,H,",PRCP,2017-01-21T00:00:00,GHCND:USC00237497,0
692,",,W,",AWND,2017-01-21T00:00:00,GHCND:USW00003963,26
693,",,W,",PRCP,2017-01-21T00:00:00,GHCND:USW00003963,10
694,",,W,",SNOW,2017-01-21T00:00:00,GHCND:USW00003963,0
695,",,W,",SNWD,2017-01-21T00:00:00,GHCND:USW00003963,0
696,",,W,",TMAX,2017-01-21T00:00:00,GHCND:USW00003963,178
697,",,W,",TMIN,2017-01-21T00:00:00,GHCND:USW00003963,56
698,",,W,",WDF2,2017-01-21T00:00:00,GHCND:USW00003963,210
699,",,W,",WDF5,2017-01-21T00:00:00,GHCND:USW00003963,210
700,",,W,",WSF2,2017-01-21T00:00:00,GHCND:USW00003963,103
701,",,W,",WSF5,2017-01-21T00:00:00,GHCND:USW00003963,152
702,",,N,",PRCP,2017-01-22T00:00:00,GHCND:US1MOBN0007,38
703,",,N,",PRCP,2017-01-22T00:00:00,GHCND:US1MOBN0032,41
704,",,N,",PRCP,2017-01-22T00:00:00,GHCND:US1MOCE0007,46
705,",,N,",PRCP,2017-01-22T00:00:00,GHCND:US1MOCE0009,25
706,",,N,",PRCP,2017-01-22T00:00:00,GHCND:US1MOCE0017,69
707,",,N,",SNOW,2017-01-22T00:00:00,GHCND:US1MOCE0017,0
708,",,N,",SNWD,2017-01-22T00:00:00,GHCND:US1MOCE0017,0
709,",,N,",WESD,2017-01-22T00:00:00,GHCND:US1MOCE0017,0
710,",,N,",WESF,2017-01-22T00:00:00,GHCND:US1MOCE0017,0
711,",,N,",PRCP,2017-01-22T00:00:00,GHCND:US1MOCW0012,43
712,",,N,",PRCP,2017-01-22T00:00:00,GHCND:US1MOFSA051,28
713,",,7,0700",PRCP,2017-01-22T00:00:00,GHCND:USC00234271,51
714,",,7,",SNOW,2017-01-22T00:00:00,GHCND:USC00234271,0
715,",,7,",SNWD,2017-01-22T00:00:00,GHCND:USC00234271,0
716,",,7,0700",TMAX,2017-01-22T00:00:00,GHCND:USC00234271,183
717,",,7,0700",TMIN,2017-01-22T00:00:00,GHCND:USC00234271,72
718,",,7,0700",TOBS,2017-01-22T00:00:00,GHCND:USC00234271,89
719,",,H,",PRCP,2017-01-22T00:00:00,GHCND:USC00237497,38
720,",,W,",AWND,2017-01-22T00:00:00,GHCND:USW00003963,41
721,",,W,",PRCP,2017-01-22T00:00:00,GHCND:USW00003963,43
722,",,W,",SNOW,2017-01-22T00:00:00,GHCND:USW00003963,0
723,",,W,",SNWD,2017-01-22T00:00:00,GHCND:USW00003963,0
724,",,W,",TMAX,2017-01-22T00:00:00,GHCND:USW00003963,111
725,",,W,",TMIN,2017-01-22T00:00:00,GHCND:USW00003963,44
726,",,W,",WDF2,2017-01-22T00:00:00,GHCND:USW00003963,360
727,",,W,",WDF5,2017-01-22T00:00:00,GHCND:USW00003963,350
728,",,W,",WSF2,2017-01-22T00:00:00,GHCND:USW00003963,89
729,",,W,",WSF5,2017-01-22T00:00:00,GHCND:USW00003963,107
730,",,W,",WT01,2017-01-22T00:00:00,GHCND:USW00003963,1
731,",,W,",WT03,2017-01-22T00:00:00,GHCND:USW00003963,1
732,",,N,",PRCP,2017-01-23T00:00:00,GHCND:US1MOBN0007,3
733,",,N,",PRCP,2017-01-23T00:00:00,GHCND:US1MOBN0032,0
734,",,N,",SNOW,2017-01-23T00:00:00,GHCND:US1MOBN0032,0
735,",,N,",PRCP,2017-01-23T00:00:00,GHCND:US1MOCE0007,69
736,",,N,",PRCP,2017-01-23T00:00:00,GHCND:US1MOCE0009,13
737,",,N,",PRCP,2017-01-23T00:00:00,GHCND:US1MOCE0017,69
738,",,N,",SNOW,2017-01-23T00:00:00,GHCND:US1MOCE0017,0
739,",,N,",SNWD,2017-01-23T00:00:00,GHCND:US1MOCE0017,0
740,",,N,",WESD,2017-01-23T00:00:00,GHCND:US1MOCE0017,0
741,",,N,",WESF,2017-01-23T00:00:00,GHCND:US1MOCE0017,0
742,",,N,",PRCP,2017-01-23T00:00:00,GHCND:US1MOCW0012,20
743,",,N,",PRCP,2017-01-23T00:00:00,GHCND:US1MOFSA051,61
744,",,7,0700",PRCP,2017-01-23T00:00:00,GHCND:USC00234271,36
745,",,7,",SNOW,2017-01-23T00:00:00,GHCND:USC00234271,0
746,",,7,",SNWD,2017-01-23T00:00:00,GHCND:USC00234271,0
747,",,7,0700",TMIN,2017-01-23T00:00:00,GHCND:USC00234271,28
748,",,7,0700",TOBS,2017-01-23T00:00:00,GHCND:USC00234271,28
749,",,H,",PRCP,2017-01-23T00:00:00,GHCND:USC00237497,132
750,",,W,",AWND,2017-01-23T00:00:00,GHCND:USW00003963,31
751,",,W,",PRCP,2017-01-23T00:00:00,GHCND:USW00003963,0
752,",,W,",SNOW,2017-01-23T00:00:00,GHCND:USW00003963,0
753,",,W,",SNWD,2017-01-23T00:00:00,GHCND:USW00003963,0
754,",,W,",TMAX,2017-01-23T00:00:00,GHCND:USW00003963,56
755,",,W,",TMIN,2017-01-23T00:00:00,GHCND:USW00003963,-21
756,",,W,",WDF2,2017-01-23T00:00:00,GHCND:USW00003963,300
757,",,W,",WDF5,2017-01-23T00:00:00,GHCND:USW00003963,300
758,",,W,",WSF2,2017-01-23T00:00:00,GHCND:USW00003963,58
759,",,W,",WSF5,2017-01-23T00:00:00,GHCND:USW00003963,76
760,",,W,",WT01,2017-01-23T00:00:00,GHCND:USW00003963,1
761,",,N,",PRCP,2017-01-24T00:00:00,GHCND:US1MOBN0007,0
762,",,N,",SNOW,2017-01-24T00:00:00,GHCND:US1MOBN0007,0
763,",,N,",PRCP,2017-01-24T00:00:00,GHCND:US1MOBN0032,0
764,",,N,",SNOW,2017-01-24T00:00:00,GHCND:US1MOBN0032,0
765,",,N,",PRCP,2017-01-24T00:00:00,GHCND:US1MOCE0007,0
766,",,N,",SNOW,2017-01-24T00:00:00,GHCND:US1MOCE0007,0
767,",,N,",PRCP,2017-01-24T00:00:00,GHCND:US1MOCE0009,0
768,",,N,",SNOW,2017-01-24T00:00:00,GHCND:US1MOCE0009,0
769,",,N,",PRCP,2017-01-24T00:00:00,GHCND:US1MOCE0017,0
770,",,N,",SNOW,2017-01-24T00:00:00,GHCND:US1MOCE0017,0
771,",,N,",SNWD,2017-01-24T00:00:00,GHCND:US1MOCE0017,0
772,",,N,",WESD,2017-01-24T00:00:00,GHCND:US1MOCE0017,0
773,",,N,",WESF,2017-01-24T00:00:00,GHCND:US1MOCE0017,0
774,",,N,",PRCP,2017-01-24T00:00:00,GHCND:US1MOCW0012,0
775,",,N,",PRCP,2017-01-24T00:00:00,GHCND:US1MOFSA051,0
776,",,N,",SNOW,2017-01-24T00:00:00,GHCND:US1MOFSA051,0
777,",,7,0700",PRCP,2017-01-24T00:00:00,GHCND:USC00234271,0
778,",,7,",SNOW,2017-01-24T00:00:00,GHCND:USC00234271,0
779,",,7,",SNWD,2017-01-24T00:00:00,GHCND:USC00234271,0
780,",,7,0700",TMAX,2017-01-24T00:00:00,GHCND:USC00234271,56
781,",,7,0700",TMIN,2017-01-24T00:00:00,GHCND:USC00234271,-22
782,",,7,0700",TOBS,2017-01-24T00:00:00,GHCND:USC00234271,-17
783,",,H,",PRCP,2017-01-24T00:00:00,GHCND:USC00237497,0
784,",,W,",AWND,2017-01-24T00:00:00,GHCND:USW00003963,41
785,",,W,",PRCP,2017-01-24T00:00:00,GHCND:USW00003963,0
786,",,W,",SNOW,2017-01-24T00:00:00,GHCND:USW00003963,0
787,",,W,",SNWD,2017-01-24T00:00:00,GHCND:USW00003963,0
788,",,W,",TMAX,2017-01-24T00:00:00,GHCND:USW00003963,133
789,",,W,",TMIN,2017-01-24T00:00:00,GHCND:USW00003963,-38
790,",,W,",WDF2,2017-01-24T00:00:00,GHCND:USW00003963,150
791,",,W,",WDF5,2017-01-24T00:00:00,GHCND:USW00003963,150
792,",,W,",WSF2,2017-01-24T00:00:00,GHCND:USW00003963,89
793,",,W,",WSF5,2017-01-24T00:00:00,GHCND:USW00003963,112
794,",,W,",WT01,2017-01-24T00:00:00,GHCND:USW00003963,1
795,",,N,",PRCP,2017-01-25T00:00:00,GHCND:US1MOBN0007,0
796,",,N,",SNOW,2017-01-25T00:00:00,GHCND:US1MOBN0007,0
797,",,N,",PRCP,2017-01-25T00:00:00,GHCND:US1MOBN0032,0
798,",,N,",SNOW,2017-01-25T00:00:00,GHCND:US1MOBN0032,0
799,",,N,",PRCP,2017-01-25T00:00:00,GHCND:US1MOCE0007,0
800,",,N,",SNOW,2017-01-25T00:00:00,GHCND:US1MOCE0007,0
801,",,N,",PRCP,2017-01-25T00:00:00,GHCND:US1MOCE0009,0
802,",,N,",SNOW,2017-01-25T00:00:00,GHCND:US1MOCE0009,0
803,",,N,",PRCP,2017-01-25T00:00:00,GHCND:US1MOCE0017,0
804,",,N,",SNOW,2017-01-25T00:00:00,GHCND:US1MOCE0017,0
805,",,N,",SNWD,2017-01-25T00:00:00,GHCND:US1MOCE0017,0
806,",,N,",WESD,2017-01-25T00:00:00,GHCND:US1MOCE0017,0
807,",,N,",WESF,2017-01-25T00:00:00,GHCND:US1MOCE0017,0
808,",,N,",PRCP,2017-01-25T00:00:00,GHCND:US1MOCW0009,0
809,",,N,",SNOW,2017-01-25T00:00:00,GHCND:US1MOCW0009,0
810,",,N,",PRCP,2017-01-25T00:00:00,GHCND:US1MOCW0012,0
811,",,N,",PRCP,2017-01-25T00:00:00,GHCND:US1MOFSA051,0
812,",,N,",SNOW,2017-01-25T00:00:00,GHCND:US1MOFSA051,0
813,",,7,0700",PRCP,2017-01-25T00:00:00,GHCND:USC00234271,0
814,",,7,",SNOW,2017-01-25T00:00:00,GHCND:USC00234271,0
815,",,7,",SNWD,2017-01-25T00:00:00,GHCND:USC00234271,0
816,",,7,0700",TMAX,2017-01-25T00:00:00,GHCND:USC00234271,128
817,",,7,0700",TMIN,2017-01-25T00:00:00,GHCND:USC00234271,-17
818,",,7,0700",TOBS,2017-01-25T00:00:00,GHCND:USC00234271,56
819,",,H,",PRCP,2017-01-25T00:00:00,GHCND:USC00237497,0
820,",,W,",AWND,2017-01-25T00:00:00,GHCND:USW00003963,79
821,",,W,",PRCP,2017-01-25T00:00:00,GHCND:USW00003963,0
822,",,W,",SNOW,2017-01-25T00:00:00,GHCND:USW00003963,0
823,",,W,",SNWD,2017-01-25T00:00:00,GHCND:USW00003963,0
824,",,W,",TMAX,2017-01-25T00:00:00,GHCND:USW00003963,122
825,",,W,",TMIN,2017-01-25T00:00:00,GHCND:USW00003963,11
826,",,W,",WDF2,2017-01-25T00:00:00,GHCND:USW00003963,290
827,",,W,",WDF5,2017-01-25T00:00:00,GHCND:USW00003963,280
828,",,W,",WSF2,2017-01-25T00:00:00,GHCND:USW00003963,116
829,",,W,",WSF5,2017-01-25T00:00:00,GHCND:USW00003963,161
830,",,N,",PRCP,2017-01-26T00:00:00,GHCND:US1MOBN0032,0
831,",,N,",SNOW,2017-01-26T00:00:00,GHCND:US1MOBN0032,0
832,",,N,",PRCP,2017-01-26T00:00:00,GHCND:US1MOCE0007,0
833,",,N,",SNOW,2017-01-26T00:00:00,GHCND:US1MOCE0007,0
834,",,N,",PRCP,2017-01-26T00:00:00,GHCND:US1MOCE0009,0
835,",,N,",SNOW,2017-01-26T00:00:00,GHCND:US1MOCE0009,0
836,",,N,",PRCP,2017-01-26T00:00:00,GHCND:US1MOCE0017,0
837,",,N,",SNOW,2017-01-26T00:00:00,GHCND:US1MOCE0017,0
838,",,N,",SNWD,2017-01-26T00:00:00,GHCND:US1MOCE0017,0
839,",,N,",WESD,2017-01-26T00:00:00,GHCND:US1MOCE0017,0
840,",,N,",WESF,2017-01-26T00:00:00,GHCND:US1MOCE0017,0
841,",,N,",PRCP,2017-01-26T00:00:00,GHCND:US1MOCW0009,0
842,",,N,",SNOW,2017-01-26T00:00:00,GHCND:US1MOCW0009,0
843,",,N,",PRCP,2017-01-26T00:00:00,GHCND:US1MOCW0012,0
844,",,N,",PRCP,2017-01-26T00:00:00,GHCND:US1MOFSA051,0
845,",,N,",SNOW,2017-01-26T00:00:00,GHCND:US1MOFSA051,0
846,",,7,0700",PRCP,2017-01-26T00:00:00,GHCND:USC00234271,0
847,",,7,",SNOW,2017-01-26T00:00:00,GHCND:USC00234271,0
848,",,7,",SNWD,2017-01-26T00:00:00,GHCND:USC00234271,0
849,",,7,0700",TMAX,2017-01-26T00:00:00,GHCND:USC00234271,56
850,",,7,0700",TMIN,2017-01-26T00:00:00,GHCND:USC00234271,-11
851,",,7,0700",TOBS,2017-01-26T00:00:00,GHCND:USC00234271,-11
852,",,H,",PRCP,2017-01-26T00:00:00,GHCND:USC00237497,0
853,",,W,",AWND,2017-01-26T00:00:00,GHCND:USW00003963,57
854,",,W,",PRCP,2017-01-26T00:00:00,GHCND:USW00003963,0
855,",,W,",SNOW,2017-01-26T00:00:00,GHCND:USW00003963,0
856,",,W,",SNWD,2017-01-26T00:00:00,GHCND:USW00003963,0
857,",,W,",TMAX,2017-01-26T00:00:00,GHCND:USW00003963,11
858,",,W,",TMIN,2017-01-26T00:00:00,GHCND:USW00003963,-16
859,",,W,",WDF2,2017-01-26T00:00:00,GHCND:USW00003963,290
860,",,W,",WDF5,2017-01-26T00:00:00,GHCND:USW00003963,310
861,",,W,",WSF2,2017-01-26T00:00:00,GHCND:USW00003963,103
862,",,W,",WSF5,2017-01-26T00:00:00,GHCND:USW00003963,143
863,"T,,N,",PRCP,2017-01-27T00:00:00,GHCND:US1MOBN0007,0
864,",,N,",PRCP,2017-01-27T00:00:00,GHCND:US1MOBN0032,0
865,",,N,",SNOW,2017-01-27T00:00:00,GHCND:US1MOBN0032,0
866,"T,,N,",PRCP,2017-01-27T00:00:00,GHCND:US1MOCE0007,0
867,",,N,",PRCP,2017-01-27T00:00:00,GHCND:US1MOCE0009,0
868,",,N,",SNOW,2017-01-27T00:00:00,GHCND:US1MOCE0009,0
869,",,N,",PRCP,2017-01-27T00:00:00,GHCND:US1MOCE0017,0
870,",,N,",SNOW,2017-01-27T00:00:00,GHCND:US1MOCE0017,0
871,",,N,",SNWD,2017-01-27T00:00:00,GHCND:US1MOCE0017,0
872,",,N,",WESD,2017-01-27T00:00:00,GHCND:US1MOCE0017,0
873,",,N,",WESF,2017-01-27T00:00:00,GHCND:US1MOCE0017,0
874,"T,,N,",PRCP,2017-01-27T00:00:00,GHCND:US1MOCW0009,0
875,",,N,",PRCP,2017-01-27T00:00:00,GHCND:US1MOCW0012,0
876,",,N,",PRCP,2017-01-27T00:00:00,GHCND:US1MOFSA051,0
877,",,N,",SNOW,2017-01-27T00:00:00,GHCND:US1MOFSA051,0
878,",,7,0700",PRCP,2017-01-27T00:00:00,GHCND:USC00234271,0
879,",,7,",SNOW,2017-01-27T00:00:00,GHCND:USC00234271,0
880,",,7,",SNWD,2017-01-27T00:00:00,GHCND:USC00234271,0
881,",,7,0700",TMAX,2017-01-27T00:00:00,GHCND:USC00234271,-11
882,",,7,0700",TMIN,2017-01-27T00:00:00,GHCND:USC00234271,-44
883,",,7,0700",TOBS,2017-01-27T00:00:00,GHCND:USC00234271,-39
884,",,H,",PRCP,2017-01-27T00:00:00,GHCND:USC00237497,0
885,",,W,",AWND,2017-01-27T00:00:00,GHCND:USW00003963,38
886,"T,,W,",PRCP,2017-01-27T00:00:00,GHCND:USW00003963,0
887,",,W,",SNWD,2017-01-27T00:00:00,GHCND:USW00003963,0
888,",,W,",TMAX,2017-01-27T00:00:00,GHCND:USW00003963,44
889,",,W,",TMIN,2017-01-27T00:00:00,GHCND:USW00003963,-38
890,",,W,",WDF2,2017-01-27T00:00:00,GHCND:USW00003963,310
891,",,W,",WDF5,2017-01-27T00:00:00,GHCND:USW00003963,290
892,",,W,",WSF2,2017-01-27T00:00:00,GHCND:USW00003963,98
893,",,W,",WSF5,2017-01-27T00:00:00,GHCND:USW00003963,130
894,"T,,N,",PRCP,2017-01-28T00:00:00,GHCND:US1MOBN0007,0
895,",,N,",PRCP,2017-01-28T00:00:00,GHCND:US1MOBN0032,0
896,",,N,",SNOW,2017-01-28T00:00:00,GHCND:US1MOBN0032,0
897,",,N,",PRCP,2017-01-28T00:00:00,GHCND:US1MOCE0007,0
898,",,N,",PRCP,2017-01-28T00:00:00,GHCND:US1MOCE0009,0
899,",,N,",SNOW,2017-01-28T00:00:00,GHCND:US1MOCE0009,0
900,",,N,",PRCP,2017-01-28T00:00:00,GHCND:US1MOCE0017,0
901,",,N,",SNOW,2017-01-28T00:00:00,GHCND:US1MOCE0017,0
902,",,N,",SNWD,2017-01-28T00:00:00,GHCND:US1MOCE0017,0
903,",,N,",WESD,2017-01-28T00:00:00,GHCND:US1MOCE0017,0
904,",,N,",WESF,2017-01-28T00:00:00,GHCND:US1MOCE0017,0
905,",,N,",PRCP,2017-01-28T00:00:00,GHCND:US1MOCW0009,0
906,",,N,",SNOW,2017-01-28T00:00:00,GHCND:US1MOCW0009,0
907,",,N,",PRCP,2017-01-28T00:00:00,GHCND:US1MOCW0012,0
908,",,N,",PRCP,2017-01-28T00:00:00,GHCND:US1MOFSA051,0
909,",,N,",SNOW,2017-01-28T00:00:00,GHCND:US1MOFSA051,0
910,",,7,0700",PRCP,2017-01-28T00:00:00,GHCND:USC00234271,0
911,",,7,",SNOW,2017-01-28T00:00:00,GHCND:USC00234271,0
912,",,7,",SNWD,2017-01-28T00:00:00,GHCND:USC00234271,0
913,",,7,0700",TMAX,2017-01-28T00:00:00,GHCND:USC00234271,44
914,",,7,0700",TMIN,2017-01-28T00:00:00,GHCND:USC00234271,-39
915,",,7,0700",TOBS,2017-01-28T00:00:00,GHCND:USC00234271,-17
916,",,H,",PRCP,2017-01-28T00:00:00,GHCND:USC00237497,0
917,",,W,",AWND,2017-01-28T00:00:00,GHCND:USW00003963,51
918,",,W,",PRCP,2017-01-28T00:00:00,GHCND:USW00003963,10
919,",,W,",SNWD,2017-01-28T00:00:00,GHCND:USW00003963,0
920,",,W,",TMAX,2017-01-28T00:00:00,GHCND:USW00003963,83
921,",,W,",TMIN,2017-01-28T00:00:00,GHCND:USW00003963,-16
922,",,W,",WDF2,2017-01-28T00:00:00,GHCND:USW00003963,290
923,",,W,",WDF5,2017-01-28T00:00:00,GHCND:USW00003963,300
924,",,W,",WSF2,2017-01-28T00:00:00,GHCND:USW00003963,98
925,",,W,",WSF5,2017-01-28T00:00:00,GHCND:USW00003963,121
926,",,N,",PRCP,2017-01-29T00:00:00,GHCND:US1MOBN0007,8
927,",,N,",PRCP,2017-01-29T00:00:00,GHCND:US1MOBN0032,18
928,",,N,",PRCP,2017-01-29T00:00:00,GHCND:US1MOCE0007,13
929,",,N,",PRCP,2017-01-29T00:00:00,GHCND:US1MOCE0009,8
930,",,N,",PRCP,2017-01-29T00:00:00,GHCND:US1MOCE0017,0
931,",,N,",SNOW,2017-01-29T00:00:00,GHCND:US1MOCE0017,0
932,",,N,",SNWD,2017-01-29T00:00:00,GHCND:US1MOCE0017,0
933,",,N,",WESD,2017-01-29T00:00:00,GHCND:US1MOCE0017,0
934,",,N,",WESF,2017-01-29T00:00:00,GHCND:US1MOCE0017,0
935,",,N,",PRCP,2017-01-29T00:00:00,GHCND:US1MOCW0009,18
936,",,N,",SNOW,2017-01-29T00:00:00,GHCND:US1MOCW0009,3
937,",,N,",PRCP,2017-01-29T00:00:00,GHCND:US1MOCW0012,10
938,"T,,N,",SNOW,2017-01-29T00:00:00,GHCND:US1MOCW0012,0
939,"T,,N,",SNWD,2017-01-29T00:00:00,GHCND:US1MOCW0012,0
940,"T,,N,",WESD,2017-01-29T00:00:00,GHCND:US1MOCW0012,0
941,"T,,N,",WESF,2017-01-29T00:00:00,GHCND:US1MOCW0012,0
942,",,N,",PRCP,2017-01-29T00:00:00,GHCND:US1MOFSA051,28
943,",,7,0700",PRCP,2017-01-29T00:00:00,GHCND:USC00234271,20
944,"T,,7,",SNOW,2017-01-29T00:00:00,GHCND:USC00234271,0
945,",,7,",SNWD,2017-01-29T00:00:00,GHCND:USC00234271,0
946,",,7,0700",TMAX,2017-01-29T00:00:00,GHCND:USC00234271,78
947,",,7,0700",TMIN,2017-01-29T00:00:00,GHCND:USC00234271,-17
948,",,7,0700",TOBS,2017-01-29T00:00:00,GHCND:USC00234271,17
949,",,H,",PRCP,2017-01-29T00:00:00,GHCND:USC00237497,3
950,",,W,",AWND,2017-01-29T00:00:00,GHCND:USW00003963,44
951,",,W,",PRCP,2017-01-29T00:00:00,GHCND:USW00003963,3
952,",,W,",SNWD,2017-01-29T00:00:00,GHCND:USW00003963,0
953,",,W,",TMAX,2017-01-29T00:00:00,GHCND:USW00003963,83
954,",,W,",TMIN,2017-01-29T00:00:00,GHCND:USW00003963,11
955,",,W,",WDF2,2017-01-29T00:00:00,GHCND:USW00003963,290
956,",,W,",WDF5,2017-01-29T00:00:00,GHCND:USW00003963,290
957,",,W,",WSF2,2017-01-29T00:00:00,GHCND:USW00003963,98
958,",,W,",WSF5,2017-01-29T00:00:00,GHCND:USW00003963,121
959,",,W,",WT01,2017-01-29T00:00:00,GHCND:USW00003963,1
960,",,N,",PRCP,2017-01-30T00:00:00,GHCND:US1MOBN0007,0
961,",,N,",SNOW,2017-01-30T00:00:00,GHCND:US1MOBN0007,0
962,"T,,N,",PRCP,2017-01-30T00:00:00,GHCND:US1MOBN0032,0
963,",,N,",PRCP,2017-01-30T00:00:00,GHCND:US1MOCE0007,0
964,",,N,",SNOW,2017-01-30T00:00:00,GHCND:US1MOCE0007,0
965,",,N,",PRCP,2017-01-30T00:00:00,GHCND:US1MOCE0009,0
966,",,N,",SNOW,2017-01-30T00:00:00,GHCND:US1MOCE0009,0
967,",,N,",PRCP,2017-01-30T00:00:00,GHCND:US1MOCE0017,0
968,",,N,",SNOW,2017-01-30T00:00:00,GHCND:US1MOCE0017,0
969,",,N,",SNWD,2017-01-30T00:00:00,GHCND:US1MOCE0017,0
970,",,N,",WESD,2017-01-30T00:00:00,GHCND:US1MOCE0017,0
971,",,N,",WESF,2017-01-30T00:00:00,GHCND:US1MOCE0017,0
972,",,N,",PRCP,2017-01-30T00:00:00,GHCND:US1MOCW0009,0
973,",,N,",SNOW,2017-01-30T00:00:00,GHCND:US1MOCW0009,0
974,",,N,",SNWD,2017-01-30T00:00:00,GHCND:US1MOCW0009,0
975,",,N,",PRCP,2017-01-30T00:00:00,GHCND:US1MOCW0012,0
976,",,N,",PRCP,2017-01-30T00:00:00,GHCND:US1MOFSA051,0
977,",,N,",SNOW,2017-01-30T00:00:00,GHCND:US1MOFSA051,0
978,",,7,0700",PRCP,2017-01-30T00:00:00,GHCND:USC00234271,5
979,"T,,7,",SNOW,2017-01-30T00:00:00,GHCND:USC00234271,0
980,",,7,",SNWD,2017-01-30T00:00:00,GHCND:USC00234271,0
981,",,7,0700",TMAX,2017-01-30T00:00:00,GHCND:USC00234271,56
982,",,7,0700",TMIN,2017-01-30T00:00:00,GHCND:USC00234271,-28
983,",,7,0700",TOBS,2017-01-30T00:00:00,GHCND:USC00234271,-22
984,",,H,",PRCP,2017-01-30T00:00:00,GHCND:USC00237497,3
985,",,W,",AWND,2017-01-30T00:00:00,GHCND:USW00003963,30
986,",,W,",PRCP,2017-01-30T00:00:00,GHCND:USW00003963,0
987,",,W,",SNOW,2017-01-30T00:00:00,GHCND:USW00003963,0
988,",,W,",SNWD,2017-01-30T00:00:00,GHCND:USW00003963,0
989,",,W,",TMAX,2017-01-30T00:00:00,GHCND:USW00003963,167
990,",,W,",TMIN,2017-01-30T00:00:00,GHCND:USW00003963,-43
991,",,W,",WDF2,2017-01-30T00:00:00,GHCND:USW00003963,260
992,",,W,",WDF5,2017-01-30T00:00:00,GHCND:USW00003963,260
993,",,W,",WSF2,2017-01-30T00:00:00,GHCND:USW00003963,81
994,",,W,",WSF5,2017-01-30T00:00:00,GHCND:USW00003963,112
995,",,W,",WT01,2017-01-30T00:00:00,GHCND:USW00003963,1
996,",,N,",PRCP,2017-01-31T00:00:00,GHCND:US1MOBN0007,0
997,",,N,",SNOW,2017-01-31T00:00:00,GHCND:US1MOBN0007,0
998,",,N,",PRCP,2017-01-31T00:00:00,GHCND:US1MOBN0032,0
999,",,N,",SNOW,2017-01-31T00:00:00,GHCND:US1MOBN0032,0
0,",,N,",SNOW,2017-01-31T00:00:00,GHCND:US1MOBN0032,0
1,",,N,",PRCP,2017-01-31T00:00:00,GHCND:US1MOCE0007,0
2,",,N,",SNOW,2017-01-31T00:00:00,GHCND:US1MOCE0007,0
3,",,N,",PRCP,2017-01-31T00:00:00,GHCND:US1MOCE0009,0
4,",,N,",SNOW,2017-01-31T00:00:00,GHCND:US1MOCE0009,0
5,",,N,",PRCP,2017-01-31T00:00:00,GHCND:US1MOCE0017,0
6,",,N,",SNOW,2017-01-31T00:00:00,GHCND:US1MOCE0017,0
7,",,N,",SNWD,2017-01-31T00:00:00,GHCND:US1MOCE0017,0
8,",,N,",WESD,2017-01-31T00:00:00,GHCND:US1MOCE0017,0
9,",,N,",WESF,2017-01-31T00:00:00,GHCND:US1MOCE0017,0
10,",,N,",PRCP,2017-01-31T00:00:00,GHCND:US1MOCW0009,0
11,",,N,",SNOW,2017-01-31T00:00:00,GHCND:US1MOCW0009,0
12,",,N,",PRCP,2017-01-31T00:00:00,GHCND:US1MOCW0012,0
13,",,N,",PRCP,2017-01-31T00:00:00,GHCND:US1MOFSA051,0
14,",,N,",SNOW,2017-01-31T00:00:00,GHCND:US1MOFSA051,0
15,",,7,0700",PRCP,2017-01-31T00:00:00,GHCND:USC00234271,0
16,",,7,",SNOW,2017-01-31T00:00:00,GHCND:USC00234271,0
17,",,7,",SNWD,2017-01-31T00:00:00,GHCND:USC00234271,0
18,",,7,0700",TMAX,2017-01-31T00:00:00,GHCND:USC00234271,167
19,",,7,0700",TMIN,2017-01-31T00:00:00,GHCND:USC00234271,-28
20,",,7,0700",TOBS,2017-01-31T00:00:00,GHCND:USC00234271,50
21,",,H,",PRCP,2017-01-31T00:00:00,GHCND:USC00237497,0
22,",,W,",AWND,2017-01-31T00:00:00,GHCND:USW00003963,18
23,",,W,",PRCP,2017-01-31T00:00:00,GHCND:USW00003963,0
24,",,W,",SNOW,2017-01-31T00:00:00,GHCND:USW00003963,0
25,",,W,",SNWD,2017-01-31T00:00:00,GHCND:USW00003963,0
26,",,W,",TMAX,2017-01-31T00:00:00,GHCND:USW00003963,111
27,",,W,",TMIN,2017-01-31T00:00:00,GHCND:USW00003963,28
28,",,W,",WDF2,2017-01-31T00:00:00,GHCND:USW00003963,290
29,",,W,",WDF5,2017-01-31T00:00:00,GHCND:USW00003963,280
30,",,W,",WSF2,2017-01-31T00:00:00,GHCND:USW00003963,63
31,",,W,",WSF5,2017-01-31T00:00:00,GHCND:USW00003963,72
32,",,N,",PRCP,2017-02-01T00:00:00,GHCND:US1MOBN0007,0
33,",,N,",SNOW,2017-02-01T00:00:00,GHCND:US1MOBN0007,0
34,",,N,",PRCP,2017-02-01T00:00:00,GHCND:US1MOBN0032,0
35,",,N,",SNOW,2017-02-01T00:00:00,GHCND:US1MOBN0032,0
36,",,N,",PRCP,2017-02-01T00:00:00,GHCND:US1MOCE0007,0
37,",,N,",SNOW,2017-02-01T00:00:00,GHCND:US1MOCE0007,0
38,",,N,",PRCP,2017-02-01T00:00:00,GHCND:US1MOCE0009,0
39,",,N,",SNOW,2017-02-01T00:00:00,GHCND:US1MOCE0009,0
40,",,N,",PRCP,2017-02-01T00:00:00,GHCND:US1MOCE0017,0
41,",,N,",SNOW,2017-02-01T00:00:00,GHCND:US1MOCE0017,0
42,",,N,",SNWD,2017-02-01T00:00:00,GHCND:US1MOCE0017,0
43,",,N,",WESD,2017-02-01T00:00:00,GHCND:US1MOCE0017,0
44,",,N,",WESF,2017-02-01T00:00:00,GHCND:US1MOCE0017,0
45,",,N,",PRCP,2017-02-01T00:00:00,GHCND:US1MOCW0009,0
46,",,N,",SNOW,2017-02-01T00:00:00,GHCND:US1MOCW0009,0
47,",,N,",PRCP,2017-02-01T00:00:00,GHCND:US1MOCW0012,0
48,",,N,",PRCP,2017-02-01T00:00:00,GHCND:US1MOFSA051,0
49,",,N,",SNOW,2017-02-01T00:00:00,GHCND:US1MOFSA051,0
50,",,7,0700",PRCP,2017-02-01T00:00:00,GHCND:USC00234271,0
51,",,7,0700",TMAX,2017-02-01T00:00:00,GHCND:USC00234271,106
52,",,7,0700",TMIN,2017-02-01T00:00:00,GHCND:USC00234271,33
53,",,7,0700",TOBS,2017-02-01T00:00:00,GHCND:USC00234271,33
54,",,H,",PRCP,2017-02-01T00:00:00,GHCND:USC00237497,0
55,",,W,",AWND,2017-02-01T00:00:00,GHCND:USW00003963,26
56,",,W,",PRCP,2017-02-01T00:00:00,GHCND:USW00003963,0
57,",,W,",SNOW,2017-02-01T00:00:00,GHCND:USW00003963,0
58,",,W,",SNWD,2017-02-01T00:00:00,GHCND:USW00003963,0
59,",,W,",TMAX,2017-02-01T00:00:00,GHCND:USW00003963,83
60,",,W,",TMIN,2017-02-01T00:00:00,GHCND:USW00003963,0
61,",,W,",WDF2,2017-02-01T00:00:00,GHCND:USW00003963,10
62,",,W,",WDF5,2017-02-01T00:00:00,GHCND:USW00003963,350
63,",,W,",WSF2,2017-02-01T00:00:00,GHCND:USW00003963,67
64,",,W,",WSF5,2017-02-01T00:00:00,GHCND:USW00003963,94
65,",,N,",PRCP,2017-02-02T00:00:00,GHCND:US1MOBN0007,0
66,",,N,",SNOW,2017-02-02T00:00:00,GHCND:US1MOBN0007,0
67,",,N,",PRCP,2017-02-02T00:00:00,GHCND:US1MOBN0032,0
68,",,N,",SNOW,2017-02-02T00:00:00,GHCND:US1MOBN0032,0
69,",,N,",PRCP,2017-02-02T00:00:00,GHCND:US1MOCE0007,0
70,",,N,",SNOW,2017-02-02T00:00:00,GHCND:US1MOCE0007,0
71,",,N,",PRCP,2017-02-02T00:00:00,GHCND:US1MOCE0009,0
72,",,N,",SNOW,2017-02-02T00:00:00,GHCND:US1MOCE0009,0
73,",,N,",PRCP,2017-02-02T00:00:00,GHCND:US1MOCE0017,0
74,",,N,",SNOW,2017-02-02T00:00:00,GHCND:US1MOCE0017,0
75,",,N,",SNWD,2017-02-02T00:00:00,GHCND:US1MOCE0017,0
76,",,N,",WESD,2017-02-02T00:00:00,GHCND:US1MOCE0017,0
77,",,N,",WESF,2017-02-02T00:00:00,GHCND:US1MOCE0017,0
78,",,N,",PRCP,2017-02-02T00:00:00,GHCND:US1MOCW0009,0
79,",,N,",SNOW,2017-02-02T00:00:00,GHCND:US1MOCW0009,0
80,",,N,",PRCP,2017-02-02T00:00:00,GHCND:US1MOCW0012,0
81,",,N,",PRCP,2017-02-02T00:00:00,GHCND:US1MOFSA051,0
82,",,N,",SNOW,2017-02-02T00:00:00,GHCND:US1MOFSA051,0
83,",,7,0700",PRCP,2017-02-02T00:00:00,GHCND:USC00234271,0
84,",,7,0700",TMAX,2017-02-02T00:00:00,GHCND:USC00234271,83
85,",,7,0700",TMIN,2017-02-02T00:00:00,GHCND:USC00234271,-33
86,",,7,0700",TOBS,2017-02-02T00:00:00,GHCND:USC00234271,-33
87,",,H,",PRCP,2017-02-02T00:00:00,GHCND:USC00237497,0
88,",,W,",AWND,2017-02-02T00:00:00,GHCND:USW00003963,28
89,",,W,",PRCP,2017-02-02T00:00:00,GHCND:USW00003963,0
90,",,W,",SNOW,2017-02-02T00:00:00,GHCND:USW00003963,0
91,",,W,",SNWD,2017-02-02T00:00:00,GHCND:USW00003963,0
92,",,W,",TMAX,2017-02-02T00:00:00,GHCND:USW00003963,22
93,",,W,",TMIN,2017-02-02T00:00:00,GHCND:USW00003963,-32
94,",,W,",WDF2,2017-02-02T00:00:00,GHCND:USW00003963,350
95,",,W,",WDF5,2017-02-02T00:00:00,GHCND:USW00003963,350
96,",,W,",WSF2,2017-02-02T00:00:00,GHCND:USW00003963,67
97,",,W,",WSF5,2017-02-02T00:00:00,GHCND:USW00003963,85
98,",,N,",PRCP,2017-02-03T00:00:00,GHCND:US1MOBN0007,0
99,",,N,",SNOW,2017-02-03T00:00:00,GHCND:US1MOBN0007,0
100,",,N,",PRCP,2017-02-03T00:00:00,GHCND:US1MOBN0032,0
101,",,N,",SNOW,2017-02-03T00:00:00,GHCND:US1MOBN0032,0
102,",,N,",PRCP,2017-02-03T00:00:00,GHCND:US1MOCE0007,0
103,",,N,",SNOW,2017-02-03T00:00:00,GHCND:US1MOCE0007,0
104,",,N,",PRCP,2017-02-03T00:00:00,GHCND:US1MOCE0009,0
105,",,N,",SNOW,2017-02-03T00:00:00,GHCND:US1MOCE0009,0
106,",,N,",PRCP,2017-02-03T00:00:00,GHCND:US1MOCE0017,0
107,",,N,",SNOW,2017-02-03T00:00:00,GHCND:US1MOCE0017,0
108,",,N,",SNWD,2017-02-03T00:00:00,GHCND:US1MOCE0017,0
109,",,N,",WESD,2017-02-03T00:00:00,GHCND:US1MOCE0017,0
110,",,N,",WESF,2017-02-03T00:00:00,GHCND:US1MOCE0017,0
111,",,N,",PRCP,2017-02-03T00:00:00,GHCND:US1MOCW0009,0
112,",,N,",SNOW,2017-02-03T00:00:00,GHCND:US1MOCW0009,0
113,",,N,",PRCP,2017-02-03T00:00:00,GHCND:US1MOCW0012,0
114,",,N,",PRCP,2017-02-03T00:00:00,GHCND:US1MOFSA051,0
115,",,N,",SNOW,2017-02-03T00:00:00,GHCND:US1MOFSA051,0
116,",,7,0700",PRCP,2017-02-03T00:00:00,GHCND:USC00234271,0
117,",,7,0700",TMAX,2017-02-03T00:00:00,GHCND:USC00234271,22
118,",,7,0700",TMIN,2017-02-03T00:00:00,GHCND:USC00234271,-50
119,",,7,0700",TOBS,2017-02-03T00:00:00,GHCND:USC00234271,-44
120,",,H,",PRCP,2017-02-03T00:00:00,GHCND:USC00237497,0
121,",,W,",AWND,2017-02-03T00:00:00,GHCND:USW00003963,22
122,",,W,",PRCP,2017-02-03T00:00:00,GHCND:USW00003963,0
123,",,W,",SNOW,2017-02-03T00:00:00,GHCND:USW00003963,0
124,",,W,",SNWD,2017-02-03T00:00:00,GHCND:USW00003963,0
125,",,W,",TMAX,2017-02-03T00:00:00,GHCND:USW00003963,22
126,",,W,",TMIN,2017-02-03T00:00:00,GHCND:USW00003963,-71
127,",,W,",WDF2,2017-02-03T00:00:00,GHCND:USW00003963,340
128,",,W,",WDF5,2017-02-03T00:00:00,GHCND:USW00003963,310
129,",,W,",WSF2,2017-02-03T00:00:00,GHCND:USW00003963,63
130,",,W,",WSF5,2017-02-03T00:00:00,GHCND:USW00003963,81
131,",,N,",PRCP,2017-02-04T00:00:00,GHCND:US1MOBN0007,0
132,",,N,",SNOW,2017-02-04T00:00:00,GHCND:US1MOBN0007,0
133,",,N,",PRCP,2017-02-04T00:00:00,GHCND:US1MOBN0032,0
134,",,N,",SNOW,2017-02-04T00:00:00,GHCND:US1MOBN0032,0
135,",,N,",PRCP,2017-02-04T00:00:00,GHCND:US1MOCE0007,0
136,",,N,",PRCP,2017-02-04T00:00:00,GHCND:US1MOCE0009,0
137,",,N,",SNOW,2017-02-04T00:00:00,GHCND:US1MOCE0009,0
138,",,N,",PRCP,2017-02-04T00:00:00,GHCND:US1MOCE0017,0
139,",,N,",SNOW,2017-02-04T00:00:00,GHCND:US1MOCE0017,0
140,",,N,",SNWD,2017-02-04T00:00:00,GHCND:US1MOCE0017,0
141,",,N,",WESD,2017-02-04T00:00:00,GHCND:US1MOCE0017,0
142,",,N,",WESF,2017-02-04T00:00:00,GHCND:US1MOCE0017,0
143,",,N,",PRCP,2017-02-04T00:00:00,GHCND:US1MOCW0009,0
144,",,N,",SNOW,2017-02-04T00:00:00,GHCND:US1MOCW0009,0
145,",,N,",PRCP,2017-02-04T00:00:00,GHCND:US1MOCW0012,0
146,",,N,",PRCP,2017-02-04T00:00:00,GHCND:US1MOFSA051,0
147,",,N,",SNOW,2017-02-04T00:00:00,GHCND:US1MOFSA051,0
148,",,7,0700",PRCP,2017-02-04T00:00:00,GHCND:USC00234271,0
149,",,7,0700",TMAX,2017-02-04T00:00:00,GHCND:USC00234271,22
150,",,7,0700",TMIN,2017-02-04T00:00:00,GHCND:USC00234271,-67
151,",,7,0700",TOBS,2017-02-04T00:00:00,GHCND:USC00234271,-44
152,",,H,",PRCP,2017-02-04T00:00:00,GHCND:USC00237497,0
153,",,W,",AWND,2017-02-04T00:00:00,GHCND:USW00003963,39
154,",,W,",PRCP,2017-02-04T00:00:00,GHCND:USW00003963,0
155,",,W,",SNOW,2017-02-04T00:00:00,GHCND:USW00003963,0
156,",,W,",SNWD,2017-02-04T00:00:00,GHCND:USW00003963,0
157,",,W,",TMAX,2017-02-04T00:00:00,GHCND:USW00003963,44
158,",,W,",TMIN,2017-02-04T00:00:00,GHCND:USW00003963,-99
159,",,W,",WDF2,2017-02-04T00:00:00,GHCND:USW00003963,170
160,",,W,",WDF5,2017-02-04T00:00:00,GHCND:USW00003963,180
161,",,W,",WSF2,2017-02-04T00:00:00,GHCND:USW00003963,89
162,",,W,",WSF5,2017-02-04T00:00:00,GHCND:USW00003963,112
163,",,N,",PRCP,2017-02-05T00:00:00,GHCND:US1MOBN0007,0
164,",,N,",SNOW,2017-02-05T00:00:00,GHCND:US1MOBN0007,0
165,",,N,",PRCP,2017-02-05T00:00:00,GHCND:US1MOBN0032,0
166,",,N,",SNOW,2017-02-05T00:00:00,GHCND:US1MOBN0032,0
167,",,N,",PRCP,2017-02-05T00:00:00,GHCND:US1MOCE0007,0
168,",,N,",PRCP,2017-02-05T00:00:00,GHCND:US1MOCE0009,0
169,",,N,",SNOW,2017-02-05T00:00:00,GHCND:US1MOCE0009,0
170,",,N,",PRCP,2017-02-05T00:00:00,GHCND:US1MOCE0017,0
171,",,N,",SNOW,2017-02-05T00:00:00,GHCND:US1MOCE0017,0
172,",,N,",SNWD,2017-02-05T00:00:00,GHCND:US1MOCE0017,0
173,",,N,",WESD,2017-02-05T00:00:00,GHCND:US1MOCE0017,0
174,",,N,",WESF,2017-02-05T00:00:00,GHCND:US1MOCE0017,0
175,",,N,",PRCP,2017-02-05T00:00:00,GHCND:US1MOCW0009,0
176,",,N,",SNOW,2017-02-05T00:00:00,GHCND:US1MOCW0009,0
177,",,N,",PRCP,2017-02-05T00:00:00,GHCND:US1MOCW0012,0
178,",,N,",PRCP,2017-02-05T00:00:00,GHCND:US1MOFSA051,0
179,",,N,",SNOW,2017-02-05T00:00:00,GHCND:US1MOFSA051,0
180,",,7,0700",PRCP,2017-02-05T00:00:00,GHCND:USC00234271,0
181,",,7,0700",TMAX,2017-02-05T00:00:00,GHCND:USC00234271,44
182,",,7,0700",TMIN,2017-02-05T00:00:00,GHCND:USC00234271,-44
183,",,7,0700",TOBS,2017-02-05T00:00:00,GHCND:USC00234271,-11
184,",,H,",PRCP,2017-02-05T00:00:00,GHCND:USC00237497,0
185,",,W,",AWND,2017-02-05T00:00:00,GHCND:USW00003963,9
186,",,W,",PRCP,2017-02-05T00:00:00,GHCND:USW00003963,0
187,",,W,",SNOW,2017-02-05T00:00:00,GHCND:USW00003963,0
188,",,W,",SNWD,2017-02-05T00:00:00,GHCND:USW00003963,0
189,",,W,",TMAX,2017-02-05T00:00:00,GHCND:USW00003963,133
190,",,W,",TMIN,2017-02-05T00:00:00,GHCND:USW00003963,-43
191,",,W,",WDF2,2017-02-05T00:00:00,GHCND:USW00003963,290
192,",,W,",WDF5,2017-02-05T00:00:00,GHCND:USW00003963,320
193,",,W,",WSF2,2017-02-05T00:00:00,GHCND:USW00003963,36
194,",,W,",WSF5,2017-02-05T00:00:00,GHCND:USW00003963,45
195,",,N,",PRCP,2017-02-06T00:00:00,GHCND:US1MOBN0007,0
196,",,N,",SNOW,2017-02-06T00:00:00,GHCND:US1MOBN0007,0
197,",,N,",PRCP,2017-02-06T00:00:00,GHCND:US1MOBN0032,0
198,",,N,",SNOW,2017-02-06T00:00:00,GHCND:US1MOBN0032,0
199,",,N,",PRCP,2017-02-06T00:00:00,GHCND:US1MOCE0007,0
200,",,N,",SNOW,2017-02-06T00:00:00,GHCND:US1MOCE0007,0
201,",,N,",PRCP,2017-02-06T00:00:00,GHCND:US1MOCE0009,0
202,",,N,",SNOW,2017-02-06T00:00:00,GHCND:US1MOCE0009,0
203,",,N,",PRCP,2017-02-06T00:00:00,GHCND:US1MOCE0017,0
204,",,N,",SNOW,2017-02-06T00:00:00,GHCND:US1MOCE0017,0
205,",,N,",SNWD,2017-02-06T00:00:00,GHCND:US1MOCE0017,0
206,",,N,",WESD,2017-02-06T00:00:00,GHCND:US1MOCE0017,0
207,",,N,",WESF,2017-02-06T00:00:00,GHCND:US1MOCE0017,0
208,",,N,",PRCP,2017-02-06T00:00:00,GHCND:US1MOCW0009,0
209,",,N,",SNOW,2017-02-06T00:00:00,GHCND:US1MOCW0009,0
210,",,N,",PRCP,2017-02-06T00:00:00,GHCND:US1MOCW0012,0
211,",,N,",PRCP,2017-02-06T00:00:00,GHCND:US1MOFSA051,0
212,",,N,",SNOW,2017-02-06T00:00:00,GHCND:US1MOFSA051,0
213,",,7,0700",PRCP,2017-02-06T00:00:00,GHCND:USC00234271,0
214,",,7,0700",TMAX,2017-02-06T00:00:00,GHCND:USC00234271,128
215,",,7,0700",TMIN,2017-02-06T00:00:00,GHCND:USC00234271,-11
216,",,7,0700",TOBS,2017-02-06T00:00:00,GHCND:USC00234271,44
217,",,H,",PRCP,2017-02-06T00:00:00,GHCND:USC00237497,0
218,",,W,",AWND,2017-02-06T00:00:00,GHCND:USW00003963,30
219,",,W,",PRCP,2017-02-06T00:00:00,GHCND:USW00003963,0
220,",,W,",SNOW,2017-02-06T00:00:00,GHCND:USW00003963,0
221,",,W,",SNWD,2017-02-06T00:00:00,GHCND:USW00003963,0
222,",,W,",TMAX,2017-02-06T00:00:00,GHCND:USW00003963,183
223,",,W,",TMIN,2017-02-06T00:00:00,GHCND:USW00003963,-21
224,",,W,",WDF2,2017-02-06T00:00:00,GHCND:USW00003963,190
225,",,W,",WDF5,2017-02-06T00:00:00,GHCND:USW00003963,170
226,",,W,",WSF2,2017-02-06T00:00:00,GHCND:USW00003963,63
227,",,W,",WSF5,2017-02-06T00:00:00,GHCND:USW00003963,81
228,",,W,",WT01,2017-02-06T00:00:00,GHCND:USW00003963,1
229,"T,,N,",PRCP,2017-02-07T00:00:00,GHCND:US1MOBN0007,0
230,",,N,",PRCP,2017-02-07T00:00:00,GHCND:US1MOBN0032,3
231,"T,,N,",PRCP,2017-02-07T00:00:00,GHCND:US1MOCE0007,0
232,"T,,N,",PRCP,2017-02-07T00:00:00,GHCND:US1MOCE0009,0
233,",,N,",SNOW,2017-02-07T00:00:00,GHCND:US1MOCE0009,0
234,"T,,N,",PRCP,2017-02-07T00:00:00,GHCND:US1MOCE0017,0
235,",,N,",SNOW,2017-02-07T00:00:00,GHCND:US1MOCE0017,0
236,",,N,",SNWD,2017-02-07T00:00:00,GHCND:US1MOCE0017,0
237,",,N,",WESD,2017-02-07T00:00:00,GHCND:US1MOCE0017,0
238,",,N,",WESF,2017-02-07T00:00:00,GHCND:US1MOCE0017,0
239,"T,,N,",PRCP,2017-02-07T00:00:00,GHCND:US1MOCW0009,0
240,"T,,N,",PRCP,2017-02-07T00:00:00,GHCND:US1MOCW0012,0
241,"T,,N,",PRCP,2017-02-07T00:00:00,GHCND:US1MOFSA051,0
242,",,7,0700",PRCP,2017-02-07T00:00:00,GHCND:USC00234271,0
243,",,7,0700",TMAX,2017-02-07T00:00:00,GHCND:USC00234271,178
244,",,7,0700",TMIN,2017-02-07T00:00:00,GHCND:USC00234271,39
245,",,7,0700",TOBS,2017-02-07T00:00:00,GHCND:USC00234271,139
246,",,H,",PRCP,2017-02-07T00:00:00,GHCND:USC00237497,3
247,",,W,",AWND,2017-02-07T00:00:00,GHCND:USW00003963,47
248,"T,,W,",PRCP,2017-02-07T00:00:00,GHCND:USW00003963,0
249,",,W,",SNOW,2017-02-07T00:00:00,GHCND:USW00003963,0
250,",,W,",SNWD,2017-02-07T00:00:00,GHCND:USW00003963,0
251,",,W,",TMAX,2017-02-07T00:00:00,GHCND:USW00003963,189
252,",,W,",TMIN,2017-02-07T00:00:00,GHCND:USW00003963,17
253,",,W,",WDF2,2017-02-07T00:00:00,GHCND:USW00003963,290
254,",,W,",WDF5,2017-02-07T00:00:00,GHCND:USW00003963,300
255,",,W,",WSF2,2017-02-07T00:00:00,GHCND:USW00003963,98
256,",,W,",WSF5,2017-02-07T00:00:00,GHCND:USW00003963,125
257,",,W,",WT03,2017-02-07T00:00:00,GHCND:USW00003963,1
258,",,N,",PRCP,2017-02-08T00:00:00,GHCND:US1MOBN0007,0
259,",,N,",SNOW,2017-02-08T00:00:00,GHCND:US1MOBN0007,0
260,",,N,",PRCP,2017-02-08T00:00:00,GHCND:US1MOBN0032,0
261,",,N,",SNOW,2017-02-08T00:00:00,GHCND:US1MOBN0032,0
262,",,N,",PRCP,2017-02-08T00:00:00,GHCND:US1MOCE0007,0
263,",,N,",SNOW,2017-02-08T00:00:00,GHCND:US1MOCE0007,0
264,"T,,N,",PRCP,2017-02-08T00:00:00,GHCND:US1MOCE0009,0
265,",,N,",PRCP,2017-02-08T00:00:00,GHCND:US1MOCE0017,0
266,",,N,",SNOW,2017-02-08T00:00:00,GHCND:US1MOCE0017,0
267,",,N,",SNWD,2017-02-08T00:00:00,GHCND:US1MOCE0017,0
268,",,N,",WESD,2017-02-08T00:00:00,GHCND:US1MOCE0017,0
269,",,N,",WESF,2017-02-08T00:00:00,GHCND:US1MOCE0017,0
270,"T,,N,",PRCP,2017-02-08T00:00:00,GHCND:US1MOCW0009,0
271,",,N,",PRCP,2017-02-08T00:00:00,GHCND:US1MOCW0012,0
272,",,N,",PRCP,2017-02-08T00:00:00,GHCND:US1MOFSA051,0
273,",,N,",SNOW,2017-02-08T00:00:00,GHCND:US1MOFSA051,0
274,",,7,0700",PRCP,2017-02-08T00:00:00,GHCND:USC00234271,0
275,",,7,0700",TMAX,2017-02-08T00:00:00,GHCND:USC00234271,139
276,",,7,0700",TMIN,2017-02-08T00:00:00,GHCND:USC00234271,-11
277,",,7,0700",TOBS,2017-02-08T00:00:00,GHCND:USC00234271,-6
278,",,H,",PRCP,2017-02-08T00:00:00,GHCND:USC00237497,0
279,",,W,",AWND,2017-02-08T00:00:00,GHCND:USW00003963,43
280,",,W,",PRCP,2017-02-08T00:00:00,GHCND:USW00003963,0
281,",,W,",SNOW,2017-02-08T00:00:00,GHCND:USW00003963,0
282,",,W,",SNWD,2017-02-08T00:00:00,GHCND:USW00003963,0
283,",,W,",TMAX,2017-02-08T00:00:00,GHCND:USW00003963,22
284,",,W,",TMIN,2017-02-08T00:00:00,GHCND:USW00003963,-66
285,",,W,",WDF2,2017-02-08T00:00:00,GHCND:USW00003963,350
286,",,W,",WDF5,2017-02-08T00:00:00,GHCND:USW00003963,350
287,",,W,",WSF2,2017-02-08T00:00:00,GHCND:USW00003963,103
288,",,W,",WSF5,2017-02-08T00:00:00,GHCND:USW00003963,130
289,",,N,",PRCP,2017-02-09T00:00:00,GHCND:US1MOBN0007,0
290,",,N,",SNOW,2017-02-09T00:00:00,GHCND:US1MOBN0007,0
291,"T,,N,",PRCP,2017-02-09T00:00:00,GHCND:US1MOBN0032,0
292,",,N,",PRCP,2017-02-09T00:00:00,GHCND:US1MOCE0007,0
293,",,N,",SNOW,2017-02-09T00:00:00,GHCND:US1MOCE0007,0
294,",,N,",PRCP,2017-02-09T00:00:00,GHCND:US1MOCE0009,0
295,",,N,",SNOW,2017-02-09T00:00:00,GHCND:US1MOCE0009,0
296,",,N,",PRCP,2017-02-09T00:00:00,GHCND:US1MOCE0017,0
297,",,N,",SNOW,2017-02-09T00:00:00,GHCND:US1MOCE0017,0
298,",,N,",SNWD,2017-02-09T00:00:00,GHCND:US1MOCE0017,0
299,",,N,",WESD,2017-02-09T00:00:00,GHCND:US1MOCE0017,0
300,",,N,",WESF,2017-02-09T00:00:00,GHCND:US1MOCE0017,0
301,",,N,",PRCP,2017-02-09T00:00:00,GHCND:US1MOCW0009,0
302,",,N,",SNOW,2017-02-09T00:00:00,GHCND:US1MOCW0009,0
303,",,N,",PRCP,2017-02-09T00:00:00,GHCND:US1MOCW0012,0
304,",,N,",PRCP,2017-02-09T00:00:00,GHCND:US1MOFSA051,0
305,",,N,",SNOW,2017-02-09T00:00:00,GHCND:US1MOFSA051,0
306,",,7,0700",PRCP,2017-02-09T00:00:00,GHCND:USC00234271,0
307,",,7,0700",TMAX,2017-02-09T00:00:00,GHCND:USC00234271,6
308,",,7,0700",TMIN,2017-02-09T00:00:00,GHCND:USC00234271,-83
309,",,7,0700",TOBS,2017-02-09T00:00:00,GHCND:USC00234271,-78
310,",,H,",PRCP,2017-02-09T00:00:00,GHCND:USC00237497,0
311,",,W,",AWND,2017-02-09T00:00:00,GHCND:USW00003963,27
312,",,W,",PRCP,2017-02-09T00:00:00,GHCND:USW00003963,0
313,",,W,",SNOW,2017-02-09T00:00:00,GHCND:USW00003963,0
314,",,W,",SNWD,2017-02-09T00:00:00,GHCND:USW00003963,0
315,",,W,",TMAX,2017-02-09T00:00:00,GHCND:USW00003963,0
316,",,W,",TMIN,2017-02-09T00:00:00,GHCND:USW00003963,-77
317,",,W,",WDF2,2017-02-09T00:00:00,GHCND:USW00003963,110
318,",,W,",WDF5,2017-02-09T00:00:00,GHCND:USW00003963,300
319,",,W,",WSF2,2017-02-09T00:00:00,GHCND:USW00003963,54
320,",,W,",WSF5,2017-02-09T00:00:00,GHCND:USW00003963,76
321,",,N,",PRCP,2017-02-10T00:00:00,GHCND:US1MOBN0007,0
322,",,N,",SNOW,2017-02-10T00:00:00,GHCND:US1MOBN0007,0
323,",,N,",PRCP,2017-02-10T00:00:00,GHCND:US1MOBN0032,0
324,",,N,",SNOW,2017-02-10T00:00:00,GHCND:US1MOBN0032,0
325,",,N,",PRCP,2017-02-10T00:00:00,GHCND:US1MOCE0007,0
326,",,N,",PRCP,2017-02-10T00:00:00,GHCND:US1MOCE0009,0
327,",,N,",SNOW,2017-02-10T00:00:00,GHCND:US1MOCE0009,0
328,",,N,",PRCP,2017-02-10T00:00:00,GHCND:US1MOCE0017,0
329,",,N,",SNOW,2017-02-10T00:00:00,GHCND:US1MOCE0017,0
330,",,N,",SNWD,2017-02-10T00:00:00,GHCND:US1MOCE0017,0
331,",,N,",WESD,2017-02-10T00:00:00,GHCND:US1MOCE0017,0
332,",,N,",WESF,2017-02-10T00:00:00,GHCND:US1MOCE0017,0
333,",,N,",PRCP,2017-02-10T00:00:00,GHCND:US1MOCW0009,0
334,",,N,",SNOW,2017-02-10T00:00:00,GHCND:US1MOCW0009,0
335,",,N,",PRCP,2017-02-10T00:00:00,GHCND:US1MOCW0012,0
336,",,N,",PRCP,2017-02-10T00:00:00,GHCND:US1MOFSA051,0
337,",,N,",SNOW,2017-02-10T00:00:00,GHCND:US1MOFSA051,0
338,",,7,0700",PRCP,2017-02-10T00:00:00,GHCND:USC00234271,0
339,",,7,0700",TMAX,2017-02-10T00:00:00,GHCND:USC00234271,33
340,",,7,0700",TMIN,2017-02-10T00:00:00,GHCND:USC00234271,-83
341,",,7,0700",TOBS,2017-02-10T00:00:00,GHCND:USC00234271,33
342,",,H,",PRCP,2017-02-10T00:00:00,GHCND:USC00237497,0
343,",,W,",AWND,2017-02-10T00:00:00,GHCND:USW00003963,41
344,",,W,",PRCP,2017-02-10T00:00:00,GHCND:USW00003963,0
345,",,W,",SNOW,2017-02-10T00:00:00,GHCND:USW00003963,0
346,",,W,",SNWD,2017-02-10T00:00:00,GHCND:USW00003963,0
347,",,W,",TMAX,2017-02-10T00:00:00,GHCND:USW00003963,217
348,",,W,",TMIN,2017-02-10T00:00:00,GHCND:USW00003963,-43
349,",,W,",WDF2,2017-02-10T00:00:00,GHCND:USW00003963,220
350,",,W,",WDF5,2017-02-10T00:00:00,GHCND:USW00003963,220
351,",,W,",WSF2,2017-02-10T00:00:00,GHCND:USW00003963,112
352,",,W,",WSF5,2017-02-10T00:00:00,GHCND:USW00003963,143
353,",,N,",PRCP,2017-02-11T00:00:00,GHCND:US1MOBN0007,0
354,",,N,",SNOW,2017-02-11T00:00:00,GHCND:US1MOBN0007,0
355,",,N,",PRCP,2017-02-11T00:00:00,GHCND:US1MOBN0032,0
356,",,N,",SNOW,2017-02-11T00:00:00,GHCND:US1MOBN0032,0
357,",,N,",PRCP,2017-02-11T00:00:00,GHCND:US1MOCE0007,0
358,",,N,",PRCP,2017-02-11T00:00:00,GHCND:US1MOCE0009,0
359,",,N,",SNOW,2017-02-11T00:00:00,GHCND:US1MOCE0009,0
360,",,N,",PRCP,2017-02-11T00:00:00,GHCND:US1MOCE0017,0
361,",,N,",SNOW,2017-02-11T00:00:00,GHCND:US1MOCE0017,0
362,",,N,",SNWD,2017-02-11T00:00:00,GHCND:US1MOCE0017,0
363,",,N,",WESD,2017-02-11T00:00:00,GHCND:US1MOCE0017,0
364,",,N,",WESF,2017-02-11T00:00:00,GHCND:US1MOCE0017,0
365,",,N,",PRCP,2017-02-11T00:00:00,GHCND:US1MOCW0009,0
366,",,N,",SNOW,2017-02-11T00:00:00,GHCND:US1MOCW0009,0
367,",,N,",PRCP,2017-02-11T00:00:00,GHCND:US1MOCW0012,0
368,",,N,",PRCP,2017-02-11T00:00:00,GHCND:US1MOFSA051,0
369,",,N,",SNOW,2017-02-11T00:00:00,GHCND:US1MOFSA051,0
370,",,7,0700",PRCP,2017-02-11T00:00:00,GHCND:USC00234271,0
371,",,7,0700",TMAX,2017-02-11T00:00:00,GHCND:USC00234271,217
372,",,7,0700",TMIN,2017-02-11T00:00:00,GHCND:USC00234271,33
373,",,7,0700",TOBS,2017-02-11T00:00:00,GHCND:USC00234271,94
374,",,H,",PRCP,2017-02-11T00:00:00,GHCND:USC00237497,0
375,",,W,",AWND,2017-02-11T00:00:00,GHCND:USW00003963,23
376,",,W,",PRCP,2017-02-11T00:00:00,GHCND:USW00003963,0
377,",,W,",SNOW,2017-02-11T00:00:00,GHCND:USW00003963,0
378,",,W,",SNWD,2017-02-11T00:00:00,GHCND:USW00003963,0
379,",,W,",TMAX,2017-02-11T00:00:00,GHCND:USW00003963,244
380,",,W,",TMIN,2017-02-11T00:00:00,GHCND:USW00003963,44
381,",,W,",WDF2,2017-02-11T00:00:00,GHCND:USW00003963,20
382,",,W,",WDF5,2017-02-11T00:00:00,GHCND:USW00003963,200
383,",,W,",WSF2,2017-02-11T00:00:00,GHCND:USW00003963,58
384,",,W,",WSF5,2017-02-11T00:00:00,GHCND:USW00003963,72
385,",,N,",PRCP,2017-02-12T00:00:00,GHCND:US1MOBN0007,0
386,",,N,",SNOW,2017-02-12T00:00:00,GHCND:US1MOBN0007,0
387,",,N,",PRCP,2017-02-12T00:00:00,GHCND:US1MOBN0032,0
388,",,N,",SNOW,2017-02-12T00:00:00,GHCND:US1MOBN0032,0
389,",,N,",PRCP,2017-02-12T00:00:00,GHCND:US1MOCE0007,0
390,",,N,",SNOW,2017-02-12T00:00:00,GHCND:US1MOCE0007,0
391,",,N,",PRCP,2017-02-12T00:00:00,GHCND:US1MOCE0009,0
392,",,N,",SNOW,2017-02-12T00:00:00,GHCND:US1MOCE0009,0
393,",,N,",PRCP,2017-02-12T00:00:00,GHCND:US1MOCE0017,0
394,",,N,",SNOW,2017-02-12T00:00:00,GHCND:US1MOCE0017,0
395,",,N,",SNWD,2017-02-12T00:00:00,GHCND:US1MOCE0017,0
396,",,N,",WESD,2017-02-12T00:00:00,GHCND:US1MOCE0017,0
397,",,N,",WESF,2017-02-12T00:00:00,GHCND:US1MOCE0017,0
398,",,N,",PRCP,2017-02-12T00:00:00,GHCND:US1MOCW0009,0
399,",,N,",SNOW,2017-02-12T00:00:00,GHCND:US1MOCW0009,0
400,",,N,",PRCP,2017-02-12T00:00:00,GHCND:US1MOCW0012,0
401,",,N,",PRCP,2017-02-12T00:00:00,GHCND:US1MOFSA051,0
402,",,N,",SNOW,2017-02-12T00:00:00,GHCND:US1MOFSA051,0
403,",,7,0700",PRCP,2017-02-12T00:00:00,GHCND:USC00234271,0
404,",,7,0700",TMAX,2017-02-12T00:00:00,GHCND:USC00234271,239
405,",,7,0700",TMIN,2017-02-12T00:00:00,GHCND:USC00234271,50
406,",,7,0700",TOBS,2017-02-12T00:00:00,GHCND:USC00234271,56
407,",,H,",PRCP,2017-02-12T00:00:00,GHCND:USC00237497,0
408,",,W,",AWND,2017-02-12T00:00:00,GHCND:USW00003963,44
409,",,W,",PRCP,2017-02-12T00:00:00,GHCND:USW00003963,0
410,",,W,",SNOW,2017-02-12T00:00:00,GHCND:USW00003963,0
411,",,W,",SNWD,2017-02-12T00:00:00,GHCND:USW00003963,0
412,",,W,",TMAX,2017-02-12T00:00:00,GHCND:USW00003963,128
413,",,W,",TMIN,2017-02-12T00:00:00,GHCND:USW00003963,-21
414,",,W,",WDF2,2017-02-12T00:00:00,GHCND:USW00003963,340
415,",,W,",WDF5,2017-02-12T00:00:00,GHCND:USW00003963,330
416,",,W,",WSF2,2017-02-12T00:00:00,GHCND:USW00003963,103
417,",,W,",WSF5,2017-02-12T00:00:00,GHCND:USW00003963,139
418,",,N,",PRCP,2017-02-13T00:00:00,GHCND:US1MOBN0007,0
419,",,N,",SNOW,2017-02-13T00:00:00,GHCND:US1MOBN0007,0
420,",,N,",PRCP,2017-02-13T00:00:00,GHCND:US1MOBN0032,0
421,",,N,",SNOW,2017-02-13T00:00:00,GHCND:US1MOBN0032,0
422,",,N,",PRCP,2017-02-13T00:00:00,GHCND:US1MOCE0007,0
423,",,N,",SNOW,2017-02-13T00:00:00,GHCND:US1MOCE0007,0
424,",,N,",PRCP,2017-02-13T00:00:00,GHCND:US1MOCE0009,0
425,",,N,",SNOW,2017-02-13T00:00:00,GHCND:US1MOCE0009,0
426,",,N,",PRCP,2017-02-13T00:00:00,GHCND:US1MOCE0017,0
427,",,N,",SNOW,2017-02-13T00:00:00,GHCND:US1MOCE0017,0
428,",,N,",SNWD,2017-02-13T00:00:00,GHCND:US1MOCE0017,0
429,",,N,",WESD,2017-02-13T00:00:00,GHCND:US1MOCE0017,0
430,",,N,",WESF,2017-02-13T00:00:00,GHCND:US1MOCE0017,0
431,",,N,",PRCP,2017-02-13T00:00:00,GHCND:US1MOCW0009,0
432,",,N,",SNOW,2017-02-13T00:00:00,GHCND:US1MOCW0009,0
433,",,N,",PRCP,2017-02-13T00:00:00,GHCND:US1MOCW0012,0
434,",,N,",PRCP,2017-02-13T00:00:00,GHCND:US1MOFSA051,0
435,",,N,",SNOW,2017-02-13T00:00:00,GHCND:US1MOFSA051,0
436,",,7,0700",PRCP,2017-02-13T00:00:00,GHCND:USC00234271,0
437,",,7,0700",TMAX,2017-02-13T00:00:00,GHCND:USC00234271,117
438,",,7,0700",TMIN,2017-02-13T00:00:00,GHCND:USC00234271,-33
439,",,7,0700",TOBS,2017-02-13T00:00:00,GHCND:USC00234271,-33
440,",,H,",PRCP,2017-02-13T00:00:00,GHCND:USC00237497,0
441,",,W,",AWND,2017-02-13T00:00:00,GHCND:USW00003963,6
442,",,W,",PRCP,2017-02-13T00:00:00,GHCND:USW00003963,0
443,",,W,",SNOW,2017-02-13T00:00:00,GHCND:USW00003963,0
444,",,W,",SNWD,2017-02-13T00:00:00,GHCND:USW00003963,0
445,",,W,",TMAX,2017-02-13T00:00:00,GHCND:USW00003963,94
446,",,W,",TMIN,2017-02-13T00:00:00,GHCND:USW00003963,-55
447,",,W,",WDF2,2017-02-13T00:00:00,GHCND:USW00003963,200
448,",,W,",WDF5,2017-02-13T00:00:00,GHCND:USW00003963,200
449,",,W,",WSF2,2017-02-13T00:00:00,GHCND:USW00003963,36
450,",,W,",WSF5,2017-02-13T00:00:00,GHCND:USW00003963,45
451,"T,,N,",PRCP,2017-02-14T00:00:00,GHCND:US1MOBN0007,0
452,",,N,",SNOW,2017-02-14T00:00:00,GHCND:US1MOBN0007,0
453,",,N,",PRCP,2017-02-14T00:00:00,GHCND:US1MOBN0032,0
454,",,N,",SNOW,2017-02-14T00:00:00,GHCND:US1MOBN0032,0
455,",,N,",PRCP,2017-02-14T00:00:00,GHCND:US1MOCE0007,0
456,",,N,",PRCP,2017-02-14T00:00:00,GHCND:US1MOCE0009,0
457,",,N,",SNOW,2017-02-14T00:00:00,GHCND:US1MOCE0009,0
458,",,N,",PRCP,2017-02-14T00:00:00,GHCND:US1MOCE0017,0
459,",,N,",SNOW,2017-02-14T00:00:00,GHCND:US1MOCE0017,0
460,",,N,",SNWD,2017-02-14T00:00:00,GHCND:US1MOCE0017,0
461,",,N,",WESD,2017-02-14T00:00:00,GHCND:US1MOCE0017,0
462,",,N,",WESF,2017-02-14T00:00:00,GHCND:US1MOCE0017,0
463,"T,,N,",PRCP,2017-02-14T00:00:00,GHCND:US1MOCW0009,0
464,",,N,",PRCP,2017-02-14T00:00:00,GHCND:US1MOCW0012,0
465,",,N,",PRCP,2017-02-14T00:00:00,GHCND:US1MOFSA051,0
466,",,N,",SNOW,2017-02-14T00:00:00,GHCND:US1MOFSA051,0
467,",,7,0700",PRCP,2017-02-14T00:00:00,GHCND:USC00234271,0
468,",,7,0700",TMAX,2017-02-14T00:00:00,GHCND:USC00234271,94
469,",,7,0700",TMIN,2017-02-14T00:00:00,GHCND:USC00234271,-33
470,",,7,0700",TOBS,2017-02-14T00:00:00,GHCND:USC00234271,33
471,",,W,",AWND,2017-02-14T00:00:00,GHCND:USW00003963,18
472,",,W,",PRCP,2017-02-14T00:00:00,GHCND:USW00003963,0
473,",,W,",SNOW,2017-02-14T00:00:00,GHCND:USW00003963,0
474,",,W,",SNWD,2017-02-14T00:00:00,GHCND:USW00003963,0
475,",,W,",TMAX,2017-02-14T00:00:00,GHCND:USW00003963,128
476,",,W,",TMIN,2017-02-14T00:00:00,GHCND:USW00003963,11
477,",,W,",WDF2,2017-02-14T00:00:00,GHCND:USW00003963,330
478,",,W,",WDF5,2017-02-14T00:00:00,GHCND:USW00003963,330
479,",,W,",WSF2,2017-02-14T00:00:00,GHCND:USW00003963,54
480,",,W,",WSF5,2017-02-14T00:00:00,GHCND:USW00003963,67
481,",,N,",PRCP,2017-02-15T00:00:00,GHCND:US1MOBN0007,0
482,",,N,",SNOW,2017-02-15T00:00:00,GHCND:US1MOBN0007,0
483,",,N,",PRCP,2017-02-15T00:00:00,GHCND:US1MOBN0032,0
484,",,N,",SNOW,2017-02-15T00:00:00,GHCND:US1MOBN0032,0
485,",,N,",PRCP,2017-02-15T00:00:00,GHCND:US1MOCE0007,0
486,",,N,",SNOW,2017-02-15T00:00:00,GHCND:US1MOCE0007,0
487,",,N,",PRCP,2017-02-15T00:00:00,GHCND:US1MOCE0009,0
488,",,N,",SNOW,2017-02-15T00:00:00,GHCND:US1MOCE0009,0
489,",,N,",PRCP,2017-02-15T00:00:00,GHCND:US1MOCE0017,0
490,",,N,",SNOW,2017-02-15T00:00:00,GHCND:US1MOCE0017,0
491,",,N,",SNWD,2017-02-15T00:00:00,GHCND:US1MOCE0017,0
492,",,N,",WESD,2017-02-15T00:00:00,GHCND:US1MOCE0017,0
493,",,N,",WESF,2017-02-15T00:00:00,GHCND:US1MOCE0017,0
494,",,N,",PRCP,2017-02-15T00:00:00,GHCND:US1MOCW0009,0
495,",,N,",SNOW,2017-02-15T00:00:00,GHCND:US1MOCW0009,0
496,",,N,",PRCP,2017-02-15T00:00:00,GHCND:US1MOCW0012,0
497,",,N,",PRCP,2017-02-15T00:00:00,GHCND:US1MOFSA051,0
498,",,N,",SNOW,2017-02-15T00:00:00,GHCND:US1MOFSA051,0
499,",,7,0700",PRCP,2017-02-15T00:00:00,GHCND:USC00234271,0
500,",,7,0700",TMAX,2017-02-15T00:00:00,GHCND:USC00234271,122
501,",,7,0700",TMIN,2017-02-15T00:00:00,GHCND:USC00234271,-6
502,",,7,0700",TOBS,2017-02-15T00:00:00,GHCND:USC00234271,-6
503,",,H,",PRCP,2017-02-15T00:00:00,GHCND:USC00237497,0
504,",,W,",AWND,2017-02-15T00:00:00,GHCND:USW00003963,31
505,",,W,",PRCP,2017-02-15T00:00:00,GHCND:USW00003963,0
506,",,W,",SNOW,2017-02-15T00:00:00,GHCND:USW00003963,0
507,",,W,",SNWD,2017-02-15T00:00:00,GHCND:USW00003963,0
508,",,W,",TMAX,2017-02-15T00:00:00,GHCND:USW00003963,94
509,",,W,",TMIN,2017-02-15T00:00:00,GHCND:USW00003963,-27
510,",,W,",WDF2,2017-02-15T00:00:00,GHCND:USW00003963,330
511,",,W,",WDF5,2017-02-15T00:00:00,GHCND:USW00003963,320
512,",,W,",WSF2,2017-02-15T00:00:00,GHCND:USW00003963,67
513,",,W,",WSF5,2017-02-15T00:00:00,GHCND:USW00003963,89
514,",,N,",PRCP,2017-02-16T00:00:00,GHCND:US1MOBN0007,0
515,",,N,",SNOW,2017-02-16T00:00:00,GHCND:US1MOBN0007,0
516,",,N,",PRCP,2017-02-16T00:00:00,GHCND:US1MOBN0032,0
517,",,N,",SNOW,2017-02-16T00:00:00,GHCND:US1MOBN0032,0
518,",,N,",PRCP,2017-02-16T00:00:00,GHCND:US1MOCE0007,0
519,",,N,",PRCP,2017-02-16T00:00:00,GHCND:US1MOCE0009,0
520,",,N,",SNOW,2017-02-16T00:00:00,GHCND:US1MOCE0009,0
521,",,N,",PRCP,2017-02-16T00:00:00,GHCND:US1MOCE0017,0
522,",,N,",SNOW,2017-02-16T00:00:00,GHCND:US1MOCE0017,0
523,",,N,",SNWD,2017-02-16T00:00:00,GHCND:US1MOCE0017,0
524,",,N,",WESD,2017-02-16T00:00:00,GHCND:US1MOCE0017,0
525,",,N,",WESF,2017-02-16T00:00:00,GHCND:US1MOCE0017,0
526,",,N,",PRCP,2017-02-16T00:00:00,GHCND:US1MOCW0009,0
527,",,N,",SNOW,2017-02-16T00:00:00,GHCND:US1MOCW0009,0
528,",,N,",PRCP,2017-02-16T00:00:00,GHCND:US1MOCW0012,0
529,",,N,",PRCP,2017-02-16T00:00:00,GHCND:US1MOFSA051,0
530,",,N,",SNOW,2017-02-16T00:00:00,GHCND:US1MOFSA051,0
531,",,7,0700",PRCP,2017-02-16T00:00:00,GHCND:USC00234271,0
532,",,7,0700",TMAX,2017-02-16T00:00:00,GHCND:USC00234271,94
533,",,7,0700",TMIN,2017-02-16T00:00:00,GHCND:USC00234271,-17
534,",,7,0700",TOBS,2017-02-16T00:00:00,GHCND:USC00234271,6
535,",,H,",PRCP,2017-02-16T00:00:00,GHCND:USC00237497,0
536,",,W,",AWND,2017-02-16T00:00:00,GHCND:USW00003963,30
537,",,W,",PRCP,2017-02-16T00:00:00,GHCND:USW00003963,0
538,",,W,",SNOW,2017-02-16T00:00:00,GHCND:USW00003963,0
539,",,W,",SNWD,2017-02-16T00:00:00,GHCND:USW00003963,0
540,",,W,",TMAX,2017-02-16T00:00:00,GHCND:USW00003963,206
541,",,W,",TMIN,2017-02-16T00:00:00,GHCND:USW00003963,-49
542,",,W,",WDF2,2017-02-16T00:00:00,GHCND:USW00003963,240
543,",,W,",WDF5,2017-02-16T00:00:00,GHCND:USW00003963,230
544,",,W,",WSF2,2017-02-16T00:00:00,GHCND:USW00003963,94
545,",,W,",WSF5,2017-02-16T00:00:00,GHCND:USW00003963,125
546,",,N,",PRCP,2017-02-17T00:00:00,GHCND:US1MOBN0007,0
547,",,N,",SNOW,2017-02-17T00:00:00,GHCND:US1MOBN0007,0
548,",,N,",PRCP,2017-02-17T00:00:00,GHCND:US1MOBN0032,0
549,",,N,",SNOW,2017-02-17T00:00:00,GHCND:US1MOBN0032,0
550,",,N,",PRCP,2017-02-17T00:00:00,GHCND:US1MOCE0007,0
551,",,N,",PRCP,2017-02-17T00:00:00,GHCND:US1MOCE0009,0
552,",,N,",SNOW,2017-02-17T00:00:00,GHCND:US1MOCE0009,0
553,",,N,",PRCP,2017-02-17T00:00:00,GHCND:US1MOCE0017,0
554,",,N,",SNOW,2017-02-17T00:00:00,GHCND:US1MOCE0017,0
555,",,N,",SNWD,2017-02-17T00:00:00,GHCND:US1MOCE0017,0
556,",,N,",WESD,2017-02-17T00:00:00,GHCND:US1MOCE0017,0
557,",,N,",WESF,2017-02-17T00:00:00,GHCND:US1MOCE0017,0
558,",,N,",PRCP,2017-02-17T00:00:00,GHCND:US1MOCW0009,0
559,",,N,",SNOW,2017-02-17T00:00:00,GHCND:US1MOCW0009,0
560,",,N,",PRCP,2017-02-17T00:00:00,GHCND:US1MOCW0012,0
561,",,N,",PRCP,2017-02-17T00:00:00,GHCND:US1MOFSA051,0
562,",,N,",SNOW,2017-02-17T00:00:00,GHCND:US1MOFSA051,0
563,",,7,0700",PRCP,2017-02-17T00:00:00,GHCND:USC00234271,0
564,",,7,0700",TMAX,2017-02-17T00:00:00,GHCND:USC00234271,206
565,",,7,0700",TMIN,2017-02-17T00:00:00,GHCND:USC00234271,6
566,",,7,0700",TOBS,2017-02-17T00:00:00,GHCND:USC00234271,78
567,",,H,",PRCP,2017-02-17T00:00:00,GHCND:USC00237497,0
568,",,W,",AWND,2017-02-17T00:00:00,GHCND:USW00003963,22
569,",,W,",PRCP,2017-02-17T00:00:00,GHCND:USW00003963,0
570,",,W,",SNOW,2017-02-17T00:00:00,GHCND:USW00003963,0
571,",,W,",SNWD,2017-02-17T00:00:00,GHCND:USW00003963,0
572,",,W,",TMAX,2017-02-17T00:00:00,GHCND:USW00003963,233
573,",,W,",TMIN,2017-02-17T00:00:00,GHCND:USW00003963,78
574,",,W,",WDF2,2017-02-17T00:00:00,GHCND:USW00003963,230
575,",,W,",WDF5,2017-02-17T00:00:00,GHCND:USW00003963,220
576,",,W,",WSF2,2017-02-17T00:00:00,GHCND:USW00003963,76
577,",,W,",WSF5,2017-02-17T00:00:00,GHCND:USW00003963,98
578,",,N,",PRCP,2017-02-18T00:00:00,GHCND:US1MOBN0007,0
579,",,N,",SNOW,2017-02-18T00:00:00,GHCND:US1MOBN0007,0
580,",,N,",PRCP,2017-02-18T00:00:00,GHCND:US1MOBN0032,0
581,",,N,",SNOW,2017-02-18T00:00:00,GHCND:US1MOBN0032,0
582,",,N,",PRCP,2017-02-18T00:00:00,GHCND:US1MOCE0007,0
583,",,N,",SNOW,2017-02-18T00:00:00,GHCND:US1MOCE0007,0
584,",,N,",PRCP,2017-02-18T00:00:00,GHCND:US1MOCE0009,0
585,",,N,",SNOW,2017-02-18T00:00:00,GHCND:US1MOCE0009,0
586,",,N,",PRCP,2017-02-18T00:00:00,GHCND:US1MOCE0017,0
587,",,N,",SNOW,2017-02-18T00:00:00,GHCND:US1MOCE0017,0
588,",,N,",SNWD,2017-02-18T00:00:00,GHCND:US1MOCE0017,0
589,",,N,",WESD,2017-02-18T00:00:00,GHCND:US1MOCE0017,0
590,",,N,",WESF,2017-02-18T00:00:00,GHCND:US1MOCE0017,0
591,",,N,",PRCP,2017-02-18T00:00:00,GHCND:US1MOCW0009,0
592,",,N,",SNOW,2017-02-18T00:00:00,GHCND:US1MOCW0009,0
593,",,N,",PRCP,2017-02-18T00:00:00,GHCND:US1MOCW0012,0
594,",,N,",PRCP,2017-02-18T00:00:00,GHCND:US1MOFSA051,0
595,",,N,",SNOW,2017-02-18T00:00:00,GHCND:US1MOFSA051,0
596,",,7,0700",PRCP,2017-02-18T00:00:00,GHCND:USC00234271,0
597,",,7,0700",TMAX,2017-02-18T00:00:00,GHCND:USC00234271,233
598,",,7,0700",TMIN,2017-02-18T00:00:00,GHCND:USC00234271,78
599,",,7,0700",TOBS,2017-02-18T00:00:00,GHCND:USC00234271,94
600,",,H,",PRCP,2017-02-18T00:00:00,GHCND:USC00237497,0
601,",,W,",AWND,2017-02-18T00:00:00,GHCND:USW00003963,18
602,",,W,",PRCP,2017-02-18T00:00:00,GHCND:USW00003963,0
603,",,W,",SNOW,2017-02-18T00:00:00,GHCND:USW00003963,0
604,",,W,",SNWD,2017-02-18T00:00:00,GHCND:USW00003963,0
605,",,W,",TMAX,2017-02-18T00:00:00,GHCND:USW00003963,217
606,",,W,",TMIN,2017-02-18T00:00:00,GHCND:USW00003963,56
607,",,W,",WDF2,2017-02-18T00:00:00,GHCND:USW00003963,270
608,",,W,",WDF5,2017-02-18T00:00:00,GHCND:USW00003963,280
609,",,W,",WSF2,2017-02-18T00:00:00,GHCND:USW00003963,63
610,",,W,",WSF5,2017-02-18T00:00:00,GHCND:USW00003963,85
611,",,N,",PRCP,2017-02-19T00:00:00,GHCND:US1MOBN0007,0
612,",,N,",SNOW,2017-02-19T00:00:00,GHCND:US1MOBN0007,0
613,",,N,",PRCP,2017-02-19T00:00:00,GHCND:US1MOBN0032,0
614,",,N,",SNOW,2017-02-19T00:00:00,GHCND:US1MOBN0032,0
615,",,N,",PRCP,2017-02-19T00:00:00,GHCND:US1MOCE0007,0
616,",,N,",PRCP,2017-02-19T00:00:00,GHCND:US1MOCE0009,0
617,",,N,",SNOW,2017-02-19T00:00:00,GHCND:US1MOCE0009,0
618,",,N,",PRCP,2017-02-19T00:00:00,GHCND:US1MOCE0017,0
619,",,N,",SNOW,2017-02-19T00:00:00,GHCND:US1MOCE0017,0
620,",,N,",SNWD,2017-02-19T00:00:00,GHCND:US1MOCE0017,0
621,",,N,",WESD,2017-02-19T00:00:00,GHCND:US1MOCE0017,0
622,",,N,",WESF,2017-02-19T00:00:00,GHCND:US1MOCE0017,0
623,",,N,",PRCP,2017-02-19T00:00:00,GHCND:US1MOCW0009,0
624,",,N,",SNOW,2017-02-19T00:00:00,GHCND:US1MOCW0009,0
625,",,N,",PRCP,2017-02-19T00:00:00,GHCND:US1MOCW0012,0
626,",,N,",PRCP,2017-02-19T00:00:00,GHCND:US1MOFSA051,0
627,",,N,",SNOW,2017-02-19T00:00:00,GHCND:US1MOFSA051,0
628,",,7,0700",PRCP,2017-02-19T00:00:00,GHCND:USC00234271,0
629,",,7,0700",TMAX,2017-02-19T00:00:00,GHCND:USC00234271,217
630,",,7,0700",TMIN,2017-02-19T00:00:00,GHCND:USC00234271,39
631,",,7,0700",TOBS,2017-02-19T00:00:00,GHCND:USC00234271,44
632,",,H,",PRCP,2017-02-19T00:00:00,GHCND:USC00237497,0
633,",,W,",AWND,2017-02-19T00:00:00,GHCND:USW00003963,29
634,",,W,",PRCP,2017-02-19T00:00:00,GHCND:USW00003963,0
635,",,W,",SNOW,2017-02-19T00:00:00,GHCND:USW00003963,0
636,",,W,",SNWD,2017-02-19T00:00:00,GHCND:USW00003963,0
637,",,W,",TMAX,2017-02-19T00:00:00,GHCND:USW00003963,250
638,",,W,",TMIN,2017-02-19T00:00:00,GHCND:USW00003963,0
639,",,W,",WDF2,2017-02-19T00:00:00,GHCND:USW00003963,140
640,",,W,",WDF5,2017-02-19T00:00:00,GHCND:USW00003963,140
641,",,W,",WSF2,2017-02-19T00:00:00,GHCND:USW00003963,76
642,",,W,",WSF5,2017-02-19T00:00:00,GHCND:USW00003963,89
643,",,W,",WT01,2017-02-19T00:00:00,GHCND:USW00003963,1
644,",,W,",WT02,2017-02-19T00:00:00,GHCND:USW00003963,1
645,",,N,",PRCP,2017-02-20T00:00:00,GHCND:US1MOBN0007,0
646,",,N,",SNOW,2017-02-20T00:00:00,GHCND:US1MOBN0007,0
647,",,N,",PRCP,2017-02-20T00:00:00,GHCND:US1MOBN0032,0
648,",,N,",SNOW,2017-02-20T00:00:00,GHCND:US1MOBN0032,0
649,",,N,",PRCP,2017-02-20T00:00:00,GHCND:US1MOCE0007,0
650,",,N,",PRCP,2017-02-20T00:00:00,GHCND:US1MOCE0009,0
651,",,N,",SNOW,2017-02-20T00:00:00,GHCND:US1MOCE0009,0
652,",,N,",PRCP,2017-02-20T00:00:00,GHCND:US1MOCE0017,0
653,",,N,",SNOW,2017-02-20T00:00:00,GHCND:US1MOCE0017,0
654,",,N,",SNWD,2017-02-20T00:00:00,GHCND:US1MOCE0017,0
655,",,N,",WESD,2017-02-20T00:00:00,GHCND:US1MOCE0017,0
656,",,N,",WESF,2017-02-20T00:00:00,GHCND:US1MOCE0017,0
657,",,N,",PRCP,2017-02-20T00:00:00,GHCND:US1MOCW0009,0
658,",,N,",SNOW,2017-02-20T00:00:00,GHCND:US1MOCW0009,0
659,",,N,",PRCP,2017-02-20T00:00:00,GHCND:US1MOCW0012,0
660,",,N,",PRCP,2017-02-20T00:00:00,GHCND:US1MOFSA051,0
661,",,N,",SNOW,2017-02-20T00:00:00,GHCND:US1MOFSA051,0
662,",,7,0700",PRCP,2017-02-20T00:00:00,GHCND:USC00234271,0
663,",,7,0700",TMAX,2017-02-20T00:00:00,GHCND:USC00234271,250
664,",,7,0700",TMIN,2017-02-20T00:00:00,GHCND:USC00234271,44
665,",,7,0700",TOBS,2017-02-20T00:00:00,GHCND:USC00234271,167
666,",,H,",PRCP,2017-02-20T00:00:00,GHCND:USC00237497,0
667,",,W,",AWND,2017-02-20T00:00:00,GHCND:USW00003963,45
668,",,W,",PRCP,2017-02-20T00:00:00,GHCND:USW00003963,124
669,",,W,",SNOW,2017-02-20T00:00:00,GHCND:USW00003963,0
670,",,W,",SNWD,2017-02-20T00:00:00,GHCND:USW00003963,0
671,",,W,",TMAX,2017-02-20T00:00:00,GHCND:USW00003963,250
672,",,W,",TMIN,2017-02-20T00:00:00,GHCND:USW00003963,144
673,",,W,",WDF2,2017-02-20T00:00:00,GHCND:USW00003963,160
674,",,W,",WDF5,2017-02-20T00:00:00,GHCND:USW00003963,160
675,",,W,",WSF2,2017-02-20T00:00:00,GHCND:USW00003963,107
676,",,W,",WSF5,2017-02-20T00:00:00,GHCND:USW00003963,152
677,",,W,",WT01,2017-02-20T00:00:00,GHCND:USW00003963,1
678,",,W,",WT03,2017-02-20T00:00:00,GHCND:USW00003963,1
679,",,N,",PRCP,2017-02-21T00:00:00,GHCND:US1MOBN0007,23
680,",,N,",PRCP,2017-02-21T00:00:00,GHCND:US1MOBN0032,53
681,",,N,",PRCP,2017-02-21T00:00:00,GHCND:US1MOCE0007,10
682,",,N,",PRCP,2017-02-21T00:00:00,GHCND:US1MOCE0009,112
683,",,N,",PRCP,2017-02-21T00:00:00,GHCND:US1MOCE0017,38
684,",,N,",SNOW,2017-02-21T00:00:00,GHCND:US1MOCE0017,0
685,",,N,",SNWD,2017-02-21T00:00:00,GHCND:US1MOCE0017,0
686,",,N,",WESD,2017-02-21T00:00:00,GHCND:US1MOCE0017,0
687,",,N,",WESF,2017-02-21T00:00:00,GHCND:US1MOCE0017,0
688,",,N,",PRCP,2017-02-21T00:00:00,GHCND:US1MOCW0009,36
689,",,N,",PRCP,2017-02-21T00:00:00,GHCND:US1MOCW0012,160
690,",,N,",PRCP,2017-02-21T00:00:00,GHCND:US1MOFSA051,155
691,",,7,0700",PRCP,2017-02-21T00:00:00,GHCND:USC00234271,127
692,",,7,0700",TMAX,2017-02-21T00:00:00,GHCND:USC00234271,244
693,",,7,0700",TMIN,2017-02-21T00:00:00,GHCND:USC00234271,122
694,",,7,0700",TOBS,2017-02-21T00:00:00,GHCND:USC00234271,128
695,",,H,",PRCP,2017-02-21T00:00:00,GHCND:USC00237497,28
696,",,W,",AWND,2017-02-21T00:00:00,GHCND:USW00003963,18
697,",,W,",PRCP,2017-02-21T00:00:00,GHCND:USW00003963,5
698,",,W,",TMAX,2017-02-21T00:00:00,GHCND:USW00003963,200
699,",,W,",TMIN,2017-02-21T00:00:00,GHCND:USW00003963,94
700,",,W,",WDF2,2017-02-21T00:00:00,GHCND:USW00003963,110
701,",,W,",WDF5,2017-02-21T00:00:00,GHCND:USW00003963,80
702,",,W,",WSF2,2017-02-21T00:00:00,GHCND:USW00003963,45
703,",,W,",WSF5,2017-02-21T00:00:00,GHCND:USW00003963,63
704,",,W,",WT01,2017-02-21T00:00:00,GHCND:USW00003963,1
705,",,W,",WT02,2017-02-21T00:00:00,GHCND:USW00003963,1
706,",,N,",PRCP,2017-02-22T00:00:00,GHCND:US1MOBN0007,0
707,",,N,",SNOW,2017-02-22T00:00:00,GHCND:US1MOBN0007,0
708,",,N,",PRCP,2017-02-22T00:00:00,GHCND:US1MOBN0032,0
709,",,N,",SNOW,2017-02-22T00:00:00,GHCND:US1MOBN0032,0
710,",,N,",PRCP,2017-02-22T00:00:00,GHCND:US1MOCE0007,0
711,",,N,",SNOW,2017-02-22T00:00:00,GHCND:US1MOCE0007,0
712,"T,,N,",PRCP,2017-02-22T00:00:00,GHCND:US1MOCE0009,0
713,",,N,",PRCP,2017-02-22T00:00:00,GHCND:US1MOCE0017,0
714,",,N,",SNOW,2017-02-22T00:00:00,GHCND:US1MOCE0017,0
715,",,N,",SNWD,2017-02-22T00:00:00,GHCND:US1MOCE0017,0
716,",,N,",WESD,2017-02-22T00:00:00,GHCND:US1MOCE0017,0
717,",,N,",WESF,2017-02-22T00:00:00,GHCND:US1MOCE0017,0
718,"T,,N,",PRCP,2017-02-22T00:00:00,GHCND:US1MOCW0009,0
719,",,N,",SNOW,2017-02-22T00:00:00,GHCND:US1MOCW0009,0
720,",,N,",PRCP,2017-02-22T00:00:00,GHCND:US1MOCW0012,0
721,",,N,",PRCP,2017-02-22T00:00:00,GHCND:US1MOFSA051,0
722,",,N,",SNOW,2017-02-22T00:00:00,GHCND:US1MOFSA051,0
723,",,7,0700",PRCP,2017-02-22T00:00:00,GHCND:USC00234271,3
724,",,7,0700",TMAX,2017-02-22T00:00:00,GHCND:USC00234271,194
725,",,7,0700",TMIN,2017-02-22T00:00:00,GHCND:USC00234271,83
726,",,7,0700",TOBS,2017-02-22T00:00:00,GHCND:USC00234271,111
727,",,H,",PRCP,2017-02-22T00:00:00,GHCND:USC00237497,0
728,",,W,",AWND,2017-02-22T00:00:00,GHCND:USW00003963,27
729,",,W,",PRCP,2017-02-22T00:00:00,GHCND:USW00003963,0
730,",,W,",TMAX,2017-02-22T00:00:00,GHCND:USW00003963,211
731,",,W,",TMIN,2017-02-22T00:00:00,GHCND:USW00003963,83
732,",,W,",WDF2,2017-02-22T00:00:00,GHCND:USW00003963,170
733,",,W,",WDF5,2017-02-22T00:00:00,GHCND:USW00003963,160
734,",,W,",WSF2,2017-02-22T00:00:00,GHCND:USW00003963,63
735,",,W,",WSF5,2017-02-22T00:00:00,GHCND:USW00003963,85
736,",,W,",WT01,2017-02-22T00:00:00,GHCND:USW00003963,1
737,",,W,",WT02,2017-02-22T00:00:00,GHCND:USW00003963,1
738,",,N,",PRCP,2017-02-23T00:00:00,GHCND:US1MOBN0007,0
739,",,N,",SNOW,2017-02-23T00:00:00,GHCND:US1MOBN0007,0
740,",,N,",PRCP,2017-02-23T00:00:00,GHCND:US1MOBN0032,0
741,",,N,",SNOW,2017-02-23T00:00:00,GHCND:US1MOBN0032,0
742,",,N,",PRCP,2017-02-23T00:00:00,GHCND:US1MOCE0007,0
743,",,N,",PRCP,2017-02-23T00:00:00,GHCND:US1MOCE0009,0
744,",,N,",SNOW,2017-02-23T00:00:00,GHCND:US1MOCE0009,0
745,",,N,",PRCP,2017-02-23T00:00:00,GHCND:US1MOCE0017,0
746,",,N,",SNOW,2017-02-23T00:00:00,GHCND:US1MOCE0017,0
747,",,N,",SNWD,2017-02-23T00:00:00,GHCND:US1MOCE0017,0
748,",,N,",WESD,2017-02-23T00:00:00,GHCND:US1MOCE0017,0
749,",,N,",WESF,2017-02-23T00:00:00,GHCND:US1MOCE0017,0
750,",,N,",PRCP,2017-02-23T00:00:00,GHCND:US1MOCW0009,0
751,",,N,",SNOW,2017-02-23T00:00:00,GHCND:US1MOCW0009,0
752,",,N,",PRCP,2017-02-23T00:00:00,GHCND:US1MOCW0012,0
753,",,N,",PRCP,2017-02-23T00:00:00,GHCND:US1MOFSA051,0
754,",,N,",SNOW,2017-02-23T00:00:00,GHCND:US1MOFSA051,0
755,",,7,0700",PRCP,2017-02-23T00:00:00,GHCND:USC00234271,0
756,",,7,0700",TMAX,2017-02-23T00:00:00,GHCND:USC00234271,206
757,",,7,0700",TMIN,2017-02-23T00:00:00,GHCND:USC00234271,72
758,",,7,0700",TOBS,2017-02-23T00:00:00,GHCND:USC00234271,83
759,",,7,",WT01,2017-02-23T00:00:00,GHCND:USC00234271,1
760,",,H,",PRCP,2017-02-23T00:00:00,GHCND:USC00237497,0
761,",,W,",AWND,2017-02-23T00:00:00,GHCND:USW00003963,33
762,",,W,",PRCP,2017-02-23T00:00:00,GHCND:USW00003963,0
763,",,W,",SNOW,2017-02-23T00:00:00,GHCND:USW00003963,0
764,",,W,",SNWD,2017-02-23T00:00:00,GHCND:USW00003963,0
765,",,W,",TMAX,2017-02-23T00:00:00,GHCND:USW00003963,228
766,",,W,",TMIN,2017-02-23T00:00:00,GHCND:USW00003963,61
767,",,W,",WDF2,2017-02-23T00:00:00,GHCND:USW00003963,150
768,",,W,",WDF5,2017-02-23T00:00:00,GHCND:USW00003963,140
769,",,W,",WSF2,2017-02-23T00:00:00,GHCND:USW00003963,98
770,",,W,",WSF5,2017-02-23T00:00:00,GHCND:USW00003963,112
771,",,W,",WT01,2017-02-23T00:00:00,GHCND:USW00003963,1
772,",,W,",WT02,2017-02-23T00:00:00,GHCND:USW00003963,1
773,",,N,",PRCP,2017-02-24T00:00:00,GHCND:US1MOBN0007,0
774,",,N,",SNOW,2017-02-24T00:00:00,GHCND:US1MOBN0007,0
775,",,N,",PRCP,2017-02-24T00:00:00,GHCND:US1MOBN0032,8
776,",,N,",PRCP,2017-02-24T00:00:00,GHCND:US1MOCE0007,0
777,",,N,",PRCP,2017-02-24T00:00:00,GHCND:US1MOCE0009,0
778,",,N,",SNOW,2017-02-24T00:00:00,GHCND:US1MOCE0009,0
779,",,N,",PRCP,2017-02-24T00:00:00,GHCND:US1MOCE0017,0
780,",,N,",SNOW,2017-02-24T00:00:00,GHCND:US1MOCE0017,0
781,",,N,",SNWD,2017-02-24T00:00:00,GHCND:US1MOCE0017,0
782,",,N,",WESD,2017-02-24T00:00:00,GHCND:US1MOCE0017,0
783,",,N,",WESF,2017-02-24T00:00:00,GHCND:US1MOCE0017,0
784,",,N,",PRCP,2017-02-24T00:00:00,GHCND:US1MOCW0009,0
785,",,N,",SNOW,2017-02-24T00:00:00,GHCND:US1MOCW0009,0
786,",,N,",PRCP,2017-02-24T00:00:00,GHCND:US1MOCW0012,0
787,",,N,",PRCP,2017-02-24T00:00:00,GHCND:US1MOFSA051,0
788,",,N,",SNOW,2017-02-24T00:00:00,GHCND:US1MOFSA051,0
789,",,7,0700",PRCP,2017-02-24T00:00:00,GHCND:USC00234271,0
790,",,7,0700",TMAX,2017-02-24T00:00:00,GHCND:USC00234271,228
791,",,7,0700",TMIN,2017-02-24T00:00:00,GHCND:USC00234271,83
792,",,7,0700",TOBS,2017-02-24T00:00:00,GHCND:USC00234271,83
793,",,H,",PRCP,2017-02-24T00:00:00,GHCND:USC00237497,3
794,",,W,",AWND,2017-02-24T00:00:00,GHCND:USW00003963,72
795,",,W,",PRCP,2017-02-24T00:00:00,GHCND:USW00003963,0
796,",,W,",SNOW,2017-02-24T00:00:00,GHCND:USW00003963,0
797,",,W,",SNWD,2017-02-24T00:00:00,GHCND:USW00003963,0
798,",,W,",TMAX,2017-02-24T00:00:00,GHCND:USW00003963,178
799,",,W,",TMIN,2017-02-24T00:00:00,GHCND:USW00003963,-10
800,",,W,",WDF2,2017-02-24T00:00:00,GHCND:USW00003963,290
801,",,W,",WDF5,2017-02-24T00:00:00,GHCND:USW00003963,300
802,",,W,",WSF2,2017-02-24T00:00:00,GHCND:USW00003963,139
803,",,W,",WSF5,2017-02-24T00:00:00,GHCND:USW00003963,165
804,",,W,",WT01,2017-02-24T00:00:00,GHCND:USW00003963,1
805,",,N,",PRCP,2017-02-25T00:00:00,GHCND:US1MOBN0007,5
806,",,N,",PRCP,2017-02-25T00:00:00,GHCND:US1MOBN0032,0
807,",,N,",SNOW,2017-02-25T00:00:00,GHCND:US1MOBN0032,0
808,",,N,",PRCP,2017-02-25T00:00:00,GHCND:US1MOCE0007,0
809,"T,,N,",PRCP,2017-02-25T00:00:00,GHCND:US1MOCE0009,0
810,",,N,",PRCP,2017-02-25T00:00:00,GHCND:US1MOCE0017,0
811,",,N,",SNOW,2017-02-25T00:00:00,GHCND:US1MOCE0017,0
812,",,N,",SNWD,2017-02-25T00:00:00,GHCND:US1MOCE0017,0
813,",,N,",WESD,2017-02-25T00:00:00,GHCND:US1MOCE0017,0
814,",,N,",WESF,2017-02-25T00:00:00,GHCND:US1MOCE0017,0
815,",,N,",PRCP,2017-02-25T00:00:00,GHCND:US1MOCW0009,0
816,",,N,",SNOW,2017-02-25T00:00:00,GHCND:US1MOCW0009,0
817,",,N,",PRCP,2017-02-25T00:00:00,GHCND:US1MOCW0012,0
818,",,N,",PRCP,2017-02-25T00:00:00,GHCND:US1MOFSA051,0
819,",,N,",SNOW,2017-02-25T00:00:00,GHCND:US1MOFSA051,0
820,",,7,0700",PRCP,2017-02-25T00:00:00,GHCND:USC00234271,5
821,",,7,0700",TMAX,2017-02-25T00:00:00,GHCND:USC00234271,89
822,",,7,0700",TMIN,2017-02-25T00:00:00,GHCND:USC00234271,-44
823,",,7,0700",TOBS,2017-02-25T00:00:00,GHCND:USC00234271,-44
824,",,H,",PRCP,2017-02-25T00:00:00,GHCND:USC00237497,0
825,",,W,",AWND,2017-02-25T00:00:00,GHCND:USW00003963,53
826,",,W,",PRCP,2017-02-25T00:00:00,GHCND:USW00003963,0
827,",,W,",SNOW,2017-02-25T00:00:00,GHCND:USW00003963,0
828,",,W,",SNWD,2017-02-25T00:00:00,GHCND:USW00003963,0
829,",,W,",TMAX,2017-02-25T00:00:00,GHCND:USW00003963,50
830,",,W,",TMIN,2017-02-25T00:00:00,GHCND:USW00003963,-38
831,",,W,",WDF2,2017-02-25T00:00:00,GHCND:USW00003963,290
832,",,W,",WDF5,2017-02-25T00:00:00,GHCND:USW00003963,300
833,",,W,",WSF2,2017-02-25T00:00:00,GHCND:USW00003963,116
834,",,W,",WSF5,2017-02-25T00:00:00,GHCND:USW00003963,157
835,",,N,",PRCP,2017-02-26T00:00:00,GHCND:US1MOBN0007,0
836,",,N,",SNOW,2017-02-26T00:00:00,GHCND:US1MOBN0007,0
837,",,N,",PRCP,2017-02-26T00:00:00,GHCND:US1MOBN0032,0
838,",,N,",SNOW,2017-02-26T00:00:00,GHCND:US1MOBN0032,0
839,",,N,",PRCP,2017-02-26T00:00:00,GHCND:US1MOCE0007,0
840,",,N,",PRCP,2017-02-26T00:00:00,GHCND:US1MOCE0009,0
841,",,N,",SNOW,2017-02-26T00:00:00,GHCND:US1MOCE0009,0
842,",,N,",PRCP,2017-02-26T00:00:00,GHCND:US1MOCE0017,0
843,",,N,",SNOW,2017-02-26T00:00:00,GHCND:US1MOCE0017,0
844,",,N,",SNWD,2017-02-26T00:00:00,GHCND:US1MOCE0017,0
845,",,N,",WESD,2017-02-26T00:00:00,GHCND:US1MOCE0017,0
846,",,N,",WESF,2017-02-26T00:00:00,GHCND:US1MOCE0017,0
847,",,N,",PRCP,2017-02-26T00:00:00,GHCND:US1MOCW0009,0
848,",,N,",SNOW,2017-02-26T00:00:00,GHCND:US1MOCW0009,0
849,",,N,",PRCP,2017-02-26T00:00:00,GHCND:US1MOCW0012,0
850,",,N,",PRCP,2017-02-26T00:00:00,GHCND:US1MOFSA051,0
851,",,N,",SNOW,2017-02-26T00:00:00,GHCND:US1MOFSA051,0
852,",,7,0700",PRCP,2017-02-26T00:00:00,GHCND:USC00234271,0
853,",,7,0700",TMAX,2017-02-26T00:00:00,GHCND:USC00234271,50
854,",,7,0700",TMIN,2017-02-26T00:00:00,GHCND:USC00234271,-44
855,",,7,0700",TOBS,2017-02-26T00:00:00,GHCND:USC00234271,0
856,",,H,",PRCP,2017-02-26T00:00:00,GHCND:USC00237497,0
857,",,W,",AWND,2017-02-26T00:00:00,GHCND:USW00003963,30
858,"T,,W,",PRCP,2017-02-26T00:00:00,GHCND:USW00003963,0
859,",,W,",SNOW,2017-02-26T00:00:00,GHCND:USW00003963,0
860,",,W,",SNWD,2017-02-26T00:00:00,GHCND:USW00003963,0
861,",,W,",TMAX,2017-02-26T00:00:00,GHCND:USW00003963,89
862,",,W,",TMIN,2017-02-26T00:00:00,GHCND:USW00003963,-55
863,",,W,",WDF2,2017-02-26T00:00:00,GHCND:USW00003963,180
864,",,W,",WDF5,2017-02-26T00:00:00,GHCND:USW00003963,180
865,",,W,",WSF2,2017-02-26T00:00:00,GHCND:USW00003963,94
866,",,W,",WSF5,2017-02-26T00:00:00,GHCND:USW00003963,112
867,",,N,",PRCP,2017-02-27T00:00:00,GHCND:US1MOBN0007,0
868,",,N,",SNOW,2017-02-27T00:00:00,GHCND:US1MOBN0007,0
869,"T,,N,",PRCP,2017-02-27T00:00:00,GHCND:US1MOBN0032,0
870,",,N,",PRCP,2017-02-27T00:00:00,GHCND:US1MOCE0007,5
871,"T,,N,",PRCP,2017-02-27T00:00:00,GHCND:US1MOCE0009,0
872,",,N,",PRCP,2017-02-27T00:00:00,GHCND:US1MOCE0017,13
873,",,N,",SNOW,2017-02-27T00:00:00,GHCND:US1MOCE0017,0
874,",,N,",SNWD,2017-02-27T00:00:00,GHCND:US1MOCE0017,0
875,",,N,",WESD,2017-02-27T00:00:00,GHCND:US1MOCE0017,0
876,",,N,",WESF,2017-02-27T00:00:00,GHCND:US1MOCE0017,0
877,"T,,N,",PRCP,2017-02-27T00:00:00,GHCND:US1MOCW0009,0
878,"T,,N,",PRCP,2017-02-27T00:00:00,GHCND:US1MOCW0012,0
879,",,N,",PRCP,2017-02-27T00:00:00,GHCND:US1MOFSA051,0
880,",,N,",SNOW,2017-02-27T00:00:00,GHCND:US1MOFSA051,0
881,",,7,0700",PRCP,2017-02-27T00:00:00,GHCND:USC00234271,5
882,",,7,0700",TMAX,2017-02-27T00:00:00,GHCND:USC00234271,89
883,",,7,0700",TMIN,2017-02-27T00:00:00,GHCND:USC00234271,-11
884,",,7,0700",TOBS,2017-02-27T00:00:00,GHCND:USC00234271,-11
885,",,7,",WT01,2017-02-27T00:00:00,GHCND:USC00234271,1
886,",,H,",PRCP,2017-02-27T00:00:00,GHCND:USC00237497,8
887,",,W,",AWND,2017-02-27T00:00:00,GHCND:USW00003963,33
888,",,W,",PRCP,2017-02-27T00:00:00,GHCND:USW00003963,0
889,",,W,",SNOW,2017-02-27T00:00:00,GHCND:USW00003963,0
890,",,W,",SNWD,2017-02-27T00:00:00,GHCND:USW00003963,0
891,",,W,",TMAX,2017-02-27T00:00:00,GHCND:USW00003963,189
892,",,W,",TMIN,2017-02-27T00:00:00,GHCND:USW00003963,-27
893,",,W,",WDF2,2017-02-27T00:00:00,GHCND:USW00003963,180
894,",,W,",WDF5,2017-02-27T00:00:00,GHCND:USW00003963,180
895,",,W,",WSF2,2017-02-27T00:00:00,GHCND:USW00003963,89
896,",,W,",WSF5,2017-02-27T00:00:00,GHCND:USW00003963,121
897,",,W,",WT01,2017-02-27T00:00:00,GHCND:USW00003963,1
898,",,W,",WT02,2017-02-27T00:00:00,GHCND:USW00003963,1
899,",,N,",PRCP,2017-02-28T00:00:00,GHCND:US1MOBN0032,0
900,",,N,",SNOW,2017-02-28T00:00:00,GHCND:US1MOBN0032,0
901,"T,,N,",PRCP,2017-02-28T00:00:00,GHCND:US1MOCE0007,0
902,",,N,",PRCP,2017-02-28T00:00:00,GHCND:US1MOCE0009,0
903,",,N,",SNOW,2017-02-28T00:00:00,GHCND:US1MOCE0009,0
904,",,N,",PRCP,2017-02-28T00:00:00,GHCND:US1MOCE0017,0
905,",,N,",SNOW,2017-02-28T00:00:00,GHCND:US1MOCE0017,0
906,",,N,",SNWD,2017-02-28T00:00:00,GHCND:US1MOCE0017,0
907,",,N,",WESD,2017-02-28T00:00:00,GHCND:US1MOCE0017,0
908,",,N,",WESF,2017-02-28T00:00:00,GHCND:US1MOCE0017,0
909,",,N,",PRCP,2017-02-28T00:00:00,GHCND:US1MOCW0009,0
910,",,N,",SNOW,2017-02-28T00:00:00,GHCND:US1MOCW0009,0
911,",,N,",PRCP,2017-02-28T00:00:00,GHCND:US1MOCW0012,0
912,",,N,",PRCP,2017-02-28T00:00:00,GHCND:US1MOFSA051,0
913,",,N,",SNOW,2017-02-28T00:00:00,GHCND:US1MOFSA051,0
914,",,7,0700",PRCP,2017-02-28T00:00:00,GHCND:USC00234271,0
915,",,7,0700",TMAX,2017-02-28T00:00:00,GHCND:USC00234271,183
916,",,7,0700",TMIN,2017-02-28T00:00:00,GHCND:USC00234271,-11
917,",,7,0700",TOBS,2017-02-28T00:00:00,GHCND:USC00234271,150
918,",,H,",PRCP,2017-02-28T00:00:00,GHCND:USC00237497,0
919,",,W,",AWND,2017-02-28T00:00:00,GHCND:USW00003963,61
920,",,W,",PRCP,2017-02-28T00:00:00,GHCND:USW00003963,0
921,",,W,",SNOW,2017-02-28T00:00:00,GHCND:USW00003963,0
922,",,W,",SNWD,2017-02-28T00:00:00,GHCND:USW00003963,0
923,",,W,",TMAX,2017-02-28T00:00:00,GHCND:USW00003963,256
924,",,W,",TMIN,2017-02-28T00:00:00,GHCND:USW00003963,150
925,",,W,",WDF2,2017-02-28T00:00:00,GHCND:USW00003963,230
926,",,W,",WDF5,2017-02-28T00:00:00,GHCND:USW00003963,230
927,",,W,",WSF2,2017-02-28T00:00:00,GHCND:USW00003963,116
928,",,W,",WSF5,2017-02-28T00:00:00,GHCND:USW00003963,152
929,",,W,",WT03,2017-02-28T00:00:00,GHCND:USW00003963,1
930,",,N,",PRCP,2017-03-01T00:00:00,GHCND:US1MOBN0007,140
931,",,N,",PRCP,2017-03-01T00:00:00,GHCND:US1MOBN0032,145
932,",,N,",PRCP,2017-03-01T00:00:00,GHCND:US1MOCE0007,109
933,",,N,",PRCP,2017-03-01T00:00:00,GHCND:US1MOCE0009,99
934,",,N,",PRCP,2017-03-01T00:00:00,GHCND:US1MOCE0017,119
935,",,N,",SNOW,2017-03-01T00:00:00,GHCND:US1MOCE0017,0
936,",,N,",SNWD,2017-03-01T00:00:00,GHCND:US1MOCE0017,0
937,",,N,",WESD,2017-03-01T00:00:00,GHCND:US1MOCE0017,0
938,",,N,",WESF,2017-03-01T00:00:00,GHCND:US1MOCE0017,0
939,",,N,",PRCP,2017-03-01T00:00:00,GHCND:US1MOCW0009,130
940,",,N,",PRCP,2017-03-01T00:00:00,GHCND:US1MOCW0012,145
941,",,N,",PRCP,2017-03-01T00:00:00,GHCND:US1MOFSA051,130
942,",,7,0700",PRCP,2017-03-01T00:00:00,GHCND:USC00234271,107
943,",,7,",SNOW,2017-03-01T00:00:00,GHCND:USC00234271,0
944,",,7,",SNWD,2017-03-01T00:00:00,GHCND:USC00234271,0
945,",,7,0700",TMAX,2017-03-01T00:00:00,GHCND:USC00234271,250
946,",,7,0700",TMIN,2017-03-01T00:00:00,GHCND:USC00234271,56
947,",,7,0700",TOBS,2017-03-01T00:00:00,GHCND:USC00234271,56
948,",,H,",PRCP,2017-03-01T00:00:00,GHCND:USC00237497,86
949,",,W,",AWND,2017-03-01T00:00:00,GHCND:USW00003963,61
950,",,W,",PRCP,2017-03-01T00:00:00,GHCND:USW00003963,104
951,",,W,",SNOW,2017-03-01T00:00:00,GHCND:USW00003963,0
952,",,W,",SNWD,2017-03-01T00:00:00,GHCND:USW00003963,0
953,",,W,",TMAX,2017-03-01T00:00:00,GHCND:USW00003963,183
954,",,W,",TMIN,2017-03-01T00:00:00,GHCND:USW00003963,11
955,",,W,",WDF2,2017-03-01T00:00:00,GHCND:USW00003963,300
956,",,W,",WDF5,2017-03-01T00:00:00,GHCND:USW00003963,320
957,",,W,",WSF2,2017-03-01T00:00:00,GHCND:USW00003963,125
958,",,W,",WSF5,2017-03-01T00:00:00,GHCND:USW00003963,170
959,",,W,",WT01,2017-03-01T00:00:00,GHCND:USW00003963,1
960,",,W,",WT03,2017-03-01T00:00:00,GHCND:USW00003963,1
961,",,N,",PRCP,2017-03-02T00:00:00,GHCND:US1MOBN0007,0
962,",,N,",SNOW,2017-03-02T00:00:00,GHCND:US1MOBN0007,0
963,",,N,",PRCP,2017-03-02T00:00:00,GHCND:US1MOBN0032,0
964,",,N,",SNOW,2017-03-02T00:00:00,GHCND:US1MOBN0032,0
965,",,N,",PRCP,2017-03-02T00:00:00,GHCND:US1MOCE0007,0
966,",,N,",SNOW,2017-03-02T00:00:00,GHCND:US1MOCE0007,0
967,",,N,",PRCP,2017-03-02T00:00:00,GHCND:US1MOCE0009,0
968,",,N,",SNOW,2017-03-02T00:00:00,GHCND:US1MOCE0009,0
969,",,N,",PRCP,2017-03-02T00:00:00,GHCND:US1MOCE0017,0
970,",,N,",SNOW,2017-03-02T00:00:00,GHCND:US1MOCE0017,0
971,",,N,",SNWD,2017-03-02T00:00:00,GHCND:US1MOCE0017,0
972,",,N,",WESD,2017-03-02T00:00:00,GHCND:US1MOCE0017,0
973,",,N,",WESF,2017-03-02T00:00:00,GHCND:US1MOCE0017,0
974,",,N,",PRCP,2017-03-02T00:00:00,GHCND:US1MOCW0009,0
975,",,N,",SNOW,2017-03-02T00:00:00,GHCND:US1MOCW0009,0
976,",,N,",PRCP,2017-03-02T00:00:00,GHCND:US1MOCW0012,0
977,",,N,",PRCP,2017-03-02T00:00:00,GHCND:US1MOFSA051,0
978,",,N,",SNOW,2017-03-02T00:00:00,GHCND:US1MOFSA051,0
979,",,7,0700",PRCP,2017-03-02T00:00:00,GHCND:USC00234271,0
980,",,7,",SNOW,2017-03-02T00:00:00,GHCND:USC00234271,0
981,",,7,",SNWD,2017-03-02T00:00:00,GHCND:USC00234271,0
982,",,7,0700",TMAX,2017-03-02T00:00:00,GHCND:USC00234271,100
983,",,7,0700",TMIN,2017-03-02T00:00:00,GHCND:USC00234271,-22
984,",,7,0700",TOBS,2017-03-02T00:00:00,GHCND:USC00234271,-11
985,",,W,",AWND,2017-03-02T00:00:00,GHCND:USW00003963,30
986,",,W,",PRCP,2017-03-02T00:00:00,GHCND:USW00003963,0
987,",,W,",SNOW,2017-03-02T00:00:00,GHCND:USW00003963,0
988,",,W,",SNWD,2017-03-02T00:00:00,GHCND:USW00003963,0
989,",,W,",TMAX,2017-03-02T00:00:00,GHCND:USW00003963,128
990,",,W,",TMIN,2017-03-02T00:00:00,GHCND:USW00003963,-27
991,",,W,",WDF2,2017-03-02T00:00:00,GHCND:USW00003963,280
992,",,W,",WDF5,2017-03-02T00:00:00,GHCND:USW00003963,290
993,",,W,",WSF2,2017-03-02T00:00:00,GHCND:USW00003963,125
994,",,W,",WSF5,2017-03-02T00:00:00,GHCND:USW00003963,148
995,",,N,",PRCP,2017-03-03T00:00:00,GHCND:US1MOBN0007,0
996,",,N,",SNOW,2017-03-03T00:00:00,GHCND:US1MOBN0007,0
997,",,N,",PRCP,2017-03-03T00:00:00,GHCND:US1MOBN0032,0
998,",,N,",SNOW,2017-03-03T00:00:00,GHCND:US1MOBN0032,0
999,",,N,",PRCP,2017-03-03T00:00:00,GHCND:US1MOCE0007,0
0,",,N,",SNOW,2017-03-03T00:00:00,GHCND:US1MOCE0007,0
1,",,N,",PRCP,2017-03-03T00:00:00,GHCND:US1MOCE0009,0
2,",,N,",SNOW,2017-03-03T00:00:00,GHCND:US1MOCE0009,0
3,",,N,",PRCP,2017-03-03T00:00:00,GHCND:US1MOCE0017,0
4,",,N,",SNOW,2017-03-03T00:00:00,GHCND:US1MOCE0017,0
5,",,N,",SNWD,2017-03-03T00:00:00,GHCND:US1MOCE0017,0
6,",,N,",WESD,2017-03-03T00:00:00,GHCND:US1MOCE0017,0
7,",,N,",WESF,2017-03-03T00:00:00,GHCND:US1MOCE0017,0
8,",,N,",PRCP,2017-03-03T00:00:00,GHCND:US1MOCW0009,0
9,",,N,",SNOW,2017-03-03T00:00:00,GHCND:US1MOCW0009,0
10,",,N,",PRCP,2017-03-03T00:00:00,GHCND:US1MOCW0012,0
11,",,N,",PRCP,2017-03-03T00:00:00,GHCND:US1MOFSA051,0
12,",,N,",SNOW,2017-03-03T00:00:00,GHCND:US1MOFSA051,0
13,",,7,0700",PRCP,2017-03-03T00:00:00,GHCND:USC00234271,0
14,",,7,",SNOW,2017-03-03T00:00:00,GHCND:USC00234271,0
15,",,7,",SNWD,2017-03-03T00:00:00,GHCND:USC00234271,0
16,",,7,0700",TMAX,2017-03-03T00:00:00,GHCND:USC00234271,133
17,",,7,0700",TMIN,2017-03-03T00:00:00,GHCND:USC00234271,-33
18,",,7,0700",TOBS,2017-03-03T00:00:00,GHCND:USC00234271,-17
19,",,H,",PRCP,2017-03-03T00:00:00,GHCND:USC00237497,0
20,",,W,",AWND,2017-03-03T00:00:00,GHCND:USW00003963,33
21,",,W,",PRCP,2017-03-03T00:00:00,GHCND:USW00003963,0
22,",,W,",SNOW,2017-03-03T00:00:00,GHCND:USW00003963,0
23,",,W,",SNWD,2017-03-03T00:00:00,GHCND:USW00003963,0
24,",,W,",TMAX,2017-03-03T00:00:00,GHCND:USW00003963,106
25,",,W,",TMIN,2017-03-03T00:00:00,GHCND:USW00003963,-38
26,",,W,",WDF2,2017-03-03T00:00:00,GHCND:USW00003963,120
27,",,W,",WDF5,2017-03-03T00:00:00,GHCND:USW00003963,120
28,",,W,",WSF2,2017-03-03T00:00:00,GHCND:USW00003963,81
29,",,W,",WSF5,2017-03-03T00:00:00,GHCND:USW00003963,107
30,",,N,",PRCP,2017-03-04T00:00:00,GHCND:US1MOBN0007,0
31,",,N,",SNOW,2017-03-04T00:00:00,GHCND:US1MOBN0007,0
32,",,N,",PRCP,2017-03-04T00:00:00,GHCND:US1MOBN0032,0
33,",,N,",SNOW,2017-03-04T00:00:00,GHCND:US1MOBN0032,0
34,",,N,",PRCP,2017-03-04T00:00:00,GHCND:US1MOCE0007,0
35,",,N,",PRCP,2017-03-04T00:00:00,GHCND:US1MOCE0009,0
36,",,N,",SNOW,2017-03-04T00:00:00,GHCND:US1MOCE0009,0
37,",,N,",PRCP,2017-03-04T00:00:00,GHCND:US1MOCE0017,0
38,",,N,",SNOW,2017-03-04T00:00:00,GHCND:US1MOCE0017,0
39,",,N,",SNWD,2017-03-04T00:00:00,GHCND:US1MOCE0017,0
40,",,N,",WESD,2017-03-04T00:00:00,GHCND:US1MOCE0017,0
41,",,N,",WESF,2017-03-04T00:00:00,GHCND:US1MOCE0017,0
42,",,N,",PRCP,2017-03-04T00:00:00,GHCND:US1MOCW0009,0
43,",,N,",SNOW,2017-03-04T00:00:00,GHCND:US1MOCW0009,0
44,",,N,",PRCP,2017-03-04T00:00:00,GHCND:US1MOCW0012,0
45,",,N,",PRCP,2017-03-04T00:00:00,GHCND:US1MOFSA051,0
46,",,N,",SNOW,2017-03-04T00:00:00,GHCND:US1MOFSA051,0
47,",,7,0700",PRCP,2017-03-04T00:00:00,GHCND:USC00234271,0
48,",,7,",SNOW,2017-03-04T00:00:00,GHCND:USC00234271,0
49,",,7,",SNWD,2017-03-04T00:00:00,GHCND:USC00234271,0
50,",,7,0700",TMAX,2017-03-04T00:00:00,GHCND:USC00234271,100
51,",,7,0700",TMIN,2017-03-04T00:00:00,GHCND:USC00234271,-17
52,",,7,0700",TOBS,2017-03-04T00:00:00,GHCND:USC00234271,72
53,",,H,",PRCP,2017-03-04T00:00:00,GHCND:USC00237497,0
54,",,W,",AWND,2017-03-04T00:00:00,GHCND:USW00003963,43
55,",,W,",PRCP,2017-03-04T00:00:00,GHCND:USW00003963,0
56,",,W,",SNOW,2017-03-04T00:00:00,GHCND:USW00003963,0
57,",,W,",SNWD,2017-03-04T00:00:00,GHCND:USW00003963,0
58,",,W,",TMAX,2017-03-04T00:00:00,GHCND:USW00003963,217
59,",,W,",TMIN,2017-03-04T00:00:00,GHCND:USW00003963,56
60,",,W,",WDF2,2017-03-04T00:00:00,GHCND:USW00003963,220
61,",,W,",WDF5,2017-03-04T00:00:00,GHCND:USW00003963,220
62,",,W,",WSF2,2017-03-04T00:00:00,GHCND:USW00003963,112
63,",,W,",WSF5,2017-03-04T00:00:00,GHCND:USW00003963,152
64,",,N,",PRCP,2017-03-05T00:00:00,GHCND:US1MOBN0007,0
65,",,N,",SNOW,2017-03-05T00:00:00,GHCND:US1MOBN0007,0
66,",,N,",PRCP,2017-03-05T00:00:00,GHCND:US1MOBN0032,0
67,",,N,",SNOW,2017-03-05T00:00:00,GHCND:US1MOBN0032,0
68,",,N,",PRCP,2017-03-05T00:00:00,GHCND:US1MOCE0007,0
69,",,N,",PRCP,2017-03-05T00:00:00,GHCND:US1MOCE0017,0
70,",,N,",SNOW,2017-03-05T00:00:00,GHCND:US1MOCE0017,0
71,",,N,",SNWD,2017-03-05T00:00:00,GHCND:US1MOCE0017,0
72,",,N,",WESD,2017-03-05T00:00:00,GHCND:US1MOCE0017,0
73,",,N,",WESF,2017-03-05T00:00:00,GHCND:US1MOCE0017,0
74,",,N,",PRCP,2017-03-05T00:00:00,GHCND:US1MOCW0009,0
75,",,N,",SNOW,2017-03-05T00:00:00,GHCND:US1MOCW0009,0
76,",,N,",PRCP,2017-03-05T00:00:00,GHCND:US1MOCW0012,0
77,",,N,",PRCP,2017-03-05T00:00:00,GHCND:US1MOFSA051,0
78,",,N,",SNOW,2017-03-05T00:00:00,GHCND:US1MOFSA051,0
79,",,7,0700",PRCP,2017-03-05T00:00:00,GHCND:USC00234271,0
80,",,7,",SNOW,2017-03-05T00:00:00,GHCND:USC00234271,0
81,",,7,",SNWD,2017-03-05T00:00:00,GHCND:USC00234271,0
82,",,7,0700",TMAX,2017-03-05T00:00:00,GHCND:USC00234271,217
83,",,7,0700",TMIN,2017-03-05T00:00:00,GHCND:USC00234271,72
84,",,7,0700",TOBS,2017-03-05T00:00:00,GHCND:USC00234271,133
85,",,H,",PRCP,2017-03-05T00:00:00,GHCND:USC00237497,0
86,",,W,",AWND,2017-03-05T00:00:00,GHCND:USW00003963,56
87,",,W,",PRCP,2017-03-05T00:00:00,GHCND:USW00003963,0
88,",,W,",SNOW,2017-03-05T00:00:00,GHCND:USW00003963,0
89,",,W,",SNWD,2017-03-05T00:00:00,GHCND:USW00003963,0
90,",,W,",TMAX,2017-03-05T00:00:00,GHCND:USW00003963,167
91,",,W,",TMIN,2017-03-05T00:00:00,GHCND:USW00003963,117
92,",,W,",WDF2,2017-03-05T00:00:00,GHCND:USW00003963,170
93,",,W,",WDF5,2017-03-05T00:00:00,GHCND:USW00003963,170
94,",,W,",WSF2,2017-03-05T00:00:00,GHCND:USW00003963,103
95,",,W,",WSF5,2017-03-05T00:00:00,GHCND:USW00003963,134
96,",,N,",PRCP,2017-03-06T00:00:00,GHCND:US1MOBN0032,0
97,",,N,",SNOW,2017-03-06T00:00:00,GHCND:US1MOBN0032,0
98,",,N,",PRCP,2017-03-06T00:00:00,GHCND:US1MOCE0007,0
99,",,N,",SNOW,2017-03-06T00:00:00,GHCND:US1MOCE0007,0
100,",,N,",PRCP,2017-03-06T00:00:00,GHCND:US1MOCE0009,0
101,",,N,",SNOW,2017-03-06T00:00:00,GHCND:US1MOCE0009,0
102,",,N,",PRCP,2017-03-06T00:00:00,GHCND:US1MOCE0017,0
103,",,N,",SNOW,2017-03-06T00:00:00,GHCND:US1MOCE0017,0
104,",,N,",SNWD,2017-03-06T00:00:00,GHCND:US1MOCE0017,0
105,",,N,",WESD,2017-03-06T00:00:00,GHCND:US1MOCE0017,0
106,",,N,",WESF,2017-03-06T00:00:00,GHCND:US1MOCE0017,0
107,"T,,N,",PRCP,2017-03-06T00:00:00,GHCND:US1MOCW0009,0
108,",,N,",PRCP,2017-03-06T00:00:00,GHCND:US1MOCW0012,0
109,",,N,",PRCP,2017-03-06T00:00:00,GHCND:US1MOFSA051,0
110,",,N,",SNOW,2017-03-06T00:00:00,GHCND:US1MOFSA051,0
111,",,7,0700",PRCP,2017-03-06T00:00:00,GHCND:USC00234271,0
112,",,7,",SNOW,2017-03-06T00:00:00,GHCND:USC00234271,0
113,",,7,",SNWD,2017-03-06T00:00:00,GHCND:USC00234271,0
114,",,7,0700",TMAX,2017-03-06T00:00:00,GHCND:USC00234271,161
115,",,7,0700",TMIN,2017-03-06T00:00:00,GHCND:USC00234271,106
116,",,7,0700",TOBS,2017-03-06T00:00:00,GHCND:USC00234271,144
117,",,H,",PRCP,2017-03-06T00:00:00,GHCND:USC00237497,0
118,",,W,",AWND,2017-03-06T00:00:00,GHCND:USW00003963,79
119,",,W,",PRCP,2017-03-06T00:00:00,GHCND:USW00003963,99
120,",,W,",SNOW,2017-03-06T00:00:00,GHCND:USW00003963,0
121,",,W,",SNWD,2017-03-06T00:00:00,GHCND:USW00003963,0
122,",,W,",TMAX,2017-03-06T00:00:00,GHCND:USW00003963,233
123,",,W,",TMIN,2017-03-06T00:00:00,GHCND:USW00003963,106
124,",,W,",WDF2,2017-03-06T00:00:00,GHCND:USW00003963,290
125,",,W,",WDF5,2017-03-06T00:00:00,GHCND:USW00003963,290
126,",,W,",WSF2,2017-03-06T00:00:00,GHCND:USW00003963,179
127,",,W,",WSF5,2017-03-06T00:00:00,GHCND:USW00003963,233
128,",,W,",WT01,2017-03-06T00:00:00,GHCND:USW00003963,1
129,",,W,",WT03,2017-03-06T00:00:00,GHCND:USW00003963,1
130,",,N,",PRCP,2017-03-07T00:00:00,GHCND:US1MOBN0007,114
131,",,N,",PRCP,2017-03-07T00:00:00,GHCND:US1MOBN0032,130
132,",,N,",PRCP,2017-03-07T00:00:00,GHCND:US1MOCE0007,91
133,",,N,",PRCP,2017-03-07T00:00:00,GHCND:US1MOCE0009,86
134,",,N,",PRCP,2017-03-07T00:00:00,GHCND:US1MOCE0017,102
135,",,N,",SNOW,2017-03-07T00:00:00,GHCND:US1MOCE0017,0
136,",,N,",SNWD,2017-03-07T00:00:00,GHCND:US1MOCE0017,0
137,",,N,",WESD,2017-03-07T00:00:00,GHCND:US1MOCE0017,0
138,",,N,",WESF,2017-03-07T00:00:00,GHCND:US1MOCE0017,0
139,",,N,",PRCP,2017-03-07T00:00:00,GHCND:US1MOCW0009,124
140,",,N,",PRCP,2017-03-07T00:00:00,GHCND:US1MOCW0012,107
141,",,N,",PRCP,2017-03-07T00:00:00,GHCND:US1MOFSA051,99
142,",,N,",SNOW,2017-03-07T00:00:00,GHCND:US1MOFSA051,0
143,",,7,0700",PRCP,2017-03-07T00:00:00,GHCND:USC00234271,109
144,",,7,",SNOW,2017-03-07T00:00:00,GHCND:USC00234271,0
145,",,7,",SNWD,2017-03-07T00:00:00,GHCND:USC00234271,0
146,",,7,0700",TMAX,2017-03-07T00:00:00,GHCND:USC00234271,228
147,",,7,0700",TMIN,2017-03-07T00:00:00,GHCND:USC00234271,50
148,",,7,0700",TOBS,2017-03-07T00:00:00,GHCND:USC00234271,50
149,",,H,",PRCP,2017-03-07T00:00:00,GHCND:USC00237497,97
150,",,W,",AWND,2017-03-07T00:00:00,GHCND:USW00003963,53
151,",,W,",PRCP,2017-03-07T00:00:00,GHCND:USW00003963,10
152,",,W,",SNOW,2017-03-07T00:00:00,GHCND:USW00003963,0
153,",,W,",SNWD,2017-03-07T00:00:00,GHCND:USW00003963,0
154,",,W,",TMAX,2017-03-07T00:00:00,GHCND:USW00003963,144
155,",,W,",TMIN,2017-03-07T00:00:00,GHCND:USW00003963,44
156,",,W,",WDF2,2017-03-07T00:00:00,GHCND:USW00003963,270
157,",,W,",WDF5,2017-03-07T00:00:00,GHCND:USW00003963,250
158,",,W,",WSF2,2017-03-07T00:00:00,GHCND:USW00003963,139
159,",,W,",WSF5,2017-03-07T00:00:00,GHCND:USW00003963,201
160,",,W,",WT03,2017-03-07T00:00:00,GHCND:USW00003963,1
161,",,N,",PRCP,2017-03-08T00:00:00,GHCND:US1MOBN0007,0
162,",,N,",SNOW,2017-03-08T00:00:00,GHCND:US1MOBN0007,0
163,",,N,",PRCP,2017-03-08T00:00:00,GHCND:US1MOBN0032,0
164,",,N,",SNOW,2017-03-08T00:00:00,GHCND:US1MOBN0032,0
165,",,N,",PRCP,2017-03-08T00:00:00,GHCND:US1MOCE0007,0
166,",,N,",SNOW,2017-03-08T00:00:00,GHCND:US1MOCE0007,0
167,",,N,",PRCP,2017-03-08T00:00:00,GHCND:US1MOCE0009,0
168,",,N,",SNOW,2017-03-08T00:00:00,GHCND:US1MOCE0009,0
169,",,N,",PRCP,2017-03-08T00:00:00,GHCND:US1MOCE0017,0
170,",,N,",SNOW,2017-03-08T00:00:00,GHCND:US1MOCE0017,0
171,",,N,",SNWD,2017-03-08T00:00:00,GHCND:US1MOCE0017,0
172,",,N,",WESD,2017-03-08T00:00:00,GHCND:US1MOCE0017,0
173,",,N,",WESF,2017-03-08T00:00:00,GHCND:US1MOCE0017,0
174,",,N,",PRCP,2017-03-08T00:00:00,GHCND:US1MOCW0009,0
175,",,N,",SNOW,2017-03-08T00:00:00,GHCND:US1MOCW0009,0
176,",,N,",PRCP,2017-03-08T00:00:00,GHCND:US1MOCW0012,0
177,",,N,",PRCP,2017-03-08T00:00:00,GHCND:US1MOFSA051,0
178,",,N,",SNOW,2017-03-08T00:00:00,GHCND:US1MOFSA051,0
179,",,7,0700",PRCP,2017-03-08T00:00:00,GHCND:USC00234271,0
180,",,7,",SNOW,2017-03-08T00:00:00,GHCND:USC00234271,0
181,",,7,",SNWD,2017-03-08T00:00:00,GHCND:USC00234271,0
182,",,7,0700",TMAX,2017-03-08T00:00:00,GHCND:USC00234271,144
183,",,7,0700",TMIN,2017-03-08T00:00:00,GHCND:USC00234271,50
184,",,7,0700",TOBS,2017-03-08T00:00:00,GHCND:USC00234271,56
185,",,H,",PRCP,2017-03-08T00:00:00,GHCND:USC00237497,0
186,",,W,",AWND,2017-03-08T00:00:00,GHCND:USW00003963,26
187,",,W,",PRCP,2017-03-08T00:00:00,GHCND:USW00003963,0
188,",,W,",SNOW,2017-03-08T00:00:00,GHCND:USW00003963,0
189,",,W,",SNWD,2017-03-08T00:00:00,GHCND:USW00003963,0
190,",,W,",TMAX,2017-03-08T00:00:00,GHCND:USW00003963,194
191,",,W,",TMIN,2017-03-08T00:00:00,GHCND:USW00003963,22
192,",,W,",WDF2,2017-03-08T00:00:00,GHCND:USW00003963,230
193,",,W,",WDF5,2017-03-08T00:00:00,GHCND:USW00003963,210
194,",,W,",WSF2,2017-03-08T00:00:00,GHCND:USW00003963,94
195,",,W,",WSF5,2017-03-08T00:00:00,GHCND:USW00003963,116
196,",,N,",PRCP,2017-03-09T00:00:00,GHCND:US1MOBN0007,0
197,",,N,",SNOW,2017-03-09T00:00:00,GHCND:US1MOBN0007,0
198,",,N,",PRCP,2017-03-09T00:00:00,GHCND:US1MOBN0032,0
199,",,N,",SNOW,2017-03-09T00:00:00,GHCND:US1MOBN0032,0
200,",,N,",PRCP,2017-03-09T00:00:00,GHCND:US1MOCE0007,0
201,",,N,",SNOW,2017-03-09T00:00:00,GHCND:US1MOCE0007,0
202,",,N,",PRCP,2017-03-09T00:00:00,GHCND:US1MOCE0009,0
203,",,N,",SNOW,2017-03-09T00:00:00,GHCND:US1MOCE0009,0
204,",,N,",PRCP,2017-03-09T00:00:00,GHCND:US1MOCE0017,0
205,",,N,",SNOW,2017-03-09T00:00:00,GHCND:US1MOCE0017,0
206,",,N,",SNWD,2017-03-09T00:00:00,GHCND:US1MOCE0017,0
207,",,N,",WESD,2017-03-09T00:00:00,GHCND:US1MOCE0017,0
208,",,N,",WESF,2017-03-09T00:00:00,GHCND:US1MOCE0017,0
209,",,N,",PRCP,2017-03-09T00:00:00,GHCND:US1MOCW0009,0
210,",,N,",SNOW,2017-03-09T00:00:00,GHCND:US1MOCW0009,0
211,",,N,",PRCP,2017-03-09T00:00:00,GHCND:US1MOCW0012,0
212,",,N,",PRCP,2017-03-09T00:00:00,GHCND:US1MOFSA051,0
213,",,N,",SNOW,2017-03-09T00:00:00,GHCND:US1MOFSA051,0
214,",,7,0700",PRCP,2017-03-09T00:00:00,GHCND:USC00234271,0
215,",,7,",SNOW,2017-03-09T00:00:00,GHCND:USC00234271,0
216,",,7,",SNWD,2017-03-09T00:00:00,GHCND:USC00234271,0
217,",,7,0700",TMAX,2017-03-09T00:00:00,GHCND:USC00234271,200
218,",,7,0700",TMIN,2017-03-09T00:00:00,GHCND:USC00234271,50
219,",,7,0700",TOBS,2017-03-09T00:00:00,GHCND:USC00234271,83
220,",,H,",PRCP,2017-03-09T00:00:00,GHCND:USC00237497,0
221,",,W,",AWND,2017-03-09T00:00:00,GHCND:USW00003963,25
222,",,W,",PRCP,2017-03-09T00:00:00,GHCND:USW00003963,79
223,",,W,",SNOW,2017-03-09T00:00:00,GHCND:USW00003963,0
224,",,W,",SNWD,2017-03-09T00:00:00,GHCND:USW00003963,0
225,",,W,",TMAX,2017-03-09T00:00:00,GHCND:USW00003963,239
226,",,W,",TMIN,2017-03-09T00:00:00,GHCND:USW00003963,17
227,",,W,",WDF2,2017-03-09T00:00:00,GHCND:USW00003963,130
228,",,W,",WDF5,2017-03-09T00:00:00,GHCND:USW00003963,240
229,",,W,",WSF2,2017-03-09T00:00:00,GHCND:USW00003963,107
230,",,W,",WSF5,2017-03-09T00:00:00,GHCND:USW00003963,139
231,",,W,",WT03,2017-03-09T00:00:00,GHCND:USW00003963,1
232,",,W,",WT08,2017-03-09T00:00:00,GHCND:USW00003963,1
233,",,N,",PRCP,2017-03-10T00:00:00,GHCND:US1MOBN0007,43
234,",,N,",PRCP,2017-03-10T00:00:00,GHCND:US1MOBN0032,53
235,",,N,",PRCP,2017-03-10T00:00:00,GHCND:US1MOCE0007,86
236,",,N,",PRCP,2017-03-10T00:00:00,GHCND:US1MOCE0009,81
237,",,N,",PRCP,2017-03-10T00:00:00,GHCND:US1MOCE0017,69
238,",,N,",SNOW,2017-03-10T00:00:00,GHCND:US1MOCE0017,0
239,",,N,",SNWD,2017-03-10T00:00:00,GHCND:US1MOCE0017,0
240,",,N,",WESD,2017-03-10T00:00:00,GHCND:US1MOCE0017,0
241,",,N,",WESF,2017-03-10T00:00:00,GHCND:US1MOCE0017,0
242,",,N,",PRCP,2017-03-10T00:00:00,GHCND:US1MOCW0009,61
243,",,N,",PRCP,2017-03-10T00:00:00,GHCND:US1MOCW0012,84
244,",,N,",PRCP,2017-03-10T00:00:00,GHCND:US1MOFSA051,104
245,",,7,0700",PRCP,2017-03-10T00:00:00,GHCND:USC00234271,76
246,",,7,",SNOW,2017-03-10T00:00:00,GHCND:USC00234271,0
247,",,7,",SNWD,2017-03-10T00:00:00,GHCND:USC00234271,0
248,",,7,0700",TMAX,2017-03-10T00:00:00,GHCND:USC00234271,222
249,",,7,0700",TMIN,2017-03-10T00:00:00,GHCND:USC00234271,-11
250,",,7,0700",TOBS,2017-03-10T00:00:00,GHCND:USC00234271,-6
251,",,H,",PRCP,2017-03-10T00:00:00,GHCND:USC00237497,69
252,",,W,",AWND,2017-03-10T00:00:00,GHCND:USW00003963,41
253,",,W,",PRCP,2017-03-10T00:00:00,GHCND:USW00003963,0
254,",,W,",SNOW,2017-03-10T00:00:00,GHCND:USW00003963,0
255,",,W,",SNWD,2017-03-10T00:00:00,GHCND:USW00003963,0
256,",,W,",TMAX,2017-03-10T00:00:00,GHCND:USW00003963,78
257,",,W,",TMIN,2017-03-10T00:00:00,GHCND:USW00003963,6
258,",,W,",WDF2,2017-03-10T00:00:00,GHCND:USW00003963,350
259,",,W,",WDF5,2017-03-10T00:00:00,GHCND:USW00003963,20
260,",,W,",WSF2,2017-03-10T00:00:00,GHCND:USW00003963,72
261,",,W,",WSF5,2017-03-10T00:00:00,GHCND:USW00003963,103
262,"T,,N,",PRCP,2017-03-11T00:00:00,GHCND:US1MOBN0007,0
263,"T,,N,",PRCP,2017-03-11T00:00:00,GHCND:US1MOBN0032,0
264,",,N,",PRCP,2017-03-11T00:00:00,GHCND:US1MOCE0007,0
265,",,N,",SNOW,2017-03-11T00:00:00,GHCND:US1MOCE0007,0
266,"T,,N,",PRCP,2017-03-11T00:00:00,GHCND:US1MOCE0009,0
267,",,N,",PRCP,2017-03-11T00:00:00,GHCND:US1MOCE0017,0
268,",,N,",SNOW,2017-03-11T00:00:00,GHCND:US1MOCE0017,0
269,",,N,",SNWD,2017-03-11T00:00:00,GHCND:US1MOCE0017,0
270,",,N,",WESD,2017-03-11T00:00:00,GHCND:US1MOCE0017,0
271,",,N,",WESF,2017-03-11T00:00:00,GHCND:US1MOCE0017,0
272,"T,,N,",PRCP,2017-03-11T00:00:00,GHCND:US1MOCW0009,0
273,"T,,N,",PRCP,2017-03-11T00:00:00,GHCND:US1MOCW0012,0
274,"T,,N,",PRCP,2017-03-11T00:00:00,GHCND:US1MOFSA051,0
275,",,7,0700",PRCP,2017-03-11T00:00:00,GHCND:USC00234271,5
276,",,7,",SNOW,2017-03-11T00:00:00,GHCND:USC00234271,0
277,",,7,",SNWD,2017-03-11T00:00:00,GHCND:USC00234271,0
278,",,7,0700",TMAX,2017-03-11T00:00:00,GHCND:USC00234271,67
279,",,7,0700",TMIN,2017-03-11T00:00:00,GHCND:USC00234271,-22
280,",,7,0700",TOBS,2017-03-11T00:00:00,GHCND:USC00234271,-22
281,",,7,",WT01,2017-03-11T00:00:00,GHCND:USC00234271,1
282,",,H,",PRCP,2017-03-11T00:00:00,GHCND:USC00237497,0
283,",,W,",AWND,2017-03-11T00:00:00,GHCND:USW00003963,21
284,",,W,",PRCP,2017-03-11T00:00:00,GHCND:USW00003963,18
285,",,W,",SNWD,2017-03-11T00:00:00,GHCND:USW00003963,0
286,",,W,",TMAX,2017-03-11T00:00:00,GHCND:USW00003963,33
287,",,W,",TMIN,2017-03-11T00:00:00,GHCND:USW00003963,-10
288,",,W,",WDF2,2017-03-11T00:00:00,GHCND:USW00003963,50
289,",,W,",WDF5,2017-03-11T00:00:00,GHCND:USW00003963,60
290,",,W,",WSF2,2017-03-11T00:00:00,GHCND:USW00003963,67
291,",,W,",WSF5,2017-03-11T00:00:00,GHCND:USW00003963,94
292,",,W,",WT01,2017-03-11T00:00:00,GHCND:USW00003963,1
293,",,W,",WT08,2017-03-11T00:00:00,GHCND:USW00003963,1
294,",,N,",PRCP,2017-03-12T00:00:00,GHCND:US1MOBN0007,13
295,",,N,",SNOW,2017-03-12T00:00:00,GHCND:US1MOBN0007,25
296,",,N,",PRCP,2017-03-12T00:00:00,GHCND:US1MOBN0032,10
297,",,N,",SNOW,2017-03-12T00:00:00,GHCND:US1MOBN0032,3
298,",,N,",SNWD,2017-03-12T00:00:00,GHCND:US1MOBN0032,0
299,",,N,",PRCP,2017-03-12T00:00:00,GHCND:US1MOCE0007,15
300,",,N,",PRCP,2017-03-12T00:00:00,GHCND:US1MOCE0009,15
301,",,N,",PRCP,2017-03-12T00:00:00,GHCND:US1MOCE0017,5
302,"T,I,N,",SNOW,2017-03-12T00:00:00,GHCND:US1MOCE0017,0
303,",,N,",SNWD,2017-03-12T00:00:00,GHCND:US1MOCE0017,0
304,",,N,",WESD,2017-03-12T00:00:00,GHCND:US1MOCE0017,0
305,",I,N,",WESF,2017-03-12T00:00:00,GHCND:US1MOCE0017,5
306,",,N,",PRCP,2017-03-12T00:00:00,GHCND:US1MOCW0009,20
307,",,N,",PRCP,2017-03-12T00:00:00,GHCND:US1MOCW0012,13
308,",,N,",PRCP,2017-03-12T00:00:00,GHCND:US1MOFSA051,41
309,",,N,",SNOW,2017-03-12T00:00:00,GHCND:US1MOFSA051,25
310,",,7,0700",PRCP,2017-03-12T00:00:00,GHCND:USC00234271,13
311,"T,,7,",SNOW,2017-03-12T00:00:00,GHCND:USC00234271,0
312,",,7,",SNWD,2017-03-12T00:00:00,GHCND:USC00234271,0
313,",,7,0700",TMAX,2017-03-12T00:00:00,GHCND:USC00234271,0
314,",,7,0700",TMIN,2017-03-12T00:00:00,GHCND:USC00234271,-28
315,",,7,0700",TOBS,2017-03-12T00:00:00,GHCND:USC00234271,-17
316,",,H,",PRCP,2017-03-12T00:00:00,GHCND:USC00237497,5
317,",,W,",AWND,2017-03-12T00:00:00,GHCND:USW00003963,30
318,",,W,",PRCP,2017-03-12T00:00:00,GHCND:USW00003963,5
319,",,W,",SNOW,2017-03-12T00:00:00,GHCND:USW00003963,0
320,",,W,",SNWD,2017-03-12T00:00:00,GHCND:USW00003963,0
321,",,W,",TMAX,2017-03-12T00:00:00,GHCND:USW00003963,78
322,",,W,",TMIN,2017-03-12T00:00:00,GHCND:USW00003963,-16
323,",,W,",WDF2,2017-03-12T00:00:00,GHCND:USW00003963,200
324,",,W,",WDF5,2017-03-12T00:00:00,GHCND:USW00003963,190
325,",,W,",WSF2,2017-03-12T00:00:00,GHCND:USW00003963,89
326,",,W,",WSF5,2017-03-12T00:00:00,GHCND:USW00003963,112
327,",,N,",PRCP,2017-03-13T00:00:00,GHCND:US1MOBN0007,28
328,",,N,",PRCP,2017-03-13T00:00:00,GHCND:US1MOBN0032,18
329,",,N,",PRCP,2017-03-13T00:00:00,GHCND:US1MOCE0007,28
330,",,N,",PRCP,2017-03-13T00:00:00,GHCND:US1MOCE0009,28
331,",,N,",PRCP,2017-03-13T00:00:00,GHCND:US1MOCE0017,25
332,",,N,",SNOW,2017-03-13T00:00:00,GHCND:US1MOCE0017,0
333,",,N,",SNWD,2017-03-13T00:00:00,GHCND:US1MOCE0017,0
334,",,N,",WESD,2017-03-13T00:00:00,GHCND:US1MOCE0017,0
335,",,N,",WESF,2017-03-13T00:00:00,GHCND:US1MOCE0017,0
336,",,N,",PRCP,2017-03-13T00:00:00,GHCND:US1MOCW0009,25
337,",,N,",PRCP,2017-03-13T00:00:00,GHCND:US1MOCW0012,51
338,",,N,",PRCP,2017-03-13T00:00:00,GHCND:US1MOFSA051,13
339,",,7,0700",PRCP,2017-03-13T00:00:00,GHCND:USC00234271,43
340,",,7,",SNOW,2017-03-13T00:00:00,GHCND:USC00234271,0
341,",,7,",SNWD,2017-03-13T00:00:00,GHCND:USC00234271,0
342,",,7,0700",TMAX,2017-03-13T00:00:00,GHCND:USC00234271,61
343,",,7,0700",TMIN,2017-03-13T00:00:00,GHCND:USC00234271,-17
344,",,7,0700",TOBS,2017-03-13T00:00:00,GHCND:USC00234271,28
345,",,H,",PRCP,2017-03-13T00:00:00,GHCND:USC00237497,18
346,",,W,",AWND,2017-03-13T00:00:00,GHCND:USW00003963,44
347,",,W,",PRCP,2017-03-13T00:00:00,GHCND:USW00003963,25
348,",,W,",SNOW,2017-03-13T00:00:00,GHCND:USW00003963,0
349,",,W,",SNWD,2017-03-13T00:00:00,GHCND:USW00003963,0
350,",,W,",TMAX,2017-03-13T00:00:00,GHCND:USW00003963,56
351,",,W,",TMIN,2017-03-13T00:00:00,GHCND:USW00003963,6
352,",,W,",WDF2,2017-03-13T00:00:00,GHCND:USW00003963,290
353,",,W,",WDF5,2017-03-13T00:00:00,GHCND:USW00003963,290
354,",,W,",WSF2,2017-03-13T00:00:00,GHCND:USW00003963,98
355,",,W,",WSF5,2017-03-13T00:00:00,GHCND:USW00003963,121
356,",,W,",WT01,2017-03-13T00:00:00,GHCND:USW00003963,1
357,",,W,",WT08,2017-03-13T00:00:00,GHCND:USW00003963,1
358,",,N,",PRCP,2017-03-14T00:00:00,GHCND:US1MOBN0007,10
359,",,N,",PRCP,2017-03-14T00:00:00,GHCND:US1MOBN0032,0
360,",,N,",SNOW,2017-03-14T00:00:00,GHCND:US1MOBN0032,0
361,"T,,N,",PRCP,2017-03-14T00:00:00,GHCND:US1MOCE0007,0
362,",,N,",PRCP,2017-03-14T00:00:00,GHCND:US1MOCE0009,8
363,",,N,",PRCP,2017-03-14T00:00:00,GHCND:US1MOCE0017,10
364,",,N,",SNOW,2017-03-14T00:00:00,GHCND:US1MOCE0017,0
365,",,N,",SNWD,2017-03-14T00:00:00,GHCND:US1MOCE0017,0
366,",,N,",WESD,2017-03-14T00:00:00,GHCND:US1MOCE0017,0
367,",,N,",WESF,2017-03-14T00:00:00,GHCND:US1MOCE0017,0
368,",,N,",PRCP,2017-03-14T00:00:00,GHCND:US1MOCW0009,13
369,",,N,",PRCP,2017-03-14T00:00:00,GHCND:US1MOCW0012,8
370,",,N,",PRCP,2017-03-14T00:00:00,GHCND:US1MOFSA051,13
371,",,7,0700",PRCP,2017-03-14T00:00:00,GHCND:USC00234271,5
372,",,7,",SNOW,2017-03-14T00:00:00,GHCND:USC00234271,0
373,",,7,",SNWD,2017-03-14T00:00:00,GHCND:USC00234271,0
374,",,7,0700",TMAX,2017-03-14T00:00:00,GHCND:USC00234271,33
375,",,7,0700",TMIN,2017-03-14T00:00:00,GHCND:USC00234271,-22
376,",,7,0700",TOBS,2017-03-14T00:00:00,GHCND:USC00234271,-22
377,",,H,",PRCP,2017-03-14T00:00:00,GHCND:USC00237497,13
378,",,W,",AWND,2017-03-14T00:00:00,GHCND:USW00003963,34
379,"T,,W,",PRCP,2017-03-14T00:00:00,GHCND:USW00003963,0
380,",,W,",SNWD,2017-03-14T00:00:00,GHCND:USW00003963,0
381,",,W,",TMAX,2017-03-14T00:00:00,GHCND:USW00003963,11
382,",,W,",TMIN,2017-03-14T00:00:00,GHCND:USW00003963,-38
383,",,W,",WDF2,2017-03-14T00:00:00,GHCND:USW00003963,360
384,",,W,",WDF5,2017-03-14T00:00:00,GHCND:USW00003963,360
385,",,W,",WSF2,2017-03-14T00:00:00,GHCND:USW00003963,67
386,",,W,",WSF5,2017-03-14T00:00:00,GHCND:USW00003963,85
387,"T,,N,",PRCP,2017-03-15T00:00:00,GHCND:US1MOBN0007,0
388,"T,,N,",PRCP,2017-03-15T00:00:00,GHCND:US1MOBN0032,0
389,"T,,N,",SNOW,2017-03-15T00:00:00,GHCND:US1MOBN0032,0
390,"T,,N,",PRCP,2017-03-15T00:00:00,GHCND:US1MOCE0007,0
391,"T,,N,",PRCP,2017-03-15T00:00:00,GHCND:US1MOCE0009,0
392,",,N,",PRCP,2017-03-15T00:00:00,GHCND:US1MOCE0017,0
393,",,N,",SNOW,2017-03-15T00:00:00,GHCND:US1MOCE0017,0
394,",,N,",SNWD,2017-03-15T00:00:00,GHCND:US1MOCE0017,0
395,",,N,",WESD,2017-03-15T00:00:00,GHCND:US1MOCE0017,0
396,",,N,",WESF,2017-03-15T00:00:00,GHCND:US1MOCE0017,0
397,"T,,N,",PRCP,2017-03-15T00:00:00,GHCND:US1MOCW0009,0
398,"T,,N,",PRCP,2017-03-15T00:00:00,GHCND:US1MOCW0012,0
399,",,N,",PRCP,2017-03-15T00:00:00,GHCND:US1MOFSA051,0
400,",,N,",SNOW,2017-03-15T00:00:00,GHCND:US1MOFSA051,0
401,"T,,7,0700",PRCP,2017-03-15T00:00:00,GHCND:USC00234271,0
402,"T,,7,",SNOW,2017-03-15T00:00:00,GHCND:USC00234271,0
403,",,7,",SNWD,2017-03-15T00:00:00,GHCND:USC00234271,0
404,",,7,0700",TMAX,2017-03-15T00:00:00,GHCND:USC00234271,-6
405,",,7,0700",TMIN,2017-03-15T00:00:00,GHCND:USC00234271,-89
406,",,7,0700",TOBS,2017-03-15T00:00:00,GHCND:USC00234271,-83
407,",,H,",PRCP,2017-03-15T00:00:00,GHCND:USC00237497,0
408,",,W,",AWND,2017-03-15T00:00:00,GHCND:USW00003963,12
409,",,W,",PRCP,2017-03-15T00:00:00,GHCND:USW00003963,0
410,",,W,",SNOW,2017-03-15T00:00:00,GHCND:USW00003963,0
411,",,W,",SNWD,2017-03-15T00:00:00,GHCND:USW00003963,0
412,",,W,",TMAX,2017-03-15T00:00:00,GHCND:USW00003963,56
413,",,W,",TMIN,2017-03-15T00:00:00,GHCND:USW00003963,-88
414,",,W,",WDF2,2017-03-15T00:00:00,GHCND:USW00003963,230
415,",,W,",WDF5,2017-03-15T00:00:00,GHCND:USW00003963,140
416,",,W,",WSF2,2017-03-15T00:00:00,GHCND:USW00003963,36
417,",,W,",WSF5,2017-03-15T00:00:00,GHCND:USW00003963,45
418,",,N,",PRCP,2017-03-16T00:00:00,GHCND:US1MOBN0007,0
419,",,N,",SNOW,2017-03-16T00:00:00,GHCND:US1MOBN0007,0
420,",,N,",PRCP,2017-03-16T00:00:00,GHCND:US1MOBN0032,0
421,",,N,",SNOW,2017-03-16T00:00:00,GHCND:US1MOBN0032,0
422,",,N,",PRCP,2017-03-16T00:00:00,GHCND:US1MOCE0009,0
423,",,N,",SNOW,2017-03-16T00:00:00,GHCND:US1MOCE0009,0
424,",,N,",PRCP,2017-03-16T00:00:00,GHCND:US1MOCE0017,0
425,",,N,",SNOW,2017-03-16T00:00:00,GHCND:US1MOCE0017,0
426,",,N,",SNWD,2017-03-16T00:00:00,GHCND:US1MOCE0017,0
427,",,N,",WESD,2017-03-16T00:00:00,GHCND:US1MOCE0017,0
428,",,N,",WESF,2017-03-16T00:00:00,GHCND:US1MOCE0017,0
429,",,N,",PRCP,2017-03-16T00:00:00,GHCND:US1MOCW0009,0
430,",,N,",SNOW,2017-03-16T00:00:00,GHCND:US1MOCW0009,0
431,",,N,",PRCP,2017-03-16T00:00:00,GHCND:US1MOCW0012,0
432,",,N,",PRCP,2017-03-16T00:00:00,GHCND:US1MOFSA051,0
433,",,N,",SNOW,2017-03-16T00:00:00,GHCND:US1MOFSA051,0
434,",,7,0700",PRCP,2017-03-16T00:00:00,GHCND:USC00234271,0
435,",,7,",SNOW,2017-03-16T00:00:00,GHCND:USC00234271,0
436,",,7,",SNWD,2017-03-16T00:00:00,GHCND:USC00234271,0
437,",,7,0700",TMAX,2017-03-16T00:00:00,GHCND:USC00234271,44
438,",,7,0700",TMIN,2017-03-16T00:00:00,GHCND:USC00234271,-89
439,",,7,0700",TOBS,2017-03-16T00:00:00,GHCND:USC00234271,11
440,",,H,",PRCP,2017-03-16T00:00:00,GHCND:USC00237497,0
441,",,W,",AWND,2017-03-16T00:00:00,GHCND:USW00003963,50
442,",,W,",PRCP,2017-03-16T00:00:00,GHCND:USW00003963,0
443,",,W,",SNOW,2017-03-16T00:00:00,GHCND:USW00003963,0
444,",,W,",SNWD,2017-03-16T00:00:00,GHCND:USW00003963,0
445,",,W,",TMAX,2017-03-16T00:00:00,GHCND:USW00003963,178
446,",,W,",TMIN,2017-03-16T00:00:00,GHCND:USW00003963,17
447,",,W,",WDF2,2017-03-16T00:00:00,GHCND:USW00003963,170
448,",,W,",WDF5,2017-03-16T00:00:00,GHCND:USW00003963,160
449,",,W,",WSF2,2017-03-16T00:00:00,GHCND:USW00003963,94
450,",,W,",WSF5,2017-03-16T00:00:00,GHCND:USW00003963,121
451,",,N,",PRCP,2017-03-17T00:00:00,GHCND:US1MOBN0007,0
452,",,N,",SNOW,2017-03-17T00:00:00,GHCND:US1MOBN0007,0
453,",,N,",PRCP,2017-03-17T00:00:00,GHCND:US1MOBN0032,0
454,",,N,",SNOW,2017-03-17T00:00:00,GHCND:US1MOBN0032,0
455,",,N,",PRCP,2017-03-17T00:00:00,GHCND:US1MOCE0007,0
456,",,N,",SNOW,2017-03-17T00:00:00,GHCND:US1MOCE0007,0
457,",,N,",PRCP,2017-03-17T00:00:00,GHCND:US1MOCE0009,0
458,",,N,",SNOW,2017-03-17T00:00:00,GHCND:US1MOCE0009,0
459,",,N,",PRCP,2017-03-17T00:00:00,GHCND:US1MOCE0017,0
460,",,N,",SNOW,2017-03-17T00:00:00,GHCND:US1MOCE0017,0
461,",,N,",SNWD,2017-03-17T00:00:00,GHCND:US1MOCE0017,0
462,",,N,",WESD,2017-03-17T00:00:00,GHCND:US1MOCE0017,0
463,",,N,",WESF,2017-03-17T00:00:00,GHCND:US1MOCE0017,0
464,",,N,",PRCP,2017-03-17T00:00:00,GHCND:US1MOCW0009,0
465,",,N,",SNOW,2017-03-17T00:00:00,GHCND:US1MOCW0009,0
466,",,N,",PRCP,2017-03-17T00:00:00,GHCND:US1MOCW0012,0
467,",,N,",PRCP,2017-03-17T00:00:00,GHCND:US1MOFSA051,0
468,",,N,",SNOW,2017-03-17T00:00:00,GHCND:US1MOFSA051,0
469,",,7,0700",PRCP,2017-03-17T00:00:00,GHCND:USC00234271,0
470,",,7,",SNOW,2017-03-17T00:00:00,GHCND:USC00234271,0
471,",,7,",SNWD,2017-03-17T00:00:00,GHCND:USC00234271,0
472,",,7,0700",TMAX,2017-03-17T00:00:00,GHCND:USC00234271,156
473,",,7,0700",TMIN,2017-03-17T00:00:00,GHCND:USC00234271,6
474,",,7,0700",TOBS,2017-03-17T00:00:00,GHCND:USC00234271,94
475,",,H,",PRCP,2017-03-17T00:00:00,GHCND:USC00237497,0
476,",,W,",AWND,2017-03-17T00:00:00,GHCND:USW00003963,31
477,",,W,",PRCP,2017-03-17T00:00:00,GHCND:USW00003963,0
478,",,W,",SNOW,2017-03-17T00:00:00,GHCND:USW00003963,0
479,",,W,",SNWD,2017-03-17T00:00:00,GHCND:USW00003963,0
480,",,W,",TMAX,2017-03-17T00:00:00,GHCND:USW00003963,250
481,",,W,",TMIN,2017-03-17T00:00:00,GHCND:USW00003963,83
482,",,W,",WDF2,2017-03-17T00:00:00,GHCND:USW00003963,330
483,",,W,",WDF5,2017-03-17T00:00:00,GHCND:USW00003963,330
484,",,W,",WSF2,2017-03-17T00:00:00,GHCND:USW00003963,76
485,",,W,",WSF5,2017-03-17T00:00:00,GHCND:USW00003963,94
486,",,N,",PRCP,2017-03-18T00:00:00,GHCND:US1MOBN0007,0
487,",,N,",SNOW,2017-03-18T00:00:00,GHCND:US1MOBN0007,0
488,",,N,",PRCP,2017-03-18T00:00:00,GHCND:US1MOBN0032,0
489,",,N,",SNOW,2017-03-18T00:00:00,GHCND:US1MOBN0032,0
490,",,N,",PRCP,2017-03-18T00:00:00,GHCND:US1MOCE0007,0
491,",,N,",SNOW,2017-03-18T00:00:00,GHCND:US1MOCE0007,0
492,"T,,N,",PRCP,2017-03-18T00:00:00,GHCND:US1MOCE0009,0
493,",,N,",PRCP,2017-03-18T00:00:00,GHCND:US1MOCE0017,0
494,",,N,",SNOW,2017-03-18T00:00:00,GHCND:US1MOCE0017,0
495,",,N,",SNWD,2017-03-18T00:00:00,GHCND:US1MOCE0017,0
496,",,N,",WESD,2017-03-18T00:00:00,GHCND:US1MOCE0017,0
497,",,N,",WESF,2017-03-18T00:00:00,GHCND:US1MOCE0017,0
498,",,N,",PRCP,2017-03-18T00:00:00,GHCND:US1MOCW0009,0
499,",,N,",SNOW,2017-03-18T00:00:00,GHCND:US1MOCW0009,0
500,",,N,",PRCP,2017-03-18T00:00:00,GHCND:US1MOCW0012,0
501,",,N,",PRCP,2017-03-18T00:00:00,GHCND:US1MOFSA051,0
502,",,N,",SNOW,2017-03-18T00:00:00,GHCND:US1MOFSA051,0
503,",,7,0700",PRCP,2017-03-18T00:00:00,GHCND:USC00234271,0
504,",,7,",SNOW,2017-03-18T00:00:00,GHCND:USC00234271,0
505,",,7,",SNWD,2017-03-18T00:00:00,GHCND:USC00234271,0
506,",,7,0700",TMAX,2017-03-18T00:00:00,GHCND:USC00234271,228
507,",,7,0700",TMIN,2017-03-18T00:00:00,GHCND:USC00234271,56
508,",,7,0700",TOBS,2017-03-18T00:00:00,GHCND:USC00234271,56
509,",,H,",PRCP,2017-03-18T00:00:00,GHCND:USC00237497,0
510,",,W,",AWND,2017-03-18T00:00:00,GHCND:USW00003963,34
511,",,W,",PRCP,2017-03-18T00:00:00,GHCND:USW00003963,0
512,",,W,",SNOW,2017-03-18T00:00:00,GHCND:USW00003963,0
513,",,W,",SNWD,2017-03-18T00:00:00,GHCND:USW00003963,0
514,",,W,",TMAX,2017-03-18T00:00:00,GHCND:USW00003963,178
515,",,W,",TMIN,2017-03-18T00:00:00,GHCND:USW00003963,44
516,",,W,",WDF2,2017-03-18T00:00:00,GHCND:USW00003963,290
517,",,W,",WDF5,2017-03-18T00:00:00,GHCND:USW00003963,280
518,",,W,",WSF2,2017-03-18T00:00:00,GHCND:USW00003963,76
519,",,W,",WSF5,2017-03-18T00:00:00,GHCND:USW00003963,103
520,",,N,",PRCP,2017-03-19T00:00:00,GHCND:US1MOBN0007,0
521,",,N,",SNOW,2017-03-19T00:00:00,GHCND:US1MOBN0007,0
522,",,N,",PRCP,2017-03-19T00:00:00,GHCND:US1MOBN0032,0
523,",,N,",SNOW,2017-03-19T00:00:00,GHCND:US1MOBN0032,0
524,",,N,",PRCP,2017-03-19T00:00:00,GHCND:US1MOCE0007,0
525,",,N,",SNOW,2017-03-19T00:00:00,GHCND:US1MOCE0007,0
526,",,N,",PRCP,2017-03-19T00:00:00,GHCND:US1MOCE0017,0
527,",,N,",SNOW,2017-03-19T00:00:00,GHCND:US1MOCE0017,0
528,",,N,",SNWD,2017-03-19T00:00:00,GHCND:US1MOCE0017,0
529,",,N,",WESD,2017-03-19T00:00:00,GHCND:US1MOCE0017,0
530,",,N,",WESF,2017-03-19T00:00:00,GHCND:US1MOCE0017,0
531,",,N,",PRCP,2017-03-19T00:00:00,GHCND:US1MOCW0009,0
532,",,N,",SNOW,2017-03-19T00:00:00,GHCND:US1MOCW0009,0
533,",,N,",PRCP,2017-03-19T00:00:00,GHCND:US1MOCW0012,0
534,",,N,",PRCP,2017-03-19T00:00:00,GHCND:US1MOFSA051,0
535,",,N,",SNOW,2017-03-19T00:00:00,GHCND:US1MOFSA051,0
536,",,7,0700",PRCP,2017-03-19T00:00:00,GHCND:USC00234271,0
537,",,7,",SNOW,2017-03-19T00:00:00,GHCND:USC00234271,0
538,",,7,",SNWD,2017-03-19T00:00:00,GHCND:USC00234271,0
539,",,7,0700",TMAX,2017-03-19T00:00:00,GHCND:USC00234271,161
540,",,7,0700",TMIN,2017-03-19T00:00:00,GHCND:USC00234271,50
541,",,7,0700",TOBS,2017-03-19T00:00:00,GHCND:USC00234271,56
542,",,H,",PRCP,2017-03-19T00:00:00,GHCND:USC00237497,0
543,",,W,",AWND,2017-03-19T00:00:00,GHCND:USW00003963,51
544,",,W,",PRCP,2017-03-19T00:00:00,GHCND:USW00003963,15
545,",,W,",SNWD,2017-03-19T00:00:00,GHCND:USW00003963,0
546,",,W,",TMAX,2017-03-19T00:00:00,GHCND:USW00003963,167
547,",,W,",TMIN,2017-03-19T00:00:00,GHCND:USW00003963,28
548,",,W,",WDF2,2017-03-19T00:00:00,GHCND:USW00003963,120
549,",,W,",WDF5,2017-03-19T00:00:00,GHCND:USW00003963,120
550,",,W,",WSF2,2017-03-19T00:00:00,GHCND:USW00003963,98
551,",,W,",WSF5,2017-03-19T00:00:00,GHCND:USW00003963,112
552,",,W,",WT03,2017-03-19T00:00:00,GHCND:USW00003963,1
553,"T,,N,",PRCP,2017-03-20T00:00:00,GHCND:US1MOBN0007,0
554,",,N,",PRCP,2017-03-20T00:00:00,GHCND:US1MOBN0032,0
555,",,N,",SNOW,2017-03-20T00:00:00,GHCND:US1MOBN0032,0
556,",,N,",PRCP,2017-03-20T00:00:00,GHCND:US1MOCE0007,20
557,",,N,",PRCP,2017-03-20T00:00:00,GHCND:US1MOCE0009,43
558,",,N,",PRCP,2017-03-20T00:00:00,GHCND:US1MOCE0017,3
559,",,N,",SNOW,2017-03-20T00:00:00,GHCND:US1MOCE0017,0
560,",,N,",SNWD,2017-03-20T00:00:00,GHCND:US1MOCE0017,0
561,",,N,",WESD,2017-03-20T00:00:00,GHCND:US1MOCE0017,0
562,",,N,",WESF,2017-03-20T00:00:00,GHCND:US1MOCE0017,0
563,"T,,N,",PRCP,2017-03-20T00:00:00,GHCND:US1MOCW0009,0
564,",,N,",SNOW,2017-03-20T00:00:00,GHCND:US1MOCW0009,0
565,",,N,",PRCP,2017-03-20T00:00:00,GHCND:US1MOCW0012,5
566,",,N,",PRCP,2017-03-20T00:00:00,GHCND:US1MOFSA051,5
567,",,7,0700",PRCP,2017-03-20T00:00:00,GHCND:USC00234271,18
568,",,7,",SNOW,2017-03-20T00:00:00,GHCND:USC00234271,0
569,",,7,",SNWD,2017-03-20T00:00:00,GHCND:USC00234271,0
570,",,7,0700",TMAX,2017-03-20T00:00:00,GHCND:USC00234271,144
571,",,7,0700",TMIN,2017-03-20T00:00:00,GHCND:USC00234271,56
572,",,7,0700",TOBS,2017-03-20T00:00:00,GHCND:USC00234271,128
573,",,H,",PRCP,2017-03-20T00:00:00,GHCND:USC00237497,13
574,",,W,",AWND,2017-03-20T00:00:00,GHCND:USW00003963,32
575,",,W,",PRCP,2017-03-20T00:00:00,GHCND:USW00003963,0
576,",,W,",SNOW,2017-03-20T00:00:00,GHCND:USW00003963,0
577,",,W,",SNWD,2017-03-20T00:00:00,GHCND:USW00003963,0
578,",,W,",TMAX,2017-03-20T00:00:00,GHCND:USW00003963,306
579,",,W,",TMIN,2017-03-20T00:00:00,GHCND:USW00003963,133
580,",,W,",WDF2,2017-03-20T00:00:00,GHCND:USW00003963,20
581,",,W,",WDF5,2017-03-20T00:00:00,GHCND:USW00003963,10
582,",,W,",WSF2,2017-03-20T00:00:00,GHCND:USW00003963,76
583,",,W,",WSF5,2017-03-20T00:00:00,GHCND:USW00003963,107
584,",,N,",PRCP,2017-03-21T00:00:00,GHCND:US1MOBN0007,0
585,",,N,",SNOW,2017-03-21T00:00:00,GHCND:US1MOBN0007,0
586,",,N,",PRCP,2017-03-21T00:00:00,GHCND:US1MOBN0032,0
587,",,N,",SNOW,2017-03-21T00:00:00,GHCND:US1MOBN0032,0
588,",,N,",PRCP,2017-03-21T00:00:00,GHCND:US1MOCE0009,0
589,",,N,",SNOW,2017-03-21T00:00:00,GHCND:US1MOCE0009,0
590,",,N,",PRCP,2017-03-21T00:00:00,GHCND:US1MOCE0017,0
591,",,N,",SNOW,2017-03-21T00:00:00,GHCND:US1MOCE0017,0
592,",,N,",SNWD,2017-03-21T00:00:00,GHCND:US1MOCE0017,0
593,",,N,",WESD,2017-03-21T00:00:00,GHCND:US1MOCE0017,0
594,",,N,",WESF,2017-03-21T00:00:00,GHCND:US1MOCE0017,0
595,",,N,",PRCP,2017-03-21T00:00:00,GHCND:US1MOCW0009,0
596,",,N,",SNOW,2017-03-21T00:00:00,GHCND:US1MOCW0009,0
597,",,N,",PRCP,2017-03-21T00:00:00,GHCND:US1MOCW0012,0
598,",,N,",PRCP,2017-03-21T00:00:00,GHCND:US1MOFSA051,0
599,",,N,",SNOW,2017-03-21T00:00:00,GHCND:US1MOFSA051,0
600,",,7,0700",PRCP,2017-03-21T00:00:00,GHCND:USC00234271,0
601,",,7,",SNOW,2017-03-21T00:00:00,GHCND:USC00234271,0
602,",,7,",SNWD,2017-03-21T00:00:00,GHCND:USC00234271,0
603,",,7,0700",TMAX,2017-03-21T00:00:00,GHCND:USC00234271,283
604,",,7,0700",TMIN,2017-03-21T00:00:00,GHCND:USC00234271,83
605,",,7,0700",TOBS,2017-03-21T00:00:00,GHCND:USC00234271,89
606,",,H,",PRCP,2017-03-21T00:00:00,GHCND:USC00237497,0
607,",,W,",AWND,2017-03-21T00:00:00,GHCND:USW00003963,31
608,",,W,",PRCP,2017-03-21T00:00:00,GHCND:USW00003963,53
609,",,W,",SNWD,2017-03-21T00:00:00,GHCND:USW00003963,0
610,",,W,",TMAX,2017-03-21T00:00:00,GHCND:USW00003963,178
611,",,W,",TMIN,2017-03-21T00:00:00,GHCND:USW00003963,89
612,",,W,",WDF2,2017-03-21T00:00:00,GHCND:USW00003963,90
613,",,W,",WDF5,2017-03-21T00:00:00,GHCND:USW00003963,80
614,",,W,",WSF2,2017-03-21T00:00:00,GHCND:USW00003963,94
615,",,W,",WSF5,2017-03-21T00:00:00,GHCND:USW00003963,125
616,",,W,",WT03,2017-03-21T00:00:00,GHCND:USW00003963,1
617,",,W,",WT08,2017-03-21T00:00:00,GHCND:USW00003963,1
618,",,N,",PRCP,2017-03-22T00:00:00,GHCND:US1MOBN0032,0
619,",,N,",SNOW,2017-03-22T00:00:00,GHCND:US1MOBN0032,0
620,",,N,",PRCP,2017-03-22T00:00:00,GHCND:US1MOCE0007,5
621,",,N,",PRCP,2017-03-22T00:00:00,GHCND:US1MOCE0009,13
622,",,N,",PRCP,2017-03-22T00:00:00,GHCND:US1MOCE0017,33
623,",,N,",SNOW,2017-03-22T00:00:00,GHCND:US1MOCE0017,0
624,",,N,",SNWD,2017-03-22T00:00:00,GHCND:US1MOCE0017,0
625,",,N,",WESD,2017-03-22T00:00:00,GHCND:US1MOCE0017,0
626,",,N,",WESF,2017-03-22T00:00:00,GHCND:US1MOCE0017,0
627,",,N,",PRCP,2017-03-22T00:00:00,GHCND:US1MOCW0009,0
628,",,N,",SNOW,2017-03-22T00:00:00,GHCND:US1MOCW0009,0
629,"T,,N,",PRCP,2017-03-22T00:00:00,GHCND:US1MOCW0012,0
630,",,N,",PRCP,2017-03-22T00:00:00,GHCND:US1MOFSA051,10
631,",,7,0700",PRCP,2017-03-22T00:00:00,GHCND:USC00234271,13
632,",,7,",SNOW,2017-03-22T00:00:00,GHCND:USC00234271,0
633,",,7,",SNWD,2017-03-22T00:00:00,GHCND:USC00234271,0
634,",,7,0700",TMAX,2017-03-22T00:00:00,GHCND:USC00234271,156
635,",,7,0700",TMIN,2017-03-22T00:00:00,GHCND:USC00234271,33
636,",,7,0700",TOBS,2017-03-22T00:00:00,GHCND:USC00234271,33
637,",,W,",AWND,2017-03-22T00:00:00,GHCND:USW00003963,47
638,",,W,",PRCP,2017-03-22T00:00:00,GHCND:USW00003963,0
639,",,W,",SNOW,2017-03-22T00:00:00,GHCND:USW00003963,0
640,",,W,",SNWD,2017-03-22T00:00:00,GHCND:USW00003963,0
641,",,W,",TMAX,2017-03-22T00:00:00,GHCND:USW00003963,133
642,",,W,",TMIN,2017-03-22T00:00:00,GHCND:USW00003963,44
643,",,W,",WDF2,2017-03-22T00:00:00,GHCND:USW00003963,120
644,",,W,",WDF5,2017-03-22T00:00:00,GHCND:USW00003963,110
645,",,W,",WSF2,2017-03-22T00:00:00,GHCND:USW00003963,98
646,",,W,",WSF5,2017-03-22T00:00:00,GHCND:USW00003963,121
647,",,N,",PRCP,2017-03-23T00:00:00,GHCND:US1MOBN0007,3
648,",,N,",PRCP,2017-03-23T00:00:00,GHCND:US1MOBN0032,28
649,",,N,",PRCP,2017-03-23T00:00:00,GHCND:US1MOCE0007,3
650,",,N,",PRCP,2017-03-23T00:00:00,GHCND:US1MOCE0009,0
651,",,N,",SNOW,2017-03-23T00:00:00,GHCND:US1MOCE0009,0
652,",,N,",PRCP,2017-03-23T00:00:00,GHCND:US1MOCE0017,0
653,",,N,",SNOW,2017-03-23T00:00:00,GHCND:US1MOCE0017,0
654,",,N,",SNWD,2017-03-23T00:00:00,GHCND:US1MOCE0017,0
655,",,N,",WESD,2017-03-23T00:00:00,GHCND:US1MOCE0017,0
656,",,N,",WESF,2017-03-23T00:00:00,GHCND:US1MOCE0017,0
657,",,N,",PRCP,2017-03-23T00:00:00,GHCND:US1MOCW0009,5
658,"T,,N,",PRCP,2017-03-23T00:00:00,GHCND:US1MOCW0012,0
659,",,N,",PRCP,2017-03-23T00:00:00,GHCND:US1MOFSA051,8
660,",,7,0700",PRCP,2017-03-23T00:00:00,GHCND:USC00234271,5
661,",,7,",SNOW,2017-03-23T00:00:00,GHCND:USC00234271,0
662,",,7,",SNWD,2017-03-23T00:00:00,GHCND:USC00234271,0
663,",,7,0700",TMAX,2017-03-23T00:00:00,GHCND:USC00234271,122
664,",,7,0700",TMIN,2017-03-23T00:00:00,GHCND:USC00234271,28
665,",,7,0700",TOBS,2017-03-23T00:00:00,GHCND:USC00234271,61
666,",,H,",PRCP,2017-03-23T00:00:00,GHCND:USC00237497,0
667,",,W,",AWND,2017-03-23T00:00:00,GHCND:USW00003963,60
668,"T,,W,",PRCP,2017-03-23T00:00:00,GHCND:USW00003963,0
669,",,W,",SNOW,2017-03-23T00:00:00,GHCND:USW00003963,0
670,",,W,",SNWD,2017-03-23T00:00:00,GHCND:USW00003963,0
671,",,W,",TMAX,2017-03-23T00:00:00,GHCND:USW00003963,272
672,",,W,",TMIN,2017-03-23T00:00:00,GHCND:USW00003963,78
673,",,W,",WDF2,2017-03-23T00:00:00,GHCND:USW00003963,190
674,",,W,",WDF5,2017-03-23T00:00:00,GHCND:USW00003963,200
675,",,W,",WSF2,2017-03-23T00:00:00,GHCND:USW00003963,103
676,",,W,",WSF5,2017-03-23T00:00:00,GHCND:USW00003963,134
677,",,N,",PRCP,2017-03-24T00:00:00,GHCND:US1MOBN0007,0
678,",,N,",SNOW,2017-03-24T00:00:00,GHCND:US1MOBN0007,0
679,",,N,",PRCP,2017-03-24T00:00:00,GHCND:US1MOBN0032,0
680,",,N,",SNOW,2017-03-24T00:00:00,GHCND:US1MOBN0032,0
681,",,N,",PRCP,2017-03-24T00:00:00,GHCND:US1MOCE0007,0
682,",,N,",SNOW,2017-03-24T00:00:00,GHCND:US1MOCE0007,0
683,"T,,N,",PRCP,2017-03-24T00:00:00,GHCND:US1MOCE0009,0
684,",,N,",PRCP,2017-03-24T00:00:00,GHCND:US1MOCE0017,0
685,",,N,",SNOW,2017-03-24T00:00:00,GHCND:US1MOCE0017,0
686,",,N,",SNWD,2017-03-24T00:00:00,GHCND:US1MOCE0017,0
687,",,N,",WESD,2017-03-24T00:00:00,GHCND:US1MOCE0017,0
688,",,N,",WESF,2017-03-24T00:00:00,GHCND:US1MOCE0017,0
689,",,N,",PRCP,2017-03-24T00:00:00,GHCND:US1MOCW0009,0
690,",,N,",SNOW,2017-03-24T00:00:00,GHCND:US1MOCW0009,0
691,",,N,",PRCP,2017-03-24T00:00:00,GHCND:US1MOCW0012,0
692,"T,,N,",PRCP,2017-03-24T00:00:00,GHCND:US1MOFSA051,0
693,",,7,0700",PRCP,2017-03-24T00:00:00,GHCND:USC00234271,0
694,",,7,",SNOW,2017-03-24T00:00:00,GHCND:USC00234271,0
695,",,7,",SNWD,2017-03-24T00:00:00,GHCND:USC00234271,0
696,",,7,0700",TMAX,2017-03-24T00:00:00,GHCND:USC00234271,256
697,",,7,0700",TMIN,2017-03-24T00:00:00,GHCND:USC00234271,56
698,",,7,0700",TOBS,2017-03-24T00:00:00,GHCND:USC00234271,194
699,",,H,",PRCP,2017-03-24T00:00:00,GHCND:USC00237497,0
700,",,W,",AWND,2017-03-24T00:00:00,GHCND:USW00003963,46
701,",,W,",PRCP,2017-03-24T00:00:00,GHCND:USW00003963,168
702,",,W,",SNOW,2017-03-24T00:00:00,GHCND:USW00003963,0
703,",,W,",SNWD,2017-03-24T00:00:00,GHCND:USW00003963,0
704,",,W,",TMAX,2017-03-24T00:00:00,GHCND:USW00003963,250
705,",,W,",TMIN,2017-03-24T00:00:00,GHCND:USW00003963,150
706,",,W,",WDF2,2017-03-24T00:00:00,GHCND:USW00003963,190
707,",,W,",WDF5,2017-03-24T00:00:00,GHCND:USW00003963,200
708,",,W,",WSF2,2017-03-24T00:00:00,GHCND:USW00003963,116
709,",,W,",WSF5,2017-03-24T00:00:00,GHCND:USW00003963,157
710,",,W,",WT01,2017-03-24T00:00:00,GHCND:USW00003963,1
711,",,N,",PRCP,2017-03-25T00:00:00,GHCND:US1MOBN0007,94
712,",,N,",PRCP,2017-03-25T00:00:00,GHCND:US1MOCE0007,145
713,",,N,",PRCP,2017-03-25T00:00:00,GHCND:US1MOCE0009,140
714,",,N,",PRCP,2017-03-25T00:00:00,GHCND:US1MOCE0017,152
715,",,N,",SNOW,2017-03-25T00:00:00,GHCND:US1MOCE0017,0
716,",,N,",SNWD,2017-03-25T00:00:00,GHCND:US1MOCE0017,0
717,",,N,",WESD,2017-03-25T00:00:00,GHCND:US1MOCE0017,0
718,",,N,",WESF,2017-03-25T00:00:00,GHCND:US1MOCE0017,0
719,",,N,",PRCP,2017-03-25T00:00:00,GHCND:US1MOCW0009,97
720,",,N,",PRCP,2017-03-25T00:00:00,GHCND:US1MOCW0012,180
721,",,N,",PRCP,2017-03-25T00:00:00,GHCND:US1MOFSA051,226
722,",,7,0700",PRCP,2017-03-25T00:00:00,GHCND:USC00234271,163
723,",,7,",SNOW,2017-03-25T00:00:00,GHCND:USC00234271,0
724,",,7,",SNWD,2017-03-25T00:00:00,GHCND:USC00234271,0
725,",,7,0700",TMAX,2017-03-25T00:00:00,GHCND:USC00234271,239
726,",,7,0700",TMIN,2017-03-25T00:00:00,GHCND:USC00234271,111
727,",,7,0700",TOBS,2017-03-25T00:00:00,GHCND:USC00234271,111
728,",,H,",PRCP,2017-03-25T00:00:00,GHCND:USC00237497,157
729,",,W,",AWND,2017-03-25T00:00:00,GHCND:USW00003963,30
730,",,W,",PRCP,2017-03-25T00:00:00,GHCND:USW00003963,135
731,",,W,",SNOW,2017-03-25T00:00:00,GHCND:USW00003963,0
732,",,W,",SNWD,2017-03-25T00:00:00,GHCND:USW00003963,0
733,",,W,",TMAX,2017-03-25T00:00:00,GHCND:USW00003963,172
734,",,W,",TMIN,2017-03-25T00:00:00,GHCND:USW00003963,111
735,",,W,",WDF2,2017-03-25T00:00:00,GHCND:USW00003963,240
736,",,W,",WDF5,2017-03-25T00:00:00,GHCND:USW00003963,250
737,",,W,",WSF2,2017-03-25T00:00:00,GHCND:USW00003963,76
738,",,W,",WSF5,2017-03-25T00:00:00,GHCND:USW00003963,130
739,",,W,",WT01,2017-03-25T00:00:00,GHCND:USW00003963,1
740,",,W,",WT03,2017-03-25T00:00:00,GHCND:USW00003963,1
741,",,N,",PRCP,2017-03-26T00:00:00,GHCND:US1MOBN0007,122
742,",,N,",PRCP,2017-03-26T00:00:00,GHCND:US1MOCE0007,119
743,",,N,",PRCP,2017-03-26T00:00:00,GHCND:US1MOCE0009,163
744,",,N,",PRCP,2017-03-26T00:00:00,GHCND:US1MOCE0017,160
745,",,N,",SNOW,2017-03-26T00:00:00,GHCND:US1MOCE0017,0
746,",,N,",SNWD,2017-03-26T00:00:00,GHCND:US1MOCE0017,0
747,",,N,",WESD,2017-03-26T00:00:00,GHCND:US1MOCE0017,0
748,",,N,",WESF,2017-03-26T00:00:00,GHCND:US1MOCE0017,0
749,",,N,",PRCP,2017-03-26T00:00:00,GHCND:US1MOCW0009,122
750,",,N,",PRCP,2017-03-26T00:00:00,GHCND:US1MOCW0012,259
751,",,N,",PRCP,2017-03-26T00:00:00,GHCND:US1MOFSA051,193
752,",,N,",SNOW,2017-03-26T00:00:00,GHCND:US1MOFSA051,0
753,",,7,0700",PRCP,2017-03-26T00:00:00,GHCND:USC00234271,178
754,",,7,",SNOW,2017-03-26T00:00:00,GHCND:USC00234271,0
755,",,7,",SNWD,2017-03-26T00:00:00,GHCND:USC00234271,0
756,",,7,0700",TMAX,2017-03-26T00:00:00,GHCND:USC00234271,150
757,",,7,0700",TMIN,2017-03-26T00:00:00,GHCND:USC00234271,89
758,",,7,0700",TOBS,2017-03-26T00:00:00,GHCND:USC00234271,89
759,",,H,",PRCP,2017-03-26T00:00:00,GHCND:USC00237497,178
760,",,W,",AWND,2017-03-26T00:00:00,GHCND:USW00003963,29
761,",,W,",PRCP,2017-03-26T00:00:00,GHCND:USW00003963,3
762,",,W,",SNOW,2017-03-26T00:00:00,GHCND:USW00003963,0
763,",,W,",SNWD,2017-03-26T00:00:00,GHCND:USW00003963,0
764,",,W,",TMAX,2017-03-26T00:00:00,GHCND:USW00003963,172
765,",,W,",TMIN,2017-03-26T00:00:00,GHCND:USW00003963,106
766,",,W,",WDF2,2017-03-26T00:00:00,GHCND:USW00003963,270
767,",,W,",WDF5,2017-03-26T00:00:00,GHCND:USW00003963,270
768,",,W,",WSF2,2017-03-26T00:00:00,GHCND:USW00003963,63
769,",,W,",WSF5,2017-03-26T00:00:00,GHCND:USW00003963,81
770,",,W,",WT01,2017-03-26T00:00:00,GHCND:USW00003963,1
771,",,N,",PRCP,2017-03-27T00:00:00,GHCND:US1MOBN0007,79
772,",,N,",PRCP,2017-03-27T00:00:00,GHCND:US1MOCE0007,46
773,",,N,",PRCP,2017-03-27T00:00:00,GHCND:US1MOCE0009,33
774,",,N,",PRCP,2017-03-27T00:00:00,GHCND:US1MOCE0017,41
775,",,N,",SNOW,2017-03-27T00:00:00,GHCND:US1MOCE0017,0
776,",,N,",SNWD,2017-03-27T00:00:00,GHCND:US1MOCE0017,0
777,",,N,",WESD,2017-03-27T00:00:00,GHCND:US1MOCE0017,0
778,",,N,",WESF,2017-03-27T00:00:00,GHCND:US1MOCE0017,0
779,",,N,",PRCP,2017-03-27T00:00:00,GHCND:US1MOCW0009,41
780,",,N,",PRCP,2017-03-27T00:00:00,GHCND:US1MOCW0012,41
781,",,N,",PRCP,2017-03-27T00:00:00,GHCND:US1MOFSA051,64
782,",,7,0700",PRCP,2017-03-27T00:00:00,GHCND:USC00234271,66
783,",,7,",SNOW,2017-03-27T00:00:00,GHCND:USC00234271,0
784,",,7,",SNWD,2017-03-27T00:00:00,GHCND:USC00234271,0
785,",,7,0700",TMAX,2017-03-27T00:00:00,GHCND:USC00234271,156
786,",,7,0700",TMIN,2017-03-27T00:00:00,GHCND:USC00234271,89
787,",,7,0700",TOBS,2017-03-27T00:00:00,GHCND:USC00234271,100
788,",,H,",PRCP,2017-03-27T00:00:00,GHCND:USC00237497,13
789,",,W,",AWND,2017-03-27T00:00:00,GHCND:USW00003963,24
790,",,W,",PRCP,2017-03-27T00:00:00,GHCND:USW00003963,109
791,",,W,",SNOW,2017-03-27T00:00:00,GHCND:USW00003963,0
792,",,W,",SNWD,2017-03-27T00:00:00,GHCND:USW00003963,0
793,",,W,",TMAX,2017-03-27T00:00:00,GHCND:USW00003963,144
794,",,W,",TMIN,2017-03-27T00:00:00,GHCND:USW00003963,117
795,",,W,",WDF2,2017-03-27T00:00:00,GHCND:USW00003963,60
796,",,W,",WDF5,2017-03-27T00:00:00,GHCND:USW00003963,70
797,",,W,",WSF2,2017-03-27T00:00:00,GHCND:USW00003963,58
798,",,W,",WSF5,2017-03-27T00:00:00,GHCND:USW00003963,72
799,",,W,",WT01,2017-03-27T00:00:00,GHCND:USW00003963,1
800,",,W,",WT08,2017-03-27T00:00:00,GHCND:USW00003963,1
801,",,N,",PRCP,2017-03-28T00:00:00,GHCND:US1MOBN0007,58
802,",,N,",PRCP,2017-03-28T00:00:00,GHCND:US1MOCE0007,51
803,",,N,",PRCP,2017-03-28T00:00:00,GHCND:US1MOCE0009,81
804,",,N,",PRCP,2017-03-28T00:00:00,GHCND:US1MOCE0017,25
805,",,N,",SNOW,2017-03-28T00:00:00,GHCND:US1MOCE0017,0
806,",,N,",SNWD,2017-03-28T00:00:00,GHCND:US1MOCE0017,0
807,",,N,",WESD,2017-03-28T00:00:00,GHCND:US1MOCE0017,0
808,",,N,",WESF,2017-03-28T00:00:00,GHCND:US1MOCE0017,0
809,",,N,",PRCP,2017-03-28T00:00:00,GHCND:US1MOCW0009,74
810,",,N,",PRCP,2017-03-28T00:00:00,GHCND:US1MOCW0012,46
811,",,N,",PRCP,2017-03-28T00:00:00,GHCND:US1MOFSA051,46
812,",,7,0700",PRCP,2017-03-28T00:00:00,GHCND:USC00234271,61
813,",,7,",SNOW,2017-03-28T00:00:00,GHCND:USC00234271,0
814,",,7,",SNWD,2017-03-28T00:00:00,GHCND:USC00234271,0
815,",,7,0700",TMAX,2017-03-28T00:00:00,GHCND:USC00234271,128
816,",,7,0700",TMIN,2017-03-28T00:00:00,GHCND:USC00234271,94
817,",,7,0700",TOBS,2017-03-28T00:00:00,GHCND:USC00234271,94
818,",,H,",PRCP,2017-03-28T00:00:00,GHCND:USC00237497,69
819,",,W,",AWND,2017-03-28T00:00:00,GHCND:USW00003963,31
820,",,W,",PRCP,2017-03-28T00:00:00,GHCND:USW00003963,0
821,",,W,",SNOW,2017-03-28T00:00:00,GHCND:USW00003963,0
822,",,W,",SNWD,2017-03-28T00:00:00,GHCND:USW00003963,0
823,",,W,",TMAX,2017-03-28T00:00:00,GHCND:USW00003963,161
824,",,W,",TMIN,2017-03-28T00:00:00,GHCND:USW00003963,117
825,",,W,",WDF2,2017-03-28T00:00:00,GHCND:USW00003963,90
826,",,W,",WDF5,2017-03-28T00:00:00,GHCND:USW00003963,100
827,",,W,",WSF2,2017-03-28T00:00:00,GHCND:USW00003963,63
828,",,W,",WSF5,2017-03-28T00:00:00,GHCND:USW00003963,89
829,",,W,",WT01,2017-03-28T00:00:00,GHCND:USW00003963,1
830,",,N,",PRCP,2017-03-29T00:00:00,GHCND:US1MOBN0007,3
831,",,N,",PRCP,2017-03-29T00:00:00,GHCND:US1MOCE0007,3
832,",,N,",PRCP,2017-03-29T00:00:00,GHCND:US1MOCE0009,5
833,",,N,",PRCP,2017-03-29T00:00:00,GHCND:US1MOCE0017,0
834,",,N,",SNOW,2017-03-29T00:00:00,GHCND:US1MOCE0017,0
835,",,N,",SNWD,2017-03-29T00:00:00,GHCND:US1MOCE0017,0
836,",,N,",WESD,2017-03-29T00:00:00,GHCND:US1MOCE0017,0
837,",,N,",WESF,2017-03-29T00:00:00,GHCND:US1MOCE0017,0
838,",,N,",PRCP,2017-03-29T00:00:00,GHCND:US1MOCW0009,3
839,"T,,N,",PRCP,2017-03-29T00:00:00,GHCND:US1MOCW0012,0
840,",,N,",PRCP,2017-03-29T00:00:00,GHCND:US1MOFSA051,8
841,",,7,0700",PRCP,2017-03-29T00:00:00,GHCND:USC00234271,0
842,",,7,",SNOW,2017-03-29T00:00:00,GHCND:USC00234271,0
843,",,7,",SNWD,2017-03-29T00:00:00,GHCND:USC00234271,0
844,",,7,0700",TMAX,2017-03-29T00:00:00,GHCND:USC00234271,139
845,",,7,0700",TMIN,2017-03-29T00:00:00,GHCND:USC00234271,94
846,",,7,0700",TOBS,2017-03-29T00:00:00,GHCND:USC00234271,106
847,",,H,",PRCP,2017-03-29T00:00:00,GHCND:USC00237497,0
848,",,W,",AWND,2017-03-29T00:00:00,GHCND:USW00003963,60
849,",,W,",PRCP,2017-03-29T00:00:00,GHCND:USW00003963,422
850,",,W,",SNOW,2017-03-29T00:00:00,GHCND:USW00003963,0
851,",,W,",SNWD,2017-03-29T00:00:00,GHCND:USW00003963,0
852,",,W,",TMAX,2017-03-29T00:00:00,GHCND:USW00003963,200
853,",,W,",TMIN,2017-03-29T00:00:00,GHCND:USW00003963,117
854,",,W,",WDF2,2017-03-29T00:00:00,GHCND:USW00003963,280
855,",,W,",WDF5,2017-03-29T00:00:00,GHCND:USW00003963,280
856,",,W,",WSF2,2017-03-29T00:00:00,GHCND:USW00003963,112
857,",,W,",WSF5,2017-03-29T00:00:00,GHCND:USW00003963,148
858,",,W,",WT01,2017-03-29T00:00:00,GHCND:USW00003963,1
859,",,W,",WT03,2017-03-29T00:00:00,GHCND:USW00003963,1
860,",,N,",PRCP,2017-03-30T00:00:00,GHCND:US1MOBN0007,305
861,",,N,",PRCP,2017-03-30T00:00:00,GHCND:US1MOCE0007,658
862,",,N,",PRCP,2017-03-30T00:00:00,GHCND:US1MOCE0009,470
863,",,N,",PRCP,2017-03-30T00:00:00,GHCND:US1MOCE0017,330
864,",,N,",SNOW,2017-03-30T00:00:00,GHCND:US1MOCE0017,0
865,",,N,",SNWD,2017-03-30T00:00:00,GHCND:US1MOCE0017,0
866,",,N,",WESD,2017-03-30T00:00:00,GHCND:US1MOCE0017,0
867,",,N,",WESF,2017-03-30T00:00:00,GHCND:US1MOCE0017,0
868,",,N,",PRCP,2017-03-30T00:00:00,GHCND:US1MOCW0009,460
869,",,N,",PRCP,2017-03-30T00:00:00,GHCND:US1MOCW0012,554
870,",,N,",PRCP,2017-03-30T00:00:00,GHCND:US1MOFSA051,267
871,",,7,0700",PRCP,2017-03-30T00:00:00,GHCND:USC00234271,544
872,",,7,",SNOW,2017-03-30T00:00:00,GHCND:USC00234271,0
873,",,7,",SNWD,2017-03-30T00:00:00,GHCND:USC00234271,0
874,",,7,0700",TMAX,2017-03-30T00:00:00,GHCND:USC00234271,183
875,",,7,0700",TMIN,2017-03-30T00:00:00,GHCND:USC00234271,100
876,",,7,0700",TOBS,2017-03-30T00:00:00,GHCND:USC00234271,139
877,",,7,",WT03,2017-03-30T00:00:00,GHCND:USC00234271,1
878,",,H,",PRCP,2017-03-30T00:00:00,GHCND:USC00237497,81
879,",,W,",AWND,2017-03-30T00:00:00,GHCND:USW00003963,35
880,",,W,",PRCP,2017-03-30T00:00:00,GHCND:USW00003963,30
881,",,W,",SNOW,2017-03-30T00:00:00,GHCND:USW00003963,0
882,",,W,",SNWD,2017-03-30T00:00:00,GHCND:USW00003963,0
883,",,W,",TMAX,2017-03-30T00:00:00,GHCND:USW00003963,178
884,",,W,",TMIN,2017-03-30T00:00:00,GHCND:USW00003963,100
885,",,W,",WDF2,2017-03-30T00:00:00,GHCND:USW00003963,290
886,",,W,",WDF5,2017-03-30T00:00:00,GHCND:USW00003963,250
887,",,W,",WSF2,2017-03-30T00:00:00,GHCND:USW00003963,76
888,",,W,",WSF5,2017-03-30T00:00:00,GHCND:USW00003963,94
889,",,W,",WT01,2017-03-30T00:00:00,GHCND:USW00003963,1
890,",,N,",PRCP,2017-03-31T00:00:00,GHCND:US1MOBN0007,23
891,",,N,",PRCP,2017-03-31T00:00:00,GHCND:US1MOCE0007,8
892,",,N,",PRCP,2017-03-31T00:00:00,GHCND:US1MOCE0009,10
893,",,N,",PRCP,2017-03-31T00:00:00,GHCND:US1MOCE0017,18
894,",,N,",SNOW,2017-03-31T00:00:00,GHCND:US1MOCE0017,0
895,",,N,",SNWD,2017-03-31T00:00:00,GHCND:US1MOCE0017,0
896,",,N,",WESD,2017-03-31T00:00:00,GHCND:US1MOCE0017,0
897,",,N,",WESF,2017-03-31T00:00:00,GHCND:US1MOCE0017,0
898,",,N,",PRCP,2017-03-31T00:00:00,GHCND:US1MOCW0009,28
899,",,N,",PRCP,2017-03-31T00:00:00,GHCND:US1MOCW0012,30
900,",,N,",PRCP,2017-03-31T00:00:00,GHCND:US1MOFSA051,25
901,",,7,0700",PRCP,2017-03-31T00:00:00,GHCND:USC00234271,23
902,",,7,",SNOW,2017-03-31T00:00:00,GHCND:USC00234271,0
903,",,7,",SNWD,2017-03-31T00:00:00,GHCND:USC00234271,0
904,",,7,0700",TMAX,2017-03-31T00:00:00,GHCND:USC00234271,139
905,",,7,0700",TMIN,2017-03-31T00:00:00,GHCND:USC00234271,61
906,",,7,0700",TOBS,2017-03-31T00:00:00,GHCND:USC00234271,61
907,",,H,",PRCP,2017-03-31T00:00:00,GHCND:USC00237497,61
908,",,W,",AWND,2017-03-31T00:00:00,GHCND:USW00003963,38
909,"T,,W,",PRCP,2017-03-31T00:00:00,GHCND:USW00003963,0
910,",,W,",SNWD,2017-03-31T00:00:00,GHCND:USW00003963,0
911,",,W,",TMAX,2017-03-31T00:00:00,GHCND:USW00003963,117
912,",,W,",TMIN,2017-03-31T00:00:00,GHCND:USW00003963,78
913,",,W,",WDF2,2017-03-31T00:00:00,GHCND:USW00003963,300
914,",,W,",WDF5,2017-03-31T00:00:00,GHCND:USW00003963,290
915,",,W,",WSF2,2017-03-31T00:00:00,GHCND:USW00003963,72
916,",,W,",WSF5,2017-03-31T00:00:00,GHCND:USW00003963,94
917,",,W,",WT01,2017-03-31T00:00:00,GHCND:USW00003963,1
918,",,W,",WT08,2017-03-31T00:00:00,GHCND:USW00003963,1
919,",,N,",PRCP,2017-04-01T00:00:00,GHCND:US1MOBN0007,3
920,",,N,",PRCP,2017-04-01T00:00:00,GHCND:US1MOCE0007,0
921,",,N,",SNOW,2017-04-01T00:00:00,GHCND:US1MOCE0007,0
922,",,N,",PRCP,2017-04-01T00:00:00,GHCND:US1MOCE0009,3
923,",,N,",PRCP,2017-04-01T00:00:00,GHCND:US1MOCE0017,0
924,",,N,",SNOW,2017-04-01T00:00:00,GHCND:US1MOCE0017,0
925,",,N,",SNWD,2017-04-01T00:00:00,GHCND:US1MOCE0017,0
926,",,N,",WESD,2017-04-01T00:00:00,GHCND:US1MOCE0017,0
927,",,N,",WESF,2017-04-01T00:00:00,GHCND:US1MOCE0017,0
928,",,N,",PRCP,2017-04-01T00:00:00,GHCND:US1MOCW0009,3
929,"T,,N,",PRCP,2017-04-01T00:00:00,GHCND:US1MOCW0012,0
930,",,N,",PRCP,2017-04-01T00:00:00,GHCND:US1MOFSA051,0
931,",,N,",SNOW,2017-04-01T00:00:00,GHCND:US1MOFSA051,0
932,",,7,0700",PRCP,2017-04-01T00:00:00,GHCND:USC00234271,0
933,",,7,",SNOW,2017-04-01T00:00:00,GHCND:USC00234271,0
934,",,7,",SNWD,2017-04-01T00:00:00,GHCND:USC00234271,0
935,",,7,0700",TMAX,2017-04-01T00:00:00,GHCND:USC00234271,106
936,",,7,0700",TMIN,2017-04-01T00:00:00,GHCND:USC00234271,44
937,",,7,0700",TOBS,2017-04-01T00:00:00,GHCND:USC00234271,44
938,",,W,",AWND,2017-04-01T00:00:00,GHCND:USW00003963,37
939,",,W,",PRCP,2017-04-01T00:00:00,GHCND:USW00003963,0
940,",,W,",SNOW,2017-04-01T00:00:00,GHCND:USW00003963,0
941,",,W,",SNWD,2017-04-01T00:00:00,GHCND:USW00003963,0
942,",,W,",TMAX,2017-04-01T00:00:00,GHCND:USW00003963,167
943,",,W,",TMIN,2017-04-01T00:00:00,GHCND:USW00003963,67
944,",,W,",WDF2,2017-04-01T00:00:00,GHCND:USW00003963,130
945,",,W,",WDF5,2017-04-01T00:00:00,GHCND:USW00003963,140
946,",,W,",WSF2,2017-04-01T00:00:00,GHCND:USW00003963,67
947,",,W,",WSF5,2017-04-01T00:00:00,GHCND:USW00003963,81
948,",,N,",PRCP,2017-04-02T00:00:00,GHCND:US1MOBN0007,36
949,",,N,",PRCP,2017-04-02T00:00:00,GHCND:US1MOCE0007,38
950,"T,,N,",PRCP,2017-04-02T00:00:00,GHCND:US1MOCE0009,0
951,",,N,",PRCP,2017-04-02T00:00:00,GHCND:US1MOCE0017,56
952,",,N,",SNOW,2017-04-02T00:00:00,GHCND:US1MOCE0017,0
953,",,N,",SNWD,2017-04-02T00:00:00,GHCND:US1MOCE0017,0
954,",,N,",WESD,2017-04-02T00:00:00,GHCND:US1MOCE0017,0
955,",,N,",WESF,2017-04-02T00:00:00,GHCND:US1MOCE0017,0
956,",,N,",PRCP,2017-04-02T00:00:00,GHCND:US1MOCW0009,8
957,"T,,N,",PRCP,2017-04-02T00:00:00,GHCND:US1MOCW0012,0
958,",,N,",PRCP,2017-04-02T00:00:00,GHCND:US1MOFSA051,104
959,",,7,0700",PRCP,2017-04-02T00:00:00,GHCND:USC00234271,10
960,",,7,",SNOW,2017-04-02T00:00:00,GHCND:USC00234271,0
961,",,7,",SNWD,2017-04-02T00:00:00,GHCND:USC00234271,0
962,",,7,0700",TMAX,2017-04-02T00:00:00,GHCND:USC00234271,150
963,",,7,0700",TMIN,2017-04-02T00:00:00,GHCND:USC00234271,44
964,",,7,0700",TOBS,2017-04-02T00:00:00,GHCND:USC00234271,83
965,",,H,",PRCP,2017-04-02T00:00:00,GHCND:USC00237497,3
966,",,W,",AWND,2017-04-02T00:00:00,GHCND:USW00003963,42
967,",,W,",PRCP,2017-04-02T00:00:00,GHCND:USW00003963,94
968,",,W,",SNOW,2017-04-02T00:00:00,GHCND:USW00003963,0
969,",,W,",SNWD,2017-04-02T00:00:00,GHCND:USW00003963,0
970,",,W,",TMAX,2017-04-02T00:00:00,GHCND:USW00003963,239
971,",,W,",TMIN,2017-04-02T00:00:00,GHCND:USW00003963,94
972,",,W,",WDF2,2017-04-02T00:00:00,GHCND:USW00003963,120
973,",,W,",WDF5,2017-04-02T00:00:00,GHCND:USW00003963,70
974,",,W,",WSF2,2017-04-02T00:00:00,GHCND:USW00003963,81
975,",,W,",WSF5,2017-04-02T00:00:00,GHCND:USW00003963,94
976,",,W,",WT01,2017-04-02T00:00:00,GHCND:USW00003963,1
977,",,W,",WT03,2017-04-02T00:00:00,GHCND:USW00003963,1
978,",,N,",PRCP,2017-04-03T00:00:00,GHCND:US1MOBN0007,18
979,",,N,",PRCP,2017-04-03T00:00:00,GHCND:US1MOBN0032,5
980,",,N,",PRCP,2017-04-03T00:00:00,GHCND:US1MOCE0007,38
981,",,N,",PRCP,2017-04-03T00:00:00,GHCND:US1MOCE0009,84
982,",,N,",PRCP,2017-04-03T00:00:00,GHCND:US1MOCE0017,25
983,",,N,",SNOW,2017-04-03T00:00:00,GHCND:US1MOCE0017,0
984,",,N,",SNWD,2017-04-03T00:00:00,GHCND:US1MOCE0017,0
985,",,N,",WESD,2017-04-03T00:00:00,GHCND:US1MOCE0017,0
986,",,N,",WESF,2017-04-03T00:00:00,GHCND:US1MOCE0017,0
987,",,N,",PRCP,2017-04-03T00:00:00,GHCND:US1MOCW0009,56
988,",,N,",PRCP,2017-04-03T00:00:00,GHCND:US1MOCW0012,94
989,",,N,",PRCP,2017-04-03T00:00:00,GHCND:US1MOFSA051,0
990,",,N,",SNOW,2017-04-03T00:00:00,GHCND:US1MOFSA051,0
991,",,7,0700",PRCP,2017-04-03T00:00:00,GHCND:USC00234271,119
992,",,7,",SNOW,2017-04-03T00:00:00,GHCND:USC00234271,0
993,",,7,",SNWD,2017-04-03T00:00:00,GHCND:USC00234271,0
994,",,7,0700",TMAX,2017-04-03T00:00:00,GHCND:USC00234271,211
995,",,7,0700",TMIN,2017-04-03T00:00:00,GHCND:USC00234271,61
996,",,7,0700",TOBS,2017-04-03T00:00:00,GHCND:USC00234271,122
997,",,H,",PRCP,2017-04-03T00:00:00,GHCND:USC00237497,36
998,",,W,",AWND,2017-04-03T00:00:00,GHCND:USW00003963,37
999,",,W,",PRCP,2017-04-03T00:00:00,GHCND:USW00003963,58
0,",,W,",SNOW,2017-04-03T00:00:00,GHCND:USW00003963,0
1,",,W,",SNWD,2017-04-03T00:00:00,GHCND:USW00003963,0
2,",,W,",TMAX,2017-04-03T00:00:00,GHCND:USW00003963,189
3,",,W,",TMIN,2017-04-03T00:00:00,GHCND:USW00003963,133
4,",,W,",WDF2,2017-04-03T00:00:00,GHCND:USW00003963,290
5,",,W,",WDF5,2017-04-03T00:00:00,GHCND:USW00003963,290
6,",,W,",WSF2,2017-04-03T00:00:00,GHCND:USW00003963,98
7,",,W,",WSF5,2017-04-03T00:00:00,GHCND:USW00003963,121
8,",,W,",WT01,2017-04-03T00:00:00,GHCND:USW00003963,1
9,",,W,",WT03,2017-04-03T00:00:00,GHCND:USW00003963,1
10,",,N,",PRCP,2017-04-04T00:00:00,GHCND:US1MOBN0007,33
11,",,N,",PRCP,2017-04-04T00:00:00,GHCND:US1MOBN0032,41
12,",,N,",PRCP,2017-04-04T00:00:00,GHCND:US1MOCE0007,58
13,",,N,",PRCP,2017-04-04T00:00:00,GHCND:US1MOCE0009,79
14,",,N,",PRCP,2017-04-04T00:00:00,GHCND:US1MOCE0017,46
15,",,N,",SNOW,2017-04-04T00:00:00,GHCND:US1MOCE0017,0
16,",,N,",SNWD,2017-04-04T00:00:00,GHCND:US1MOCE0017,0
17,",,N,",WESD,2017-04-04T00:00:00,GHCND:US1MOCE0017,0
18,",,N,",WESF,2017-04-04T00:00:00,GHCND:US1MOCE0017,0
19,",,N,",PRCP,2017-04-04T00:00:00,GHCND:US1MOCW0009,38
20,",,N,",SNOW,2017-04-04T00:00:00,GHCND:US1MOCW0009,0
21,",,N,",PRCP,2017-04-04T00:00:00,GHCND:US1MOCW0012,46
22,",,N,",PRCP,2017-04-04T00:00:00,GHCND:US1MOFSA051,33
23,",,7,0700",PRCP,2017-04-04T00:00:00,GHCND:USC00234271,51
24,",,7,",SNOW,2017-04-04T00:00:00,GHCND:USC00234271,0
25,",,7,",SNWD,2017-04-04T00:00:00,GHCND:USC00234271,0
26,",,7,0700",TMAX,2017-04-04T00:00:00,GHCND:USC00234271,172
27,",,7,0700",TMIN,2017-04-04T00:00:00,GHCND:USC00234271,83
28,",,7,0700",TOBS,2017-04-04T00:00:00,GHCND:USC00234271,89
29,",,H,",PRCP,2017-04-04T00:00:00,GHCND:USC00237497,13
30,",,W,",AWND,2017-04-04T00:00:00,GHCND:USW00003963,29
31,",,W,",PRCP,2017-04-04T00:00:00,GHCND:USW00003963,231
32,",,W,",SNOW,2017-04-04T00:00:00,GHCND:USW00003963,0
33,",,W,",SNWD,2017-04-04T00:00:00,GHCND:USW00003963,0
34,",,W,",TMAX,2017-04-04T00:00:00,GHCND:USW00003963,167
35,",,W,",TMIN,2017-04-04T00:00:00,GHCND:USW00003963,89
36,",,W,",WDF2,2017-04-04T00:00:00,GHCND:USW00003963,80
37,",,W,",WDF5,2017-04-04T00:00:00,GHCND:USW00003963,50
38,",,W,",WSF2,2017-04-04T00:00:00,GHCND:USW00003963,134
39,",,W,",WSF5,2017-04-04T00:00:00,GHCND:USW00003963,188
40,",,W,",WT01,2017-04-04T00:00:00,GHCND:USW00003963,1
41,",,W,",WT02,2017-04-04T00:00:00,GHCND:USW00003963,1
42,",,W,",WT03,2017-04-04T00:00:00,GHCND:USW00003963,1
43,",,W,",WT08,2017-04-04T00:00:00,GHCND:USW00003963,1
44,",,N,",PRCP,2017-04-05T00:00:00,GHCND:US1MOBN0007,259
45,",,N,",PRCP,2017-04-05T00:00:00,GHCND:US1MOBN0032,259
46,",,N,",PRCP,2017-04-05T00:00:00,GHCND:US1MOCE0007,236
47,",,N,",PRCP,2017-04-05T00:00:00,GHCND:US1MOCE0009,218
48,",,N,",PRCP,2017-04-05T00:00:00,GHCND:US1MOCE0017,254
49,",,N,",SNOW,2017-04-05T00:00:00,GHCND:US1MOCE0017,0
50,",,N,",SNWD,2017-04-05T00:00:00,GHCND:US1MOCE0017,0
51,",,N,",WESD,2017-04-05T00:00:00,GHCND:US1MOCE0017,0
52,",,N,",WESF,2017-04-05T00:00:00,GHCND:US1MOCE0017,0
53,",,N,",PRCP,2017-04-05T00:00:00,GHCND:US1MOCW0009,244
54,",,N,",PRCP,2017-04-05T00:00:00,GHCND:US1MOCW0012,244
55,",,N,",PRCP,2017-04-05T00:00:00,GHCND:US1MOFSA051,254
56,",,7,0700",PRCP,2017-04-05T00:00:00,GHCND:USC00234271,305
57,",,7,",SNOW,2017-04-05T00:00:00,GHCND:USC00234271,0
58,",,7,",SNWD,2017-04-05T00:00:00,GHCND:USC00234271,0
59,",,7,0700",TMAX,2017-04-05T00:00:00,GHCND:USC00234271,144
60,",,7,0700",TMIN,2017-04-05T00:00:00,GHCND:USC00234271,89
61,",,7,0700",TOBS,2017-04-05T00:00:00,GHCND:USC00234271,106
62,",,W,",AWND,2017-04-05T00:00:00,GHCND:USW00003963,44
63,",,W,",PRCP,2017-04-05T00:00:00,GHCND:USW00003963,8
64,",,W,",SNOW,2017-04-05T00:00:00,GHCND:USW00003963,0
65,",,W,",SNWD,2017-04-05T00:00:00,GHCND:USW00003963,0
66,",,W,",TMAX,2017-04-05T00:00:00,GHCND:USW00003963,150
67,",,W,",TMIN,2017-04-05T00:00:00,GHCND:USW00003963,67
68,",,W,",WDF2,2017-04-05T00:00:00,GHCND:USW00003963,80
69,",,W,",WDF5,2017-04-05T00:00:00,GHCND:USW00003963,350
70,",,W,",WSF2,2017-04-05T00:00:00,GHCND:USW00003963,143
71,",,W,",WSF5,2017-04-05T00:00:00,GHCND:USW00003963,174
72,",,W,",WT01,2017-04-05T00:00:00,GHCND:USW00003963,1
73,",,W,",WT08,2017-04-05T00:00:00,GHCND:USW00003963,1
74,",,N,",PRCP,2017-04-06T00:00:00,GHCND:US1MOBN0007,33
75,",,N,",PRCP,2017-04-06T00:00:00,GHCND:US1MOBN0032,48
76,",,N,",PRCP,2017-04-06T00:00:00,GHCND:US1MOCE0007,23
77,",,N,",PRCP,2017-04-06T00:00:00,GHCND:US1MOCE0009,20
78,",,N,",PRCP,2017-04-06T00:00:00,GHCND:US1MOCE0017,18
79,",,N,",SNOW,2017-04-06T00:00:00,GHCND:US1MOCE0017,0
80,",,N,",SNWD,2017-04-06T00:00:00,GHCND:US1MOCE0017,0
81,",,N,",WESD,2017-04-06T00:00:00,GHCND:US1MOCE0017,0
82,",,N,",WESF,2017-04-06T00:00:00,GHCND:US1MOCE0017,0
83,",,N,",PRCP,2017-04-06T00:00:00,GHCND:US1MOCW0009,56
84,",,N,",PRCP,2017-04-06T00:00:00,GHCND:US1MOCW0012,41
85,",,N,",PRCP,2017-04-06T00:00:00,GHCND:US1MOFSA051,18
86,",,7,0700",PRCP,2017-04-06T00:00:00,GHCND:USC00234271,41
87,",,7,",SNOW,2017-04-06T00:00:00,GHCND:USC00234271,0
88,",,7,",SNWD,2017-04-06T00:00:00,GHCND:USC00234271,0
89,",,7,0700",TMAX,2017-04-06T00:00:00,GHCND:USC00234271,156
90,",,7,0700",TMIN,2017-04-06T00:00:00,GHCND:USC00234271,50
91,",,7,0700",TOBS,2017-04-06T00:00:00,GHCND:USC00234271,56
92,",,H,",PRCP,2017-04-06T00:00:00,GHCND:USC00237497,13
93,",,W,",AWND,2017-04-06T00:00:00,GHCND:USW00003963,53
94,",,W,",PRCP,2017-04-06T00:00:00,GHCND:USW00003963,0
95,",,W,",SNOW,2017-04-06T00:00:00,GHCND:USW00003963,0
96,",,W,",SNWD,2017-04-06T00:00:00,GHCND:USW00003963,0
97,",,W,",TMAX,2017-04-06T00:00:00,GHCND:USW00003963,156
98,",,W,",TMIN,2017-04-06T00:00:00,GHCND:USW00003963,61
99,",,W,",WDF2,2017-04-06T00:00:00,GHCND:USW00003963,310
100,",,W,",WDF5,2017-04-06T00:00:00,GHCND:USW00003963,290
101,",,W,",WSF2,2017-04-06T00:00:00,GHCND:USW00003963,103
102,",,W,",WSF5,2017-04-06T00:00:00,GHCND:USW00003963,170
103,",,N,",PRCP,2017-04-07T00:00:00,GHCND:US1MOBN0007,0
104,",,N,",SNOW,2017-04-07T00:00:00,GHCND:US1MOBN0007,0
105,",,N,",PRCP,2017-04-07T00:00:00,GHCND:US1MOBN0032,0
106,",,N,",SNOW,2017-04-07T00:00:00,GHCND:US1MOBN0032,0
107,",,N,",PRCP,2017-04-07T00:00:00,GHCND:US1MOCE0007,0
108,",,N,",SNOW,2017-04-07T00:00:00,GHCND:US1MOCE0007,0
109,",,N,",PRCP,2017-04-07T00:00:00,GHCND:US1MOCE0009,3
110,",,N,",PRCP,2017-04-07T00:00:00,GHCND:US1MOCE0017,0
111,",,N,",SNOW,2017-04-07T00:00:00,GHCND:US1MOCE0017,0
112,",,N,",SNWD,2017-04-07T00:00:00,GHCND:US1MOCE0017,0
113,",,N,",WESD,2017-04-07T00:00:00,GHCND:US1MOCE0017,0
114,",,N,",WESF,2017-04-07T00:00:00,GHCND:US1MOCE0017,0
115,",,N,",PRCP,2017-04-07T00:00:00,GHCND:US1MOCW0009,0
116,",,N,",SNOW,2017-04-07T00:00:00,GHCND:US1MOCW0009,0
117,",,N,",PRCP,2017-04-07T00:00:00,GHCND:US1MOCW0012,0
118,",,N,",PRCP,2017-04-07T00:00:00,GHCND:US1MOFSA051,0
119,",,N,",SNOW,2017-04-07T00:00:00,GHCND:US1MOFSA051,0
120,",,7,0700",PRCP,2017-04-07T00:00:00,GHCND:USC00234271,0
121,",,7,",SNOW,2017-04-07T00:00:00,GHCND:USC00234271,0
122,",,7,",SNWD,2017-04-07T00:00:00,GHCND:USC00234271,0
123,",,7,0700",TMAX,2017-04-07T00:00:00,GHCND:USC00234271,144
124,",,7,0700",TMIN,2017-04-07T00:00:00,GHCND:USC00234271,28
125,",,7,0700",TOBS,2017-04-07T00:00:00,GHCND:USC00234271,50
126,",,W,",AWND,2017-04-07T00:00:00,GHCND:USW00003963,17
127,",,W,",PRCP,2017-04-07T00:00:00,GHCND:USW00003963,0
128,",,W,",SNOW,2017-04-07T00:00:00,GHCND:USW00003963,0
129,",,W,",SNWD,2017-04-07T00:00:00,GHCND:USW00003963,0
130,",,W,",TMAX,2017-04-07T00:00:00,GHCND:USW00003963,194
131,",,W,",TMIN,2017-04-07T00:00:00,GHCND:USW00003963,22
132,",,W,",WDF2,2017-04-07T00:00:00,GHCND:USW00003963,260
133,",,W,",WDF5,2017-04-07T00:00:00,GHCND:USW00003963,270
134,",,W,",WSF2,2017-04-07T00:00:00,GHCND:USW00003963,54
135,",,W,",WSF5,2017-04-07T00:00:00,GHCND:USW00003963,72
136,",,N,",PRCP,2017-04-08T00:00:00,GHCND:US1MOBN0007,0
137,",,N,",SNOW,2017-04-08T00:00:00,GHCND:US1MOBN0007,0
138,",,N,",PRCP,2017-04-08T00:00:00,GHCND:US1MOBN0032,0
139,",,N,",SNOW,2017-04-08T00:00:00,GHCND:US1MOBN0032,0
140,",,N,",PRCP,2017-04-08T00:00:00,GHCND:US1MOCE0007,0
141,",,N,",PRCP,2017-04-08T00:00:00,GHCND:US1MOCE0009,0
142,",,N,",SNOW,2017-04-08T00:00:00,GHCND:US1MOCE0009,0
143,",,N,",PRCP,2017-04-08T00:00:00,GHCND:US1MOCE0017,0
144,",,N,",SNOW,2017-04-08T00:00:00,GHCND:US1MOCE0017,0
145,",,N,",SNWD,2017-04-08T00:00:00,GHCND:US1MOCE0017,0
146,",,N,",WESD,2017-04-08T00:00:00,GHCND:US1MOCE0017,0
147,",,N,",WESF,2017-04-08T00:00:00,GHCND:US1MOCE0017,0
148,",,N,",PRCP,2017-04-08T00:00:00,GHCND:US1MOCW0009,0
149,",,N,",SNOW,2017-04-08T00:00:00,GHCND:US1MOCW0009,0
150,",,N,",PRCP,2017-04-08T00:00:00,GHCND:US1MOCW0012,0
151,",,N,",PRCP,2017-04-08T00:00:00,GHCND:US1MOFSA051,0
152,",,N,",SNOW,2017-04-08T00:00:00,GHCND:US1MOFSA051,0
153,",,7,0700",PRCP,2017-04-08T00:00:00,GHCND:USC00234271,0
154,",,7,",SNOW,2017-04-08T00:00:00,GHCND:USC00234271,0
155,",,7,",SNWD,2017-04-08T00:00:00,GHCND:USC00234271,0
156,",,7,0700",TMAX,2017-04-08T00:00:00,GHCND:USC00234271,178
157,",,7,0700",TMIN,2017-04-08T00:00:00,GHCND:USC00234271,50
158,",,7,0700",TOBS,2017-04-08T00:00:00,GHCND:USC00234271,83
159,",,W,",AWND,2017-04-08T00:00:00,GHCND:USW00003963,48
160,",,W,",PRCP,2017-04-08T00:00:00,GHCND:USW00003963,0
161,",,W,",SNOW,2017-04-08T00:00:00,GHCND:USW00003963,0
162,",,W,",SNWD,2017-04-08T00:00:00,GHCND:USW00003963,0
163,",,W,",TMAX,2017-04-08T00:00:00,GHCND:USW00003963,272
164,",,W,",TMIN,2017-04-08T00:00:00,GHCND:USW00003963,61
165,",,W,",WDF2,2017-04-08T00:00:00,GHCND:USW00003963,170
166,",,W,",WDF5,2017-04-08T00:00:00,GHCND:USW00003963,160
167,",,W,",WSF2,2017-04-08T00:00:00,GHCND:USW00003963,103
168,",,W,",WSF5,2017-04-08T00:00:00,GHCND:USW00003963,130
169,",,N,",PRCP,2017-04-09T00:00:00,GHCND:US1MOBN0007,0
170,",,N,",SNOW,2017-04-09T00:00:00,GHCND:US1MOBN0007,0
171,",,N,",PRCP,2017-04-09T00:00:00,GHCND:US1MOBN0032,0
172,",,N,",SNOW,2017-04-09T00:00:00,GHCND:US1MOBN0032,0
173,",,N,",PRCP,2017-04-09T00:00:00,GHCND:US1MOCE0007,0
174,",,N,",SNOW,2017-04-09T00:00:00,GHCND:US1MOCE0007,0
175,",,N,",PRCP,2017-04-09T00:00:00,GHCND:US1MOCE0009,0
176,",,N,",SNOW,2017-04-09T00:00:00,GHCND:US1MOCE0009,0
177,",,N,",PRCP,2017-04-09T00:00:00,GHCND:US1MOCW0009,0
178,",,N,",SNOW,2017-04-09T00:00:00,GHCND:US1MOCW0009,0
179,",,N,",PRCP,2017-04-09T00:00:00,GHCND:US1MOCW0012,0
180,",,N,",PRCP,2017-04-09T00:00:00,GHCND:US1MOFSA051,0
181,",,N,",SNOW,2017-04-09T00:00:00,GHCND:US1MOFSA051,0
182,",,7,0700",PRCP,2017-04-09T00:00:00,GHCND:USC00234271,0
183,",,7,",SNOW,2017-04-09T00:00:00,GHCND:USC00234271,0
184,",,7,",SNWD,2017-04-09T00:00:00,GHCND:USC00234271,0
185,",,7,0700",TMAX,2017-04-09T00:00:00,GHCND:USC00234271,261
186,",,7,0700",TMIN,2017-04-09T00:00:00,GHCND:USC00234271,83
187,",,7,0700",TOBS,2017-04-09T00:00:00,GHCND:USC00234271,161
188,",,W,",AWND,2017-04-09T00:00:00,GHCND:USW00003963,62
189,",,W,",PRCP,2017-04-09T00:00:00,GHCND:USW00003963,0
190,",,W,",SNOW,2017-04-09T00:00:00,GHCND:USW00003963,0
191,",,W,",SNWD,2017-04-09T00:00:00,GHCND:USW00003963,0
192,",,W,",TMAX,2017-04-09T00:00:00,GHCND:USW00003963,294
193,",,W,",TMIN,2017-04-09T00:00:00,GHCND:USW00003963,167
194,",,W,",WDF2,2017-04-09T00:00:00,GHCND:USW00003963,160
195,",,W,",WDF5,2017-04-09T00:00:00,GHCND:USW00003963,160
196,",,W,",WSF2,2017-04-09T00:00:00,GHCND:USW00003963,125
197,",,W,",WSF5,2017-04-09T00:00:00,GHCND:USW00003963,165
198,",,N,",PRCP,2017-04-10T00:00:00,GHCND:US1MOBN0007,0
199,",,N,",SNOW,2017-04-10T00:00:00,GHCND:US1MOBN0007,0
200,",,N,",PRCP,2017-04-10T00:00:00,GHCND:US1MOBN0032,0
201,",,N,",SNOW,2017-04-10T00:00:00,GHCND:US1MOBN0032,0
202,",,N,",PRCP,2017-04-10T00:00:00,GHCND:US1MOCE0007,0
203,",,N,",SNOW,2017-04-10T00:00:00,GHCND:US1MOCE0007,0
204,",,N,",PRCP,2017-04-10T00:00:00,GHCND:US1MOCE0009,0
205,",,N,",SNOW,2017-04-10T00:00:00,GHCND:US1MOCE0009,0
206,",,N,",PRCP,2017-04-10T00:00:00,GHCND:US1MOCE0017,0
207,",,N,",SNOW,2017-04-10T00:00:00,GHCND:US1MOCE0017,0
208,",,N,",SNWD,2017-04-10T00:00:00,GHCND:US1MOCE0017,0
209,",,N,",WESD,2017-04-10T00:00:00,GHCND:US1MOCE0017,0
210,",,N,",WESF,2017-04-10T00:00:00,GHCND:US1MOCE0017,0
211,",,N,",PRCP,2017-04-10T00:00:00,GHCND:US1MOCW0009,0
212,",,N,",SNOW,2017-04-10T00:00:00,GHCND:US1MOCW0009,0
213,",,N,",PRCP,2017-04-10T00:00:00,GHCND:US1MOCW0012,0
214,",,N,",PRCP,2017-04-10T00:00:00,GHCND:US1MOFSA051,0
215,",,N,",SNOW,2017-04-10T00:00:00,GHCND:US1MOFSA051,0
216,",,7,0700",PRCP,2017-04-10T00:00:00,GHCND:USC00234271,0
217,",,7,",SNOW,2017-04-10T00:00:00,GHCND:USC00234271,0
218,",,7,",SNWD,2017-04-10T00:00:00,GHCND:USC00234271,0
219,",,7,0700",TMAX,2017-04-10T00:00:00,GHCND:USC00234271,283
220,",,7,0700",TMIN,2017-04-10T00:00:00,GHCND:USC00234271,161
221,",,7,0700",TOBS,2017-04-10T00:00:00,GHCND:USC00234271,194
222,",,W,",AWND,2017-04-10T00:00:00,GHCND:USW00003963,51
223,"T,,W,",PRCP,2017-04-10T00:00:00,GHCND:USW00003963,0
224,",,W,",SNOW,2017-04-10T00:00:00,GHCND:USW00003963,0
225,",,W,",SNWD,2017-04-10T00:00:00,GHCND:USW00003963,0
226,",,W,",TMAX,2017-04-10T00:00:00,GHCND:USW00003963,261
227,",,W,",TMIN,2017-04-10T00:00:00,GHCND:USW00003963,128
228,",,W,",WDF2,2017-04-10T00:00:00,GHCND:USW00003963,230
229,",,W,",WDF5,2017-04-10T00:00:00,GHCND:USW00003963,230
230,",,W,",WSF2,2017-04-10T00:00:00,GHCND:USW00003963,112
231,",,W,",WSF5,2017-04-10T00:00:00,GHCND:USW00003963,139
232,",,N,",PRCP,2017-04-11T00:00:00,GHCND:US1MOBN0007,0
233,",,N,",SNOW,2017-04-11T00:00:00,GHCND:US1MOBN0007,0
234,",,N,",PRCP,2017-04-11T00:00:00,GHCND:US1MOBN0032,0
235,",,N,",SNOW,2017-04-11T00:00:00,GHCND:US1MOBN0032,0
236,",,N,",PRCP,2017-04-11T00:00:00,GHCND:US1MOCE0007,0
237,",,N,",SNOW,2017-04-11T00:00:00,GHCND:US1MOCE0007,0
238,"T,,N,",PRCP,2017-04-11T00:00:00,GHCND:US1MOCE0009,0
239,",,N,",PRCP,2017-04-11T00:00:00,GHCND:US1MOCE0017,0
240,",,N,",SNOW,2017-04-11T00:00:00,GHCND:US1MOCE0017,0
241,",,N,",SNWD,2017-04-11T00:00:00,GHCND:US1MOCE0017,0
242,",,N,",WESD,2017-04-11T00:00:00,GHCND:US1MOCE0017,0
243,",,N,",WESF,2017-04-11T00:00:00,GHCND:US1MOCE0017,0
244,",,N,",PRCP,2017-04-11T00:00:00,GHCND:US1MOCW0009,0
245,",,N,",SNOW,2017-04-11T00:00:00,GHCND:US1MOCW0009,0
246,",,N,",PRCP,2017-04-11T00:00:00,GHCND:US1MOCW0012,0
247,",,N,",PRCP,2017-04-11T00:00:00,GHCND:US1MOFSA051,0
248,",,N,",SNOW,2017-04-11T00:00:00,GHCND:US1MOFSA051,0
249,",,7,0700",PRCP,2017-04-11T00:00:00,GHCND:USC00234271,0
250,",,7,",SNOW,2017-04-11T00:00:00,GHCND:USC00234271,0
251,",,7,",SNWD,2017-04-11T00:00:00,GHCND:USC00234271,0
252,",,7,0700",TMAX,2017-04-11T00:00:00,GHCND:USC00234271,244
253,",,7,0700",TMIN,2017-04-11T00:00:00,GHCND:USC00234271,67
254,",,7,0700",TOBS,2017-04-11T00:00:00,GHCND:USC00234271,72
255,",,W,",AWND,2017-04-11T00:00:00,GHCND:USW00003963,27
256,",,W,",PRCP,2017-04-11T00:00:00,GHCND:USW00003963,0
257,",,W,",SNOW,2017-04-11T00:00:00,GHCND:USW00003963,0
258,",,W,",SNWD,2017-04-11T00:00:00,GHCND:USW00003963,0
259,",,W,",TMAX,2017-04-11T00:00:00,GHCND:USW00003963,200
260,",,W,",TMIN,2017-04-11T00:00:00,GHCND:USW00003963,83
261,",,W,",WDF2,2017-04-11T00:00:00,GHCND:USW00003963,290
262,",,W,",WDF5,2017-04-11T00:00:00,GHCND:USW00003963,290
263,",,W,",WSF2,2017-04-11T00:00:00,GHCND:USW00003963,67
264,",,W,",WSF5,2017-04-11T00:00:00,GHCND:USW00003963,76
265,",,N,",PRCP,2017-04-12T00:00:00,GHCND:US1MOBN0007,0
266,",,N,",SNOW,2017-04-12T00:00:00,GHCND:US1MOBN0007,0
267,",,N,",PRCP,2017-04-12T00:00:00,GHCND:US1MOBN0032,0
268,",,N,",SNOW,2017-04-12T00:00:00,GHCND:US1MOBN0032,0
269,",,N,",PRCP,2017-04-12T00:00:00,GHCND:US1MOCE0007,0
270,",,N,",SNOW,2017-04-12T00:00:00,GHCND:US1MOCE0007,0
271,",,N,",PRCP,2017-04-12T00:00:00,GHCND:US1MOCE0009,0
272,",,N,",SNOW,2017-04-12T00:00:00,GHCND:US1MOCE0009,0
273,",,N,",PRCP,2017-04-12T00:00:00,GHCND:US1MOCE0017,0
274,",,N,",SNOW,2017-04-12T00:00:00,GHCND:US1MOCE0017,0
275,",,N,",SNWD,2017-04-12T00:00:00,GHCND:US1MOCE0017,0
276,",,N,",WESD,2017-04-12T00:00:00,GHCND:US1MOCE0017,0
277,",,N,",WESF,2017-04-12T00:00:00,GHCND:US1MOCE0017,0
278,",,N,",PRCP,2017-04-12T00:00:00,GHCND:US1MOCW0009,0
279,",,N,",SNOW,2017-04-12T00:00:00,GHCND:US1MOCW0009,0
280,",,N,",PRCP,2017-04-12T00:00:00,GHCND:US1MOCW0012,0
281,",,N,",PRCP,2017-04-12T00:00:00,GHCND:US1MOFSA051,0
282,",,N,",SNOW,2017-04-12T00:00:00,GHCND:US1MOFSA051,0
283,",,7,0700",PRCP,2017-04-12T00:00:00,GHCND:USC00234271,0
284,",,7,",SNOW,2017-04-12T00:00:00,GHCND:USC00234271,0
285,",,7,",SNWD,2017-04-12T00:00:00,GHCND:USC00234271,0
286,",,7,0700",TMAX,2017-04-12T00:00:00,GHCND:USC00234271,189
287,",,7,0700",TMIN,2017-04-12T00:00:00,GHCND:USC00234271,56
288,",,7,0700",TOBS,2017-04-12T00:00:00,GHCND:USC00234271,72
289,",,W,",AWND,2017-04-12T00:00:00,GHCND:USW00003963,25
290,",,W,",PRCP,2017-04-12T00:00:00,GHCND:USW00003963,0
291,",,W,",SNOW,2017-04-12T00:00:00,GHCND:USW00003963,0
292,",,W,",SNWD,2017-04-12T00:00:00,GHCND:USW00003963,0
293,",,W,",TMAX,2017-04-12T00:00:00,GHCND:USW00003963,261
294,",,W,",TMIN,2017-04-12T00:00:00,GHCND:USW00003963,50
295,",,W,",WDF2,2017-04-12T00:00:00,GHCND:USW00003963,180
296,",,W,",WDF5,2017-04-12T00:00:00,GHCND:USW00003963,180
297,",,W,",WSF2,2017-04-12T00:00:00,GHCND:USW00003963,72
298,",,W,",WSF5,2017-04-12T00:00:00,GHCND:USW00003963,94
299,",,N,",PRCP,2017-04-13T00:00:00,GHCND:US1MOBN0007,0
300,",,N,",SNOW,2017-04-13T00:00:00,GHCND:US1MOBN0007,0
301,",,N,",PRCP,2017-04-13T00:00:00,GHCND:US1MOBN0032,0
302,",,N,",SNOW,2017-04-13T00:00:00,GHCND:US1MOBN0032,0
303,",,N,",PRCP,2017-04-13T00:00:00,GHCND:US1MOCE0007,0
304,",,N,",SNOW,2017-04-13T00:00:00,GHCND:US1MOCE0007,0
305,",,N,",PRCP,2017-04-13T00:00:00,GHCND:US1MOCE0009,0
306,",,N,",SNOW,2017-04-13T00:00:00,GHCND:US1MOCE0009,0
307,",,N,",PRCP,2017-04-13T00:00:00,GHCND:US1MOCE0017,0
308,",,N,",SNOW,2017-04-13T00:00:00,GHCND:US1MOCE0017,0
309,",,N,",SNWD,2017-04-13T00:00:00,GHCND:US1MOCE0017,0
310,",,N,",WESD,2017-04-13T00:00:00,GHCND:US1MOCE0017,0
311,",,N,",WESF,2017-04-13T00:00:00,GHCND:US1MOCE0017,0
312,",,N,",PRCP,2017-04-13T00:00:00,GHCND:US1MOCW0012,0
313,",,N,",PRCP,2017-04-13T00:00:00,GHCND:US1MOFSA051,0
314,",,N,",SNOW,2017-04-13T00:00:00,GHCND:US1MOFSA051,0
315,",,7,0700",PRCP,2017-04-13T00:00:00,GHCND:USC00234271,0
316,",,7,",SNOW,2017-04-13T00:00:00,GHCND:USC00234271,0
317,",,7,",SNWD,2017-04-13T00:00:00,GHCND:USC00234271,0
318,",,7,0700",TMAX,2017-04-13T00:00:00,GHCND:USC00234271,250
319,",,7,0700",TMIN,2017-04-13T00:00:00,GHCND:USC00234271,72
320,",,7,0700",TOBS,2017-04-13T00:00:00,GHCND:USC00234271,156
321,",,W,",AWND,2017-04-13T00:00:00,GHCND:USW00003963,18
322,",,W,",PRCP,2017-04-13T00:00:00,GHCND:USW00003963,0
323,",,W,",SNOW,2017-04-13T00:00:00,GHCND:USW00003963,0
324,",,W,",SNWD,2017-04-13T00:00:00,GHCND:USW00003963,0
325,",,W,",TMAX,2017-04-13T00:00:00,GHCND:USW00003963,278
326,",,W,",TMIN,2017-04-13T00:00:00,GHCND:USW00003963,150
327,",,W,",WDF2,2017-04-13T00:00:00,GHCND:USW00003963,230
328,",,W,",WDF5,2017-04-13T00:00:00,GHCND:USW00003963,150
329,",,W,",WSF2,2017-04-13T00:00:00,GHCND:USW00003963,58
330,",,W,",WSF5,2017-04-13T00:00:00,GHCND:USW00003963,76
331,",,N,",PRCP,2017-04-14T00:00:00,GHCND:US1MOBN0007,0
332,",,N,",SNOW,2017-04-14T00:00:00,GHCND:US1MOBN0007,0
333,",,N,",PRCP,2017-04-14T00:00:00,GHCND:US1MOBN0032,0
334,",,N,",SNOW,2017-04-14T00:00:00,GHCND:US1MOBN0032,0
335,",,N,",PRCP,2017-04-14T00:00:00,GHCND:US1MOCE0007,0
336,",,N,",SNOW,2017-04-14T00:00:00,GHCND:US1MOCE0007,0
337,",,N,",PRCP,2017-04-14T00:00:00,GHCND:US1MOCE0009,0
338,",,N,",SNOW,2017-04-14T00:00:00,GHCND:US1MOCE0009,0
339,",,N,",PRCP,2017-04-14T00:00:00,GHCND:US1MOCE0017,0
340,",,N,",SNOW,2017-04-14T00:00:00,GHCND:US1MOCE0017,0
341,",,N,",SNWD,2017-04-14T00:00:00,GHCND:US1MOCE0017,0
342,",,N,",WESD,2017-04-14T00:00:00,GHCND:US1MOCE0017,0
343,",,N,",WESF,2017-04-14T00:00:00,GHCND:US1MOCE0017,0
344,",,N,",PRCP,2017-04-14T00:00:00,GHCND:US1MOCW0012,0
345,",,N,",PRCP,2017-04-14T00:00:00,GHCND:US1MOFSA051,0
346,",,N,",SNOW,2017-04-14T00:00:00,GHCND:US1MOFSA051,0
347,",,7,0700",PRCP,2017-04-14T00:00:00,GHCND:USC00234271,0
348,",,7,",SNOW,2017-04-14T00:00:00,GHCND:USC00234271,0
349,",,7,",SNWD,2017-04-14T00:00:00,GHCND:USC00234271,0
350,",,7,0700",TMAX,2017-04-14T00:00:00,GHCND:USC00234271,267
351,",,7,0700",TOBS,2017-04-14T00:00:00,GHCND:USC00234271,172
352,",,W,",AWND,2017-04-14T00:00:00,GHCND:USW00003963,35
353,",,W,",PRCP,2017-04-14T00:00:00,GHCND:USW00003963,0
354,",,W,",SNOW,2017-04-14T00:00:00,GHCND:USW00003963,0
355,",,W,",SNWD,2017-04-14T00:00:00,GHCND:USW00003963,0
356,",,W,",TMAX,2017-04-14T00:00:00,GHCND:USW00003963,294
357,",,W,",TMIN,2017-04-14T00:00:00,GHCND:USW00003963,161
358,",,W,",WDF2,2017-04-14T00:00:00,GHCND:USW00003963,190
359,",,W,",WDF5,2017-04-14T00:00:00,GHCND:USW00003963,190
360,",,W,",WSF2,2017-04-14T00:00:00,GHCND:USW00003963,89
361,",,W,",WSF5,2017-04-14T00:00:00,GHCND:USW00003963,121
362,",,N,",PRCP,2017-04-15T00:00:00,GHCND:US1MOBN0007,0
363,",,N,",SNOW,2017-04-15T00:00:00,GHCND:US1MOBN0007,0
364,",,N,",PRCP,2017-04-15T00:00:00,GHCND:US1MOBN0032,0
365,",,N,",SNOW,2017-04-15T00:00:00,GHCND:US1MOBN0032,0
366,",,N,",PRCP,2017-04-15T00:00:00,GHCND:US1MOCE0007,0
367,",,N,",PRCP,2017-04-15T00:00:00,GHCND:US1MOCE0009,0
368,",,N,",SNOW,2017-04-15T00:00:00,GHCND:US1MOCE0009,0
369,",,N,",PRCP,2017-04-15T00:00:00,GHCND:US1MOCE0017,0
370,",,N,",SNOW,2017-04-15T00:00:00,GHCND:US1MOCE0017,0
371,",,N,",SNWD,2017-04-15T00:00:00,GHCND:US1MOCE0017,0
372,",,N,",WESD,2017-04-15T00:00:00,GHCND:US1MOCE0017,0
373,",,N,",WESF,2017-04-15T00:00:00,GHCND:US1MOCE0017,0
374,"T,,N,",PRCP,2017-04-15T00:00:00,GHCND:US1MOCW0012,0
375,",,N,",PRCP,2017-04-15T00:00:00,GHCND:US1MOFSA051,0
376,",,N,",SNOW,2017-04-15T00:00:00,GHCND:US1MOFSA051,0
377,",,7,0700",PRCP,2017-04-15T00:00:00,GHCND:USC00234271,0
378,",,7,",SNOW,2017-04-15T00:00:00,GHCND:USC00234271,0
379,",,7,",SNWD,2017-04-15T00:00:00,GHCND:USC00234271,0
380,",,7,0700",TMAX,2017-04-15T00:00:00,GHCND:USC00234271,278
381,",,7,0700",TMIN,2017-04-15T00:00:00,GHCND:USC00234271,172
382,",,7,0700",TOBS,2017-04-15T00:00:00,GHCND:USC00234271,178
383,",,W,",AWND,2017-04-15T00:00:00,GHCND:USW00003963,46
384,",,W,",PRCP,2017-04-15T00:00:00,GHCND:USW00003963,0
385,",,W,",SNOW,2017-04-15T00:00:00,GHCND:USW00003963,0
386,",,W,",SNWD,2017-04-15T00:00:00,GHCND:USW00003963,0
387,",,W,",TMAX,2017-04-15T00:00:00,GHCND:USW00003963,294
388,",,W,",TMIN,2017-04-15T00:00:00,GHCND:USW00003963,178
389,",,W,",WDF2,2017-04-15T00:00:00,GHCND:USW00003963,210
390,",,W,",WDF5,2017-04-15T00:00:00,GHCND:USW00003963,190
391,",,W,",WSF2,2017-04-15T00:00:00,GHCND:USW00003963,94
392,",,W,",WSF5,2017-04-15T00:00:00,GHCND:USW00003963,134
393,",,N,",PRCP,2017-04-16T00:00:00,GHCND:US1MOBN0007,28
394,",,N,",PRCP,2017-04-16T00:00:00,GHCND:US1MOBN0032,36
395,",,N,",PRCP,2017-04-16T00:00:00,GHCND:US1MOCE0007,13
396,",,N,",PRCP,2017-04-16T00:00:00,GHCND:US1MOCE0009,10
397,",,N,",PRCP,2017-04-16T00:00:00,GHCND:US1MOCE0017,18
398,",,N,",SNOW,2017-04-16T00:00:00,GHCND:US1MOCE0017,0
399,",,N,",SNWD,2017-04-16T00:00:00,GHCND:US1MOCE0017,0
400,",,N,",WESD,2017-04-16T00:00:00,GHCND:US1MOCE0017,0
401,",,N,",WESF,2017-04-16T00:00:00,GHCND:US1MOCE0017,0
402,",,N,",PRCP,2017-04-16T00:00:00,GHCND:US1MOCW0012,8
403,",,N,",PRCP,2017-04-16T00:00:00,GHCND:US1MOFSA051,0
404,",,N,",SNOW,2017-04-16T00:00:00,GHCND:US1MOFSA051,0
405,",,7,0700",PRCP,2017-04-16T00:00:00,GHCND:USC00234271,18
406,",,7,",SNOW,2017-04-16T00:00:00,GHCND:USC00234271,0
407,",,7,",SNWD,2017-04-16T00:00:00,GHCND:USC00234271,0
408,",,7,0700",TMAX,2017-04-16T00:00:00,GHCND:USC00234271,283
409,",,7,0700",TMIN,2017-04-16T00:00:00,GHCND:USC00234271,172
410,",,7,0700",TOBS,2017-04-16T00:00:00,GHCND:USC00234271,172
411,",,W,",AWND,2017-04-16T00:00:00,GHCND:USW00003963,28
412,",,W,",PRCP,2017-04-16T00:00:00,GHCND:USW00003963,15
413,",,W,",SNOW,2017-04-16T00:00:00,GHCND:USW00003963,0
414,",,W,",SNWD,2017-04-16T00:00:00,GHCND:USW00003963,0
415,",,W,",TMAX,2017-04-16T00:00:00,GHCND:USW00003963,250
416,",,W,",TMIN,2017-04-16T00:00:00,GHCND:USW00003963,167
417,",,W,",WDF2,2017-04-16T00:00:00,GHCND:USW00003963,270
418,",,W,",WDF5,2017-04-16T00:00:00,GHCND:USW00003963,270
419,",,W,",WSF2,2017-04-16T00:00:00,GHCND:USW00003963,81
420,",,W,",WSF5,2017-04-16T00:00:00,GHCND:USW00003963,112
421,",,W,",WT01,2017-04-16T00:00:00,GHCND:USW00003963,1
422,",,N,",PRCP,2017-04-17T00:00:00,GHCND:US1MOBN0007,36
423,",,N,",PRCP,2017-04-17T00:00:00,GHCND:US1MOBN0032,38
424,",,N,",PRCP,2017-04-17T00:00:00,GHCND:US1MOCE0007,5
425,",,N,",PRCP,2017-04-17T00:00:00,GHCND:US1MOCE0009,10
426,",,N,",PRCP,2017-04-17T00:00:00,GHCND:US1MOCE0017,5
427,",,N,",SNOW,2017-04-17T00:00:00,GHCND:US1MOCE0017,0
428,",,N,",SNWD,2017-04-17T00:00:00,GHCND:US1MOCE0017,0
429,",,N,",WESD,2017-04-17T00:00:00,GHCND:US1MOCE0017,0
430,",,N,",WESF,2017-04-17T00:00:00,GHCND:US1MOCE0017,0
431,",,N,",PRCP,2017-04-17T00:00:00,GHCND:US1MOCW0012,13
432,",,N,",PRCP,2017-04-17T00:00:00,GHCND:US1MOFSA051,0
433,",,N,",SNOW,2017-04-17T00:00:00,GHCND:US1MOFSA051,0
434,",,7,0700",PRCP,2017-04-17T00:00:00,GHCND:USC00234271,8
435,",,7,",SNOW,2017-04-17T00:00:00,GHCND:USC00234271,0
436,",,7,",SNWD,2017-04-17T00:00:00,GHCND:USC00234271,0
437,",,7,0700",TMAX,2017-04-17T00:00:00,GHCND:USC00234271,233
438,",,7,0700",TMIN,2017-04-17T00:00:00,GHCND:USC00234271,139
439,",,7,0700",TOBS,2017-04-17T00:00:00,GHCND:USC00234271,139
440,",,W,",AWND,2017-04-17T00:00:00,GHCND:USW00003963,32
441,",,W,",PRCP,2017-04-17T00:00:00,GHCND:USW00003963,10
442,",,W,",SNOW,2017-04-17T00:00:00,GHCND:USW00003963,0
443,",,W,",SNWD,2017-04-17T00:00:00,GHCND:USW00003963,0
444,",,W,",TMAX,2017-04-17T00:00:00,GHCND:USW00003963,233
445,",,W,",TMIN,2017-04-17T00:00:00,GHCND:USW00003963,128
446,",,W,",WDF2,2017-04-17T00:00:00,GHCND:USW00003963,130
447,",,W,",WDF5,2017-04-17T00:00:00,GHCND:USW00003963,80
448,",,W,",WSF2,2017-04-17T00:00:00,GHCND:USW00003963,67
449,",,W,",WSF5,2017-04-17T00:00:00,GHCND:USW00003963,94
450,",,N,",PRCP,2017-04-18T00:00:00,GHCND:US1MOBN0007,3
451,",,N,",PRCP,2017-04-18T00:00:00,GHCND:US1MOBN0032,15
452,",,N,",PRCP,2017-04-18T00:00:00,GHCND:US1MOCE0007,56
453,",,N,",PRCP,2017-04-18T00:00:00,GHCND:US1MOCE0009,10
454,"T,,N,",PRCP,2017-04-18T00:00:00,GHCND:US1MOCE0017,0
455,",,N,",SNOW,2017-04-18T00:00:00,GHCND:US1MOCE0017,0
456,",,N,",SNWD,2017-04-18T00:00:00,GHCND:US1MOCE0017,0
457,",,N,",WESD,2017-04-18T00:00:00,GHCND:US1MOCE0017,0
458,",,N,",WESF,2017-04-18T00:00:00,GHCND:US1MOCE0017,0
459,",,N,",PRCP,2017-04-18T00:00:00,GHCND:US1MOCW0012,5
460,",,N,",PRCP,2017-04-18T00:00:00,GHCND:US1MOFSA051,0
461,",,N,",SNOW,2017-04-18T00:00:00,GHCND:US1MOFSA051,0
462,",,7,0700",PRCP,2017-04-18T00:00:00,GHCND:USC00234271,5
463,",,7,",SNOW,2017-04-18T00:00:00,GHCND:USC00234271,0
464,",,7,",SNWD,2017-04-18T00:00:00,GHCND:USC00234271,0
465,",,7,0700",TMAX,2017-04-18T00:00:00,GHCND:USC00234271,217
466,",,7,0700",TMIN,2017-04-18T00:00:00,GHCND:USC00234271,94
467,",,7,0700",TOBS,2017-04-18T00:00:00,GHCND:USC00234271,111
468,",,W,",AWND,2017-04-18T00:00:00,GHCND:USW00003963,23
469,",,W,",PRCP,2017-04-18T00:00:00,GHCND:USW00003963,0
470,",,W,",SNOW,2017-04-18T00:00:00,GHCND:USW00003963,0
471,",,W,",SNWD,2017-04-18T00:00:00,GHCND:USW00003963,0
472,",,W,",TMAX,2017-04-18T00:00:00,GHCND:USW00003963,272
473,",,W,",TMIN,2017-04-18T00:00:00,GHCND:USW00003963,89
474,",,W,",WDF2,2017-04-18T00:00:00,GHCND:USW00003963,160
475,",,W,",WDF5,2017-04-18T00:00:00,GHCND:USW00003963,190
476,",,W,",WSF2,2017-04-18T00:00:00,GHCND:USW00003963,72
477,",,W,",WSF5,2017-04-18T00:00:00,GHCND:USW00003963,98
478,",,N,",PRCP,2017-04-19T00:00:00,GHCND:US1MOBN0007,0
479,",,N,",SNOW,2017-04-19T00:00:00,GHCND:US1MOBN0007,0
480,",,N,",PRCP,2017-04-19T00:00:00,GHCND:US1MOBN0032,0
481,",,N,",SNOW,2017-04-19T00:00:00,GHCND:US1MOBN0032,0
482,",,N,",PRCP,2017-04-19T00:00:00,GHCND:US1MOCE0007,0
483,",,N,",SNOW,2017-04-19T00:00:00,GHCND:US1MOCE0007,0
484,",,N,",PRCP,2017-04-19T00:00:00,GHCND:US1MOCE0009,0
485,",,N,",SNOW,2017-04-19T00:00:00,GHCND:US1MOCE0009,0
486,",,N,",PRCP,2017-04-19T00:00:00,GHCND:US1MOCE0017,0
487,",,N,",SNOW,2017-04-19T00:00:00,GHCND:US1MOCE0017,0
488,",,N,",SNWD,2017-04-19T00:00:00,GHCND:US1MOCE0017,0
489,",,N,",WESD,2017-04-19T00:00:00,GHCND:US1MOCE0017,0
490,",,N,",WESF,2017-04-19T00:00:00,GHCND:US1MOCE0017,0
491,",,N,",PRCP,2017-04-19T00:00:00,GHCND:US1MOCW0009,0
492,",,N,",SNOW,2017-04-19T00:00:00,GHCND:US1MOCW0009,0
493,",,N,",PRCP,2017-04-19T00:00:00,GHCND:US1MOCW0012,0
494,",,N,",PRCP,2017-04-19T00:00:00,GHCND:US1MOFSA051,0
495,",,N,",SNOW,2017-04-19T00:00:00,GHCND:US1MOFSA051,0
496,",,7,0700",PRCP,2017-04-19T00:00:00,GHCND:USC00234271,0
497,",,7,",SNOW,2017-04-19T00:00:00,GHCND:USC00234271,0
498,",,7,",SNWD,2017-04-19T00:00:00,GHCND:USC00234271,0
499,",,7,0700",TMAX,2017-04-19T00:00:00,GHCND:USC00234271,261
500,",,7,0700",TMIN,2017-04-19T00:00:00,GHCND:USC00234271,111
501,",,7,0700",TOBS,2017-04-19T00:00:00,GHCND:USC00234271,161
502,",,W,",AWND,2017-04-19T00:00:00,GHCND:USW00003963,38
503,",,W,",PRCP,2017-04-19T00:00:00,GHCND:USW00003963,0
504,",,W,",SNOW,2017-04-19T00:00:00,GHCND:USW00003963,0
505,",,W,",SNWD,2017-04-19T00:00:00,GHCND:USW00003963,0
506,",,W,",TMAX,2017-04-19T00:00:00,GHCND:USW00003963,311
507,",,W,",TMIN,2017-04-19T00:00:00,GHCND:USW00003963,156
508,",,W,",WDF2,2017-04-19T00:00:00,GHCND:USW00003963,190
509,",,W,",WDF5,2017-04-19T00:00:00,GHCND:USW00003963,210
510,",,W,",WSF2,2017-04-19T00:00:00,GHCND:USW00003963,98
511,",,W,",WSF5,2017-04-19T00:00:00,GHCND:USW00003963,130
512,",,N,",PRCP,2017-04-20T00:00:00,GHCND:US1MOBN0007,0
513,",,N,",SNOW,2017-04-20T00:00:00,GHCND:US1MOBN0007,0
514,"T,,N,",PRCP,2017-04-20T00:00:00,GHCND:US1MOBN0032,0
515,"T,,N,",PRCP,2017-04-20T00:00:00,GHCND:US1MOCE0007,0
516,",,N,",PRCP,2017-04-20T00:00:00,GHCND:US1MOCE0009,0
517,",,N,",SNOW,2017-04-20T00:00:00,GHCND:US1MOCE0009,0
518,",,N,",PRCP,2017-04-20T00:00:00,GHCND:US1MOCE0017,0
519,",,N,",SNOW,2017-04-20T00:00:00,GHCND:US1MOCE0017,0
520,",,N,",SNWD,2017-04-20T00:00:00,GHCND:US1MOCE0017,0
521,",,N,",WESD,2017-04-20T00:00:00,GHCND:US1MOCE0017,0
522,",,N,",WESF,2017-04-20T00:00:00,GHCND:US1MOCE0017,0
523,"T,,N,",PRCP,2017-04-20T00:00:00,GHCND:US1MOCW0009,0
524,",,N,",PRCP,2017-04-20T00:00:00,GHCND:US1MOCW0012,0
525,",,N,",PRCP,2017-04-20T00:00:00,GHCND:US1MOFSA051,25
526,",,7,0700",PRCP,2017-04-20T00:00:00,GHCND:USC00234271,5
527,",,7,",SNOW,2017-04-20T00:00:00,GHCND:USC00234271,0
528,",,7,",SNWD,2017-04-20T00:00:00,GHCND:USC00234271,0
529,",,7,0700",TMAX,2017-04-20T00:00:00,GHCND:USC00234271,300
530,",,7,0700",TMIN,2017-04-20T00:00:00,GHCND:USC00234271,161
531,",,7,0700",TOBS,2017-04-20T00:00:00,GHCND:USC00234271,189
532,",,W,",AWND,2017-04-20T00:00:00,GHCND:USW00003963,37
533,",,W,",PRCP,2017-04-20T00:00:00,GHCND:USW00003963,3
534,",,W,",SNOW,2017-04-20T00:00:00,GHCND:USW00003963,0
535,",,W,",SNWD,2017-04-20T00:00:00,GHCND:USW00003963,0
536,",,W,",TMAX,2017-04-20T00:00:00,GHCND:USW00003963,244
537,",,W,",TMIN,2017-04-20T00:00:00,GHCND:USW00003963,139
538,",,W,",WDF2,2017-04-20T00:00:00,GHCND:USW00003963,300
539,",,W,",WDF5,2017-04-20T00:00:00,GHCND:USW00003963,300
540,",,W,",WSF2,2017-04-20T00:00:00,GHCND:USW00003963,98
541,",,W,",WSF5,2017-04-20T00:00:00,GHCND:USW00003963,121
542,",,N,",PRCP,2017-04-21T00:00:00,GHCND:US1MOBN0007,0
543,",,N,",SNOW,2017-04-21T00:00:00,GHCND:US1MOBN0007,0
544,",,N,",PRCP,2017-04-21T00:00:00,GHCND:US1MOBN0032,13
545,",,N,",PRCP,2017-04-21T00:00:00,GHCND:US1MOCE0007,8
546,",,N,",PRCP,2017-04-21T00:00:00,GHCND:US1MOCE0009,8
547,",,N,",PRCP,2017-04-21T00:00:00,GHCND:US1MOCE0017,36
548,",,N,",SNOW,2017-04-21T00:00:00,GHCND:US1MOCE0017,0
549,",,N,",SNWD,2017-04-21T00:00:00,GHCND:US1MOCE0017,0
550,",,N,",WESD,2017-04-21T00:00:00,GHCND:US1MOCE0017,0
551,",,N,",WESF,2017-04-21T00:00:00,GHCND:US1MOCE0017,0
552,",,N,",PRCP,2017-04-21T00:00:00,GHCND:US1MOCW0009,5
553,",,N,",PRCP,2017-04-21T00:00:00,GHCND:US1MOCW0012,0
554,",,N,",PRCP,2017-04-21T00:00:00,GHCND:US1MOFSA051,33
555,",,7,0700",PRCP,2017-04-21T00:00:00,GHCND:USC00234271,0
556,",,7,",SNOW,2017-04-21T00:00:00,GHCND:USC00234271,0
557,",,7,",SNWD,2017-04-21T00:00:00,GHCND:USC00234271,0
558,",,7,0700",TMAX,2017-04-21T00:00:00,GHCND:USC00234271,233
559,",,7,0700",TMIN,2017-04-21T00:00:00,GHCND:USC00234271,94
560,",,7,0700",TOBS,2017-04-21T00:00:00,GHCND:USC00234271,94
561,",,W,",AWND,2017-04-21T00:00:00,GHCND:USW00003963,26
562,",,W,",PRCP,2017-04-21T00:00:00,GHCND:USW00003963,13
563,",,W,",SNOW,2017-04-21T00:00:00,GHCND:USW00003963,0
564,",,W,",SNWD,2017-04-21T00:00:00,GHCND:USW00003963,0
565,",,W,",TMAX,2017-04-21T00:00:00,GHCND:USW00003963,156
566,",,W,",TMIN,2017-04-21T00:00:00,GHCND:USW00003963,111
567,",,W,",WDF2,2017-04-21T00:00:00,GHCND:USW00003963,10
568,",,W,",WDF5,2017-04-21T00:00:00,GHCND:USW00003963,30
569,",,W,",WSF2,2017-04-21T00:00:00,GHCND:USW00003963,76
570,",,W,",WSF5,2017-04-21T00:00:00,GHCND:USW00003963,103
571,",,N,",PRCP,2017-04-22T00:00:00,GHCND:US1MOBN0007,89
572,",,N,",PRCP,2017-04-22T00:00:00,GHCND:US1MOBN0032,51
573,",,N,",PRCP,2017-04-22T00:00:00,GHCND:US1MOCE0007,66
574,",,N,",PRCP,2017-04-22T00:00:00,GHCND:US1MOCE0009,76
575,",,N,",PRCP,2017-04-22T00:00:00,GHCND:US1MOCE0017,124
576,",,N,",SNOW,2017-04-22T00:00:00,GHCND:US1MOCE0017,0
577,",,N,",SNWD,2017-04-22T00:00:00,GHCND:US1MOCE0017,0
578,",,N,",WESD,2017-04-22T00:00:00,GHCND:US1MOCE0017,0
579,",,N,",WESF,2017-04-22T00:00:00,GHCND:US1MOCE0017,0
580,",,N,",PRCP,2017-04-22T00:00:00,GHCND:US1MOCW0009,56
581,",,N,",PRCP,2017-04-22T00:00:00,GHCND:US1MOCW0012,71
582,",,N,",PRCP,2017-04-22T00:00:00,GHCND:US1MOFSA051,69
583,",,7,0700",PRCP,2017-04-22T00:00:00,GHCND:USC00234271,64
584,",,7,",SNOW,2017-04-22T00:00:00,GHCND:USC00234271,0
585,",,7,",SNWD,2017-04-22T00:00:00,GHCND:USC00234271,0
586,",,7,0700",TMAX,2017-04-22T00:00:00,GHCND:USC00234271,122
587,",,7,0700",TMIN,2017-04-22T00:00:00,GHCND:USC00234271,67
588,",,7,0700",TOBS,2017-04-22T00:00:00,GHCND:USC00234271,72
589,",,W,",AWND,2017-04-22T00:00:00,GHCND:USW00003963,35
590,",,W,",PRCP,2017-04-22T00:00:00,GHCND:USW00003963,56
591,",,W,",SNOW,2017-04-22T00:00:00,GHCND:USW00003963,0
592,",,W,",SNWD,2017-04-22T00:00:00,GHCND:USW00003963,0
593,",,W,",TMAX,2017-04-22T00:00:00,GHCND:USW00003963,183
594,",,W,",TMIN,2017-04-22T00:00:00,GHCND:USW00003963,83
595,",,W,",WDF2,2017-04-22T00:00:00,GHCND:USW00003963,10
596,",,W,",WDF5,2017-04-22T00:00:00,GHCND:USW00003963,60
597,",,W,",WSF2,2017-04-22T00:00:00,GHCND:USW00003963,81
598,",,W,",WSF5,2017-04-22T00:00:00,GHCND:USW00003963,134
599,",,N,",PRCP,2017-04-23T00:00:00,GHCND:US1MOBN0007,3
600,",,N,",PRCP,2017-04-23T00:00:00,GHCND:US1MOBN0032,0
601,",,N,",SNOW,2017-04-23T00:00:00,GHCND:US1MOBN0032,0
602,",,N,",PRCP,2017-04-23T00:00:00,GHCND:US1MOCE0007,0
603,",,N,",SNOW,2017-04-23T00:00:00,GHCND:US1MOCE0007,0
604,",,N,",PRCP,2017-04-23T00:00:00,GHCND:US1MOCE0009,3
605,",,N,",PRCP,2017-04-23T00:00:00,GHCND:US1MOCE0017,3
606,",,N,",SNOW,2017-04-23T00:00:00,GHCND:US1MOCE0017,0
607,",,N,",SNWD,2017-04-23T00:00:00,GHCND:US1MOCE0017,0
608,",,N,",WESD,2017-04-23T00:00:00,GHCND:US1MOCE0017,0
609,",,N,",WESF,2017-04-23T00:00:00,GHCND:US1MOCE0017,0
610,",,N,",PRCP,2017-04-23T00:00:00,GHCND:US1MOCW0009,5
611,"T,,N,",PRCP,2017-04-23T00:00:00,GHCND:US1MOCW0012,0
612,",,N,",PRCP,2017-04-23T00:00:00,GHCND:US1MOFSA051,0
613,",,N,",SNOW,2017-04-23T00:00:00,GHCND:US1MOFSA051,0
614,",,7,0700",PRCP,2017-04-23T00:00:00,GHCND:USC00234271,0
615,",,7,",SNOW,2017-04-23T00:00:00,GHCND:USC00234271,0
616,",,7,",SNWD,2017-04-23T00:00:00,GHCND:USC00234271,0
617,",,7,0700",TMAX,2017-04-23T00:00:00,GHCND:USC00234271,161
618,",,7,0700",TMIN,2017-04-23T00:00:00,GHCND:USC00234271,50
619,",,7,0700",TOBS,2017-04-23T00:00:00,GHCND:USC00234271,67
620,",,W,",AWND,2017-04-23T00:00:00,GHCND:USW00003963,18
621,",,W,",PRCP,2017-04-23T00:00:00,GHCND:USW00003963,0
622,",,W,",SNOW,2017-04-23T00:00:00,GHCND:USW00003963,0
623,",,W,",SNWD,2017-04-23T00:00:00,GHCND:USW00003963,0
624,",,W,",TMAX,2017-04-23T00:00:00,GHCND:USW00003963,239
625,",,W,",TMIN,2017-04-23T00:00:00,GHCND:USW00003963,44
626,",,W,",WDF2,2017-04-23T00:00:00,GHCND:USW00003963,20
627,",,W,",WDF5,2017-04-23T00:00:00,GHCND:USW00003963,30
628,",,W,",WSF2,2017-04-23T00:00:00,GHCND:USW00003963,58
629,",,W,",WSF5,2017-04-23T00:00:00,GHCND:USW00003963,81
630,",,N,",PRCP,2017-04-24T00:00:00,GHCND:US1MOBN0007,0
631,",,N,",SNOW,2017-04-24T00:00:00,GHCND:US1MOBN0007,0
632,",,N,",PRCP,2017-04-24T00:00:00,GHCND:US1MOBN0032,0
633,",,N,",SNOW,2017-04-24T00:00:00,GHCND:US1MOBN0032,0
634,",,N,",PRCP,2017-04-24T00:00:00,GHCND:US1MOCE0007,0
635,",,N,",SNOW,2017-04-24T00:00:00,GHCND:US1MOCE0007,0
636,",,N,",PRCP,2017-04-24T00:00:00,GHCND:US1MOCE0009,0
637,",,N,",SNOW,2017-04-24T00:00:00,GHCND:US1MOCE0009,0
638,",,N,",PRCP,2017-04-24T00:00:00,GHCND:US1MOCE0017,0
639,",,N,",SNOW,2017-04-24T00:00:00,GHCND:US1MOCE0017,0
640,",,N,",SNWD,2017-04-24T00:00:00,GHCND:US1MOCE0017,0
641,",,N,",WESD,2017-04-24T00:00:00,GHCND:US1MOCE0017,0
642,",,N,",WESF,2017-04-24T00:00:00,GHCND:US1MOCE0017,0
643,",,N,",PRCP,2017-04-24T00:00:00,GHCND:US1MOCW0009,0
644,",,N,",SNOW,2017-04-24T00:00:00,GHCND:US1MOCW0009,0
645,",,N,",PRCP,2017-04-24T00:00:00,GHCND:US1MOCW0012,0
646,",,N,",PRCP,2017-04-24T00:00:00,GHCND:US1MOCW0017,0
647,",,N,",PRCP,2017-04-24T00:00:00,GHCND:US1MOFSA051,0
648,",,N,",SNOW,2017-04-24T00:00:00,GHCND:US1MOFSA051,0
649,",,7,0700",PRCP,2017-04-24T00:00:00,GHCND:USC00234271,0
650,",,7,",SNOW,2017-04-24T00:00:00,GHCND:USC00234271,0
651,",,7,",SNWD,2017-04-24T00:00:00,GHCND:USC00234271,0
652,",,7,0700",TMAX,2017-04-24T00:00:00,GHCND:USC00234271,222
653,",,7,0700",TMIN,2017-04-24T00:00:00,GHCND:USC00234271,44
654,",,7,0700",TOBS,2017-04-24T00:00:00,GHCND:USC00234271,56
655,",,W,",AWND,2017-04-24T00:00:00,GHCND:USW00003963,26
656,",,W,",PRCP,2017-04-24T00:00:00,GHCND:USW00003963,0
657,",,W,",SNOW,2017-04-24T00:00:00,GHCND:USW00003963,0
658,",,W,",SNWD,2017-04-24T00:00:00,GHCND:USW00003963,0
659,",,W,",TMAX,2017-04-24T00:00:00,GHCND:USW00003963,267
660,",,W,",TMIN,2017-04-24T00:00:00,GHCND:USW00003963,39
661,",,W,",WDF2,2017-04-24T00:00:00,GHCND:USW00003963,140
662,",,W,",WDF5,2017-04-24T00:00:00,GHCND:USW00003963,150
663,",,W,",WSF2,2017-04-24T00:00:00,GHCND:USW00003963,94
664,",,W,",WSF5,2017-04-24T00:00:00,GHCND:USW00003963,112
665,",,W,",WT01,2017-04-24T00:00:00,GHCND:USW00003963,1
666,",,N,",PRCP,2017-04-25T00:00:00,GHCND:US1MOBN0007,0
667,",,N,",SNOW,2017-04-25T00:00:00,GHCND:US1MOBN0007,0
668,",,N,",PRCP,2017-04-25T00:00:00,GHCND:US1MOBN0032,0
669,",,N,",SNOW,2017-04-25T00:00:00,GHCND:US1MOBN0032,0
670,",,N,",PRCP,2017-04-25T00:00:00,GHCND:US1MOCE0007,0
671,",,N,",SNOW,2017-04-25T00:00:00,GHCND:US1MOCE0007,0
672,",,N,",PRCP,2017-04-25T00:00:00,GHCND:US1MOCE0009,0
673,",,N,",SNOW,2017-04-25T00:00:00,GHCND:US1MOCE0009,0
674,",,N,",PRCP,2017-04-25T00:00:00,GHCND:US1MOCE0017,0
675,",,N,",SNOW,2017-04-25T00:00:00,GHCND:US1MOCE0017,0
676,",,N,",SNWD,2017-04-25T00:00:00,GHCND:US1MOCE0017,0
677,",,N,",WESD,2017-04-25T00:00:00,GHCND:US1MOCE0017,0
678,",,N,",WESF,2017-04-25T00:00:00,GHCND:US1MOCE0017,0
679,",,N,",PRCP,2017-04-25T00:00:00,GHCND:US1MOCW0009,0
680,",,N,",SNOW,2017-04-25T00:00:00,GHCND:US1MOCW0009,0
681,",,N,",PRCP,2017-04-25T00:00:00,GHCND:US1MOCW0012,0
682,",,N,",PRCP,2017-04-25T00:00:00,GHCND:US1MOCW0017,0
683,",,N,",PRCP,2017-04-25T00:00:00,GHCND:US1MOFSA051,0
684,",,N,",SNOW,2017-04-25T00:00:00,GHCND:US1MOFSA051,0
685,",,7,0700",PRCP,2017-04-25T00:00:00,GHCND:USC00234271,0
686,",,7,",SNOW,2017-04-25T00:00:00,GHCND:USC00234271,0
687,",,7,",SNWD,2017-04-25T00:00:00,GHCND:USC00234271,0
688,",,7,0700",TMAX,2017-04-25T00:00:00,GHCND:USC00234271,256
689,",,7,0700",TMIN,2017-04-25T00:00:00,GHCND:USC00234271,56
690,",,7,0700",TOBS,2017-04-25T00:00:00,GHCND:USC00234271,128
691,",,W,",AWND,2017-04-25T00:00:00,GHCND:USW00003963,42
692,",,W,",PRCP,2017-04-25T00:00:00,GHCND:USW00003963,0
693,",,W,",SNOW,2017-04-25T00:00:00,GHCND:USW00003963,0
694,",,W,",SNWD,2017-04-25T00:00:00,GHCND:USW00003963,0
695,",,W,",TMAX,2017-04-25T00:00:00,GHCND:USW00003963,294
696,",,W,",TMIN,2017-04-25T00:00:00,GHCND:USW00003963,122
697,",,W,",WDF2,2017-04-25T00:00:00,GHCND:USW00003963,160
698,",,W,",WDF5,2017-04-25T00:00:00,GHCND:USW00003963,150
699,",,W,",WSF2,2017-04-25T00:00:00,GHCND:USW00003963,112
700,",,W,",WSF5,2017-04-25T00:00:00,GHCND:USW00003963,157
701,",,N,",PRCP,2017-04-26T00:00:00,GHCND:US1MOBN0007,114
702,",,N,",PRCP,2017-04-26T00:00:00,GHCND:US1MOCE0007,152
703,",,N,",PRCP,2017-04-26T00:00:00,GHCND:US1MOCE0009,114
704,",,N,",PRCP,2017-04-26T00:00:00,GHCND:US1MOCE0017,140
705,",,N,",SNOW,2017-04-26T00:00:00,GHCND:US1MOCE0017,0
706,",,N,",SNWD,2017-04-26T00:00:00,GHCND:US1MOCE0017,0
707,",,N,",WESD,2017-04-26T00:00:00,GHCND:US1MOCE0017,0
708,",,N,",WESF,2017-04-26T00:00:00,GHCND:US1MOCE0017,0
709,",,N,",PRCP,2017-04-26T00:00:00,GHCND:US1MOCW0009,109
710,",,N,",PRCP,2017-04-26T00:00:00,GHCND:US1MOCW0012,155
711,",,N,",PRCP,2017-04-26T00:00:00,GHCND:US1MOCW0017,112
712,",,N,",PRCP,2017-04-26T00:00:00,GHCND:US1MOFSA051,191
713,",,7,0700",PRCP,2017-04-26T00:00:00,GHCND:USC00234271,140
714,",,7,",SNOW,2017-04-26T00:00:00,GHCND:USC00234271,0
715,",,7,",SNWD,2017-04-26T00:00:00,GHCND:USC00234271,0
716,",,7,0700",TMAX,2017-04-26T00:00:00,GHCND:USC00234271,283
717,",,7,0700",TMIN,2017-04-26T00:00:00,GHCND:USC00234271,128
718,",,7,0700",TOBS,2017-04-26T00:00:00,GHCND:USC00234271,144
719,",,W,",AWND,2017-04-26T00:00:00,GHCND:USW00003963,44
720,",,W,",PRCP,2017-04-26T00:00:00,GHCND:USW00003963,267
721,",,W,",SNOW,2017-04-26T00:00:00,GHCND:USW00003963,0
722,",,W,",SNWD,2017-04-26T00:00:00,GHCND:USW00003963,0
723,",,W,",TMAX,2017-04-26T00:00:00,GHCND:USW00003963,222
724,",,W,",TMIN,2017-04-26T00:00:00,GHCND:USW00003963,89
725,",,W,",WDF2,2017-04-26T00:00:00,GHCND:USW00003963,80
726,",,W,",WDF5,2017-04-26T00:00:00,GHCND:USW00003963,90
727,",,W,",WSF2,2017-04-26T00:00:00,GHCND:USW00003963,107
728,",,W,",WSF5,2017-04-26T00:00:00,GHCND:USW00003963,139
729,",,W,",WT01,2017-04-26T00:00:00,GHCND:USW00003963,1
730,",,W,",WT03,2017-04-26T00:00:00,GHCND:USW00003963,1
731,",,N,",PRCP,2017-04-27T00:00:00,GHCND:US1MOBN0007,135
732,",,N,",PRCP,2017-04-27T00:00:00,GHCND:US1MOCE0007,119
733,",,N,",PRCP,2017-04-27T00:00:00,GHCND:US1MOCE0009,107
734,",,N,",PRCP,2017-04-27T00:00:00,GHCND:US1MOCE0017,112
735,",,N,",SNOW,2017-04-27T00:00:00,GHCND:US1MOCE0017,0
736,",,N,",SNWD,2017-04-27T00:00:00,GHCND:US1MOCE0017,0
737,",,N,",WESD,2017-04-27T00:00:00,GHCND:US1MOCE0017,0
738,",,N,",WESF,2017-04-27T00:00:00,GHCND:US1MOCE0017,0
739,",,N,",PRCP,2017-04-27T00:00:00,GHCND:US1MOCW0009,135
740,",,N,",PRCP,2017-04-27T00:00:00,GHCND:US1MOCW0012,114
741,",,N,",PRCP,2017-04-27T00:00:00,GHCND:US1MOCW0017,132
742,",,N,",PRCP,2017-04-27T00:00:00,GHCND:US1MOFSA051,150
743,",,7,0700",PRCP,2017-04-27T00:00:00,GHCND:USC00234271,127
744,",,7,",SNOW,2017-04-27T00:00:00,GHCND:USC00234271,0
745,",,7,",SNWD,2017-04-27T00:00:00,GHCND:USC00234271,0
746,",,7,0700",TMAX,2017-04-27T00:00:00,GHCND:USC00234271,150
747,",,7,0700",TMIN,2017-04-27T00:00:00,GHCND:USC00234271,61
748,",,7,0700",TOBS,2017-04-27T00:00:00,GHCND:USC00234271,61
749,",,W,",AWND,2017-04-27T00:00:00,GHCND:USW00003963,38
750,",,W,",PRCP,2017-04-27T00:00:00,GHCND:USW00003963,0
751,",,W,",SNOW,2017-04-27T00:00:00,GHCND:USW00003963,0
752,",,W,",SNWD,2017-04-27T00:00:00,GHCND:USW00003963,0
753,",,W,",TMAX,2017-04-27T00:00:00,GHCND:USW00003963,178
754,",,W,",TMIN,2017-04-27T00:00:00,GHCND:USW00003963,78
755,",,W,",WDF2,2017-04-27T00:00:00,GHCND:USW00003963,250
756,",,W,",WDF5,2017-04-27T00:00:00,GHCND:USW00003963,250
757,",,W,",WSF2,2017-04-27T00:00:00,GHCND:USW00003963,76
758,",,W,",WSF5,2017-04-27T00:00:00,GHCND:USW00003963,103
759,",,N,",PRCP,2017-04-28T00:00:00,GHCND:US1MOBN0007,3
760,",,N,",PRCP,2017-04-28T00:00:00,GHCND:US1MOCE0007,5
761,",,N,",PRCP,2017-04-28T00:00:00,GHCND:US1MOCE0009,5
762,",,N,",PRCP,2017-04-28T00:00:00,GHCND:US1MOCE0017,5
763,",,N,",SNOW,2017-04-28T00:00:00,GHCND:US1MOCE0017,0
764,",,N,",SNWD,2017-04-28T00:00:00,GHCND:US1MOCE0017,0
765,",,N,",WESD,2017-04-28T00:00:00,GHCND:US1MOCE0017,0
766,",,N,",WESF,2017-04-28T00:00:00,GHCND:US1MOCE0017,0
767,",,N,",PRCP,2017-04-28T00:00:00,GHCND:US1MOCW0009,5
768,"T,,N,",PRCP,2017-04-28T00:00:00,GHCND:US1MOCW0012,0
769,",,N,",PRCP,2017-04-28T00:00:00,GHCND:US1MOFSA051,5
770,",,7,0700",PRCP,2017-04-28T00:00:00,GHCND:USC00234271,0
771,",,7,",SNOW,2017-04-28T00:00:00,GHCND:USC00234271,0
772,",,7,",SNWD,2017-04-28T00:00:00,GHCND:USC00234271,0
773,",,7,0700",TMAX,2017-04-28T00:00:00,GHCND:USC00234271,167
774,",,7,0700",TMIN,2017-04-28T00:00:00,GHCND:USC00234271,61
775,",,7,0700",TOBS,2017-04-28T00:00:00,GHCND:USC00234271,117
776,",,W,",AWND,2017-04-28T00:00:00,GHCND:USW00003963,31
777,",,W,",PRCP,2017-04-28T00:00:00,GHCND:USW00003963,48
778,",,W,",SNOW,2017-04-28T00:00:00,GHCND:USW00003963,0
779,",,W,",SNWD,2017-04-28T00:00:00,GHCND:USW00003963,0
780,",,W,",TMAX,2017-04-28T00:00:00,GHCND:USW00003963,167
781,",,W,",TMIN,2017-04-28T00:00:00,GHCND:USW00003963,128
782,",,W,",WDF2,2017-04-28T00:00:00,GHCND:USW00003963,120
783,",,W,",WDF5,2017-04-28T00:00:00,GHCND:USW00003963,120
784,",,W,",WSF2,2017-04-28T00:00:00,GHCND:USW00003963,81
785,",,W,",WSF5,2017-04-28T00:00:00,GHCND:USW00003963,98
786,",,W,",WT01,2017-04-28T00:00:00,GHCND:USW00003963,1
787,",,W,",WT03,2017-04-28T00:00:00,GHCND:USW00003963,1
788,",,W,",WT08,2017-04-28T00:00:00,GHCND:USW00003963,1
789,",,N,",PRCP,2017-04-29T00:00:00,GHCND:US1MOBN0007,241
790,",,N,",PRCP,2017-04-29T00:00:00,GHCND:US1MOBN0032,178
791,",,N,",PRCP,2017-04-29T00:00:00,GHCND:US1MOCE0007,221
792,",,N,",PRCP,2017-04-29T00:00:00,GHCND:US1MOCE0017,277
793,",,N,",SNOW,2017-04-29T00:00:00,GHCND:US1MOCE0017,0
794,",,N,",SNWD,2017-04-29T00:00:00,GHCND:US1MOCE0017,0
795,",,N,",WESD,2017-04-29T00:00:00,GHCND:US1MOCE0017,0
796,",,N,",WESF,2017-04-29T00:00:00,GHCND:US1MOCE0017,0
797,",,N,",PRCP,2017-04-29T00:00:00,GHCND:US1MOCW0009,262
798,",,N,",PRCP,2017-04-29T00:00:00,GHCND:US1MOCW0012,206
799,",,N,",PRCP,2017-04-29T00:00:00,GHCND:US1MOCW0017,381
800,",,N,",SNOW,2017-04-29T00:00:00,GHCND:US1MOFSA051,0
801,",,7,0700",PRCP,2017-04-29T00:00:00,GHCND:USC00234271,254
802,",,7,",SNOW,2017-04-29T00:00:00,GHCND:USC00234271,0
803,",,7,",SNWD,2017-04-29T00:00:00,GHCND:USC00234271,0
804,",,7,0700",TMAX,2017-04-29T00:00:00,GHCND:USC00234271,144
805,",,7,0700",TMIN,2017-04-29T00:00:00,GHCND:USC00234271,117
806,",,7,0700",TOBS,2017-04-29T00:00:00,GHCND:USC00234271,122
807,",,7,",WT03,2017-04-29T00:00:00,GHCND:USC00234271,1
808,",,W,",AWND,2017-04-29T00:00:00,GHCND:USW00003963,35
809,",,W,",PRCP,2017-04-29T00:00:00,GHCND:USW00003963,960
810,",,W,",SNOW,2017-04-29T00:00:00,GHCND:USW00003963,0
811,",,W,",SNWD,2017-04-29T00:00:00,GHCND:USW00003963,0
812,",,W,",TMAX,2017-04-29T00:00:00,GHCND:USW00003963,172
813,",,W,",TMIN,2017-04-29T00:00:00,GHCND:USW00003963,111
814,",,W,",WDF2,2017-04-29T00:00:00,GHCND:USW00003963,290
815,",,W,",WDF5,2017-04-29T00:00:00,GHCND:USW00003963,40
816,",,W,",WSF2,2017-04-29T00:00:00,GHCND:USW00003963,107
817,",,W,",WSF5,2017-04-29T00:00:00,GHCND:USW00003963,143
818,",,W,",WT01,2017-04-29T00:00:00,GHCND:USW00003963,1
819,",,W,",WT03,2017-04-29T00:00:00,GHCND:USW00003963,1
820,",,N,",PRCP,2017-04-30T00:00:00,GHCND:US1MOBN0007,1278
821,",,N,",PRCP,2017-04-30T00:00:00,GHCND:US1MOBN0032,1349
822,",,N,",PRCP,2017-04-30T00:00:00,GHCND:US1MOCE0007,1250
823,",,N,",PRCP,2017-04-30T00:00:00,GHCND:US1MOCE0013,1143
824,",,N,",PRCP,2017-04-30T00:00:00,GHCND:US1MOCE0017,1029
825,",,N,",SNOW,2017-04-30T00:00:00,GHCND:US1MOCE0017,0
826,",,N,",SNWD,2017-04-30T00:00:00,GHCND:US1MOCE0017,0
827,",,N,",WESD,2017-04-30T00:00:00,GHCND:US1MOCE0017,0
828,",,N,",WESF,2017-04-30T00:00:00,GHCND:US1MOCE0017,0
829,",,N,",PRCP,2017-04-30T00:00:00,GHCND:US1MOCW0009,1293
830,",,N,",PRCP,2017-04-30T00:00:00,GHCND:US1MOCW0012,1113
831,",,N,",PRCP,2017-04-30T00:00:00,GHCND:US1MOCW0017,1107
832,",,N,",SNOW,2017-04-30T00:00:00,GHCND:US1MOFSA051,0
833,",,7,0700",PRCP,2017-04-30T00:00:00,GHCND:USC00234271,1105
834,",,7,",SNOW,2017-04-30T00:00:00,GHCND:USC00234271,0
835,",,7,",SNWD,2017-04-30T00:00:00,GHCND:USC00234271,0
836,",,7,0700",TMAX,2017-04-30T00:00:00,GHCND:USC00234271,150
837,",,7,0700",TMIN,2017-04-30T00:00:00,GHCND:USC00234271,78
838,",,7,0700",TOBS,2017-04-30T00:00:00,GHCND:USC00234271,128
839,",,7,",WT03,2017-04-30T00:00:00,GHCND:USC00234271,1
840,",,W,",AWND,2017-04-30T00:00:00,GHCND:USW00003963,55
841,",,W,",PRCP,2017-04-30T00:00:00,GHCND:USW00003963,272
842,",,W,",SNOW,2017-04-30T00:00:00,GHCND:USW00003963,0
843,",,W,",SNWD,2017-04-30T00:00:00,GHCND:USW00003963,0
844,",,W,",TMAX,2017-04-30T00:00:00,GHCND:USW00003963,250
845,",,W,",TMIN,2017-04-30T00:00:00,GHCND:USW00003963,100
846,",,W,",WDF2,2017-04-30T00:00:00,GHCND:USW00003963,70
847,",,W,",WDF5,2017-04-30T00:00:00,GHCND:USW00003963,60
848,",,W,",WSF2,2017-04-30T00:00:00,GHCND:USW00003963,179
849,",,W,",WSF5,2017-04-30T00:00:00,GHCND:USW00003963,219
850,",,W,",WT01,2017-04-30T00:00:00,GHCND:USW00003963,1
851,",,W,",WT03,2017-04-30T00:00:00,GHCND:USW00003963,1
852,",,N,",PRCP,2017-05-01T00:00:00,GHCND:US1MOBN0007,79
853,",,N,",PRCP,2017-05-01T00:00:00,GHCND:US1MOBN0032,117
854,",,N,",PRCP,2017-05-01T00:00:00,GHCND:US1MOCE0007,71
855,",,N,",PRCP,2017-05-01T00:00:00,GHCND:US1MOCE0009,3
856,",,N,",PRCP,2017-05-01T00:00:00,GHCND:US1MOCE0017,20
857,",,N,",SNOW,2017-05-01T00:00:00,GHCND:US1MOCE0017,0
858,",,N,",SNWD,2017-05-01T00:00:00,GHCND:US1MOCE0017,0
859,",,N,",WESD,2017-05-01T00:00:00,GHCND:US1MOCE0017,0
860,",,N,",WESF,2017-05-01T00:00:00,GHCND:US1MOCE0017,0
861,",,N,",PRCP,2017-05-01T00:00:00,GHCND:US1MOCW0009,64
862,",,N,",PRCP,2017-05-01T00:00:00,GHCND:US1MOCW0012,58
863,",,N,",PRCP,2017-05-01T00:00:00,GHCND:US1MOCW0017,147
864,",,N,",SNOW,2017-05-01T00:00:00,GHCND:US1MOFSA051,0
865,",,7,0700",PRCP,2017-05-01T00:00:00,GHCND:USC00234271,89
866,",,7,",SNOW,2017-05-01T00:00:00,GHCND:USC00234271,0
867,",,7,",SNWD,2017-05-01T00:00:00,GHCND:USC00234271,0
868,",,7,0700",TMAX,2017-05-01T00:00:00,GHCND:USC00234271,239
869,",,7,0700",TMIN,2017-05-01T00:00:00,GHCND:USC00234271,67
870,",,7,0700",TOBS,2017-05-01T00:00:00,GHCND:USC00234271,67
871,",,W,",AWND,2017-05-01T00:00:00,GHCND:USW00003963,59
872,"T,,W,",PRCP,2017-05-01T00:00:00,GHCND:USW00003963,0
873,",,W,",SNOW,2017-05-01T00:00:00,GHCND:USW00003963,0
874,",,W,",SNWD,2017-05-01T00:00:00,GHCND:USW00003963,0
875,",,W,",TMAX,2017-05-01T00:00:00,GHCND:USW00003963,133
876,",,W,",TMIN,2017-05-01T00:00:00,GHCND:USW00003963,89
877,",,W,",WDF2,2017-05-01T00:00:00,GHCND:USW00003963,250
878,",,W,",WDF5,2017-05-01T00:00:00,GHCND:USW00003963,220
879,",,W,",WSF2,2017-05-01T00:00:00,GHCND:USW00003963,125
880,",,W,",WSF5,2017-05-01T00:00:00,GHCND:USW00003963,161
881,",,N,",PRCP,2017-05-02T00:00:00,GHCND:US1MOBN0007,3
882,",,N,",PRCP,2017-05-02T00:00:00,GHCND:US1MOBN0032,5
883,",,N,",PRCP,2017-05-02T00:00:00,GHCND:US1MOCE0007,0
884,",,N,",SNOW,2017-05-02T00:00:00,GHCND:US1MOCE0007,0
885,",,N,",PRCP,2017-05-02T00:00:00,GHCND:US1MOCE0009,3
886,",,N,",PRCP,2017-05-02T00:00:00,GHCND:US1MOCE0017,5
887,",,N,",SNOW,2017-05-02T00:00:00,GHCND:US1MOCE0017,0
888,",,N,",SNWD,2017-05-02T00:00:00,GHCND:US1MOCE0017,0
889,",,N,",WESD,2017-05-02T00:00:00,GHCND:US1MOCE0017,0
890,",,N,",WESF,2017-05-02T00:00:00,GHCND:US1MOCE0017,0
891,",,N,",PRCP,2017-05-02T00:00:00,GHCND:US1MOCW0009,5
892,",,N,",PRCP,2017-05-02T00:00:00,GHCND:US1MOCW0012,0
893,",,N,",PRCP,2017-05-02T00:00:00,GHCND:US1MOCW0017,0
894,",,N,",PRCP,2017-05-02T00:00:00,GHCND:US1MOFSA051,5
895,",,7,0700",PRCP,2017-05-02T00:00:00,GHCND:USC00234271,0
896,",,7,",SNOW,2017-05-02T00:00:00,GHCND:USC00234271,0
897,",,7,",SNWD,2017-05-02T00:00:00,GHCND:USC00234271,0
898,",,7,0700",TMAX,2017-05-02T00:00:00,GHCND:USC00234271,117
899,",,7,0700",TMIN,2017-05-02T00:00:00,GHCND:USC00234271,67
900,",,7,0700",TOBS,2017-05-02T00:00:00,GHCND:USC00234271,106
901,",,W,",AWND,2017-05-02T00:00:00,GHCND:USW00003963,28
902,"T,,W,",PRCP,2017-05-02T00:00:00,GHCND:USW00003963,0
903,",,W,",SNOW,2017-05-02T00:00:00,GHCND:USW00003963,0
904,",,W,",SNWD,2017-05-02T00:00:00,GHCND:USW00003963,0
905,",,W,",TMAX,2017-05-02T00:00:00,GHCND:USW00003963,211
906,",,W,",TMIN,2017-05-02T00:00:00,GHCND:USW00003963,72
907,",,W,",WDF2,2017-05-02T00:00:00,GHCND:USW00003963,290
908,",,W,",WDF5,2017-05-02T00:00:00,GHCND:USW00003963,300
909,",,W,",WSF2,2017-05-02T00:00:00,GHCND:USW00003963,81
910,",,W,",WSF5,2017-05-02T00:00:00,GHCND:USW00003963,116
911,",,N,",PRCP,2017-05-03T00:00:00,GHCND:US1MOBN0007,51
912,",,N,",PRCP,2017-05-03T00:00:00,GHCND:US1MOBN0032,8
913,",,N,",PRCP,2017-05-03T00:00:00,GHCND:US1MOCE0007,53
914,",,N,",PRCP,2017-05-03T00:00:00,GHCND:US1MOCE0009,8
915,",,N,",PRCP,2017-05-03T00:00:00,GHCND:US1MOCE0013,30
916,",,N,",PRCP,2017-05-03T00:00:00,GHCND:US1MOCE0017,56
917,",,N,",SNOW,2017-05-03T00:00:00,GHCND:US1MOCE0017,0
918,",,N,",SNWD,2017-05-03T00:00:00,GHCND:US1MOCE0017,0
919,",,N,",WESD,2017-05-03T00:00:00,GHCND:US1MOCE0017,0
920,",,N,",WESF,2017-05-03T00:00:00,GHCND:US1MOCE0017,0
921,",,N,",PRCP,2017-05-03T00:00:00,GHCND:US1MOCW0009,30
922,",,N,",PRCP,2017-05-03T00:00:00,GHCND:US1MOCW0012,25
923,",,N,",PRCP,2017-05-03T00:00:00,GHCND:US1MOCW0017,20
924,",,N,",PRCP,2017-05-03T00:00:00,GHCND:US1MOFSA051,46
925,",,N,",SNOW,2017-05-03T00:00:00,GHCND:US1MOFSA051,0
926,",,7,0700",PRCP,2017-05-03T00:00:00,GHCND:USC00234271,25
927,",,7,",SNOW,2017-05-03T00:00:00,GHCND:USC00234271,0
928,",,7,",SNWD,2017-05-03T00:00:00,GHCND:USC00234271,0
929,",,7,0700",TMAX,2017-05-03T00:00:00,GHCND:USC00234271,194
930,",,7,0700",TMIN,2017-05-03T00:00:00,GHCND:USC00234271,94
931,",,7,0700",TOBS,2017-05-03T00:00:00,GHCND:USC00234271,94
932,",,W,",AWND,2017-05-03T00:00:00,GHCND:USW00003963,38
933,",,W,",PRCP,2017-05-03T00:00:00,GHCND:USW00003963,605
934,",,W,",SNOW,2017-05-03T00:00:00,GHCND:USW00003963,0
935,",,W,",SNWD,2017-05-03T00:00:00,GHCND:USW00003963,0
936,",,W,",TMAX,2017-05-03T00:00:00,GHCND:USW00003963,161
937,",,W,",TMIN,2017-05-03T00:00:00,GHCND:USW00003963,83
938,",,W,",WDF2,2017-05-03T00:00:00,GHCND:USW00003963,80
939,",,W,",WDF5,2017-05-03T00:00:00,GHCND:USW00003963,80
940,",,W,",WSF2,2017-05-03T00:00:00,GHCND:USW00003963,94
941,",,W,",WSF5,2017-05-03T00:00:00,GHCND:USW00003963,134
942,",,W,",WT01,2017-05-03T00:00:00,GHCND:USW00003963,1
943,",,W,",WT03,2017-05-03T00:00:00,GHCND:USW00003963,1
944,",,W,",WT08,2017-05-03T00:00:00,GHCND:USW00003963,1
945,",,N,",PRCP,2017-05-04T00:00:00,GHCND:US1MOBN0007,526
946,",,N,",PRCP,2017-05-04T00:00:00,GHCND:US1MOBN0032,531
947,",,N,",PRCP,2017-05-04T00:00:00,GHCND:US1MOCE0007,732
948,",,N,",PRCP,2017-05-04T00:00:00,GHCND:US1MOCE0009,648
949,",,N,",PRCP,2017-05-04T00:00:00,GHCND:US1MOCE0013,635
950,",,N,",PRCP,2017-05-04T00:00:00,GHCND:US1MOCE0017,754
951,",,N,",SNOW,2017-05-04T00:00:00,GHCND:US1MOCE0017,0
952,",,N,",SNWD,2017-05-04T00:00:00,GHCND:US1MOCE0017,0
953,",,N,",WESD,2017-05-04T00:00:00,GHCND:US1MOCE0017,0
954,",,N,",WESF,2017-05-04T00:00:00,GHCND:US1MOCE0017,0
955,",,N,",PRCP,2017-05-04T00:00:00,GHCND:US1MOCW0009,528
956,",,N,",PRCP,2017-05-04T00:00:00,GHCND:US1MOCW0012,617
957,",,N,",PRCP,2017-05-04T00:00:00,GHCND:US1MOCW0017,282
958,",,N,",PRCP,2017-05-04T00:00:00,GHCND:US1MOFSA051,724
959,",,N,",SNOW,2017-05-04T00:00:00,GHCND:US1MOFSA051,0
960,",,7,0700",PRCP,2017-05-04T00:00:00,GHCND:USC00234271,686
961,",,7,",SNOW,2017-05-04T00:00:00,GHCND:USC00234271,0
962,",,7,",SNWD,2017-05-04T00:00:00,GHCND:USC00234271,0
963,",,7,0700",TMAX,2017-05-04T00:00:00,GHCND:USC00234271,94
964,",,7,0700",TMIN,2017-05-04T00:00:00,GHCND:USC00234271,67
965,",,7,0700",TOBS,2017-05-04T00:00:00,GHCND:USC00234271,72
966,",,W,",AWND,2017-05-04T00:00:00,GHCND:USW00003963,55
967,",,W,",PRCP,2017-05-04T00:00:00,GHCND:USW00003963,46
968,",,W,",SNOW,2017-05-04T00:00:00,GHCND:USW00003963,0
969,",,W,",SNWD,2017-05-04T00:00:00,GHCND:USW00003963,0
970,",,W,",TMAX,2017-05-04T00:00:00,GHCND:USW00003963,189
971,",,W,",TMIN,2017-05-04T00:00:00,GHCND:USW00003963,89
972,",,W,",WDF2,2017-05-04T00:00:00,GHCND:USW00003963,360
973,",,W,",WDF5,2017-05-04T00:00:00,GHCND:USW00003963,350
974,",,W,",WSF2,2017-05-04T00:00:00,GHCND:USW00003963,130
975,",,W,",WSF5,2017-05-04T00:00:00,GHCND:USW00003963,174
976,",,N,",PRCP,2017-05-05T00:00:00,GHCND:US1MOBN0007,0
977,",,N,",SNOW,2017-05-05T00:00:00,GHCND:US1MOBN0007,0
978,",,N,",PRCP,2017-05-05T00:00:00,GHCND:US1MOBN0032,0
979,",,N,",SNOW,2017-05-05T00:00:00,GHCND:US1MOBN0032,0
980,",,N,",PRCP,2017-05-05T00:00:00,GHCND:US1MOCE0007,0
981,",,N,",SNOW,2017-05-05T00:00:00,GHCND:US1MOCE0007,0
982,",,N,",PRCP,2017-05-05T00:00:00,GHCND:US1MOCE0009,0
983,",,N,",SNOW,2017-05-05T00:00:00,GHCND:US1MOCE0009,0
984,",,N,",PRCP,2017-05-05T00:00:00,GHCND:US1MOCE0017,3
985,",,N,",SNOW,2017-05-05T00:00:00,GHCND:US1MOCE0017,0
986,",,N,",SNWD,2017-05-05T00:00:00,GHCND:US1MOCE0017,0
987,",,N,",WESD,2017-05-05T00:00:00,GHCND:US1MOCE0017,0
988,",,N,",WESF,2017-05-05T00:00:00,GHCND:US1MOCE0017,0
989,",,N,",PRCP,2017-05-05T00:00:00,GHCND:US1MOCW0009,0
990,",,N,",SNOW,2017-05-05T00:00:00,GHCND:US1MOCW0009,0
991,",,N,",PRCP,2017-05-05T00:00:00,GHCND:US1MOCW0012,0
992,",,N,",PRCP,2017-05-05T00:00:00,GHCND:US1MOCW0017,0
993,",,N,",PRCP,2017-05-05T00:00:00,GHCND:US1MOFSA051,0
994,",,N,",SNOW,2017-05-05T00:00:00,GHCND:US1MOFSA051,0
995,",,7,0700",PRCP,2017-05-05T00:00:00,GHCND:USC00234271,0
996,",,7,",SNOW,2017-05-05T00:00:00,GHCND:USC00234271,0
997,",,7,",SNWD,2017-05-05T00:00:00,GHCND:USC00234271,0
998,",,7,0700",TMAX,2017-05-05T00:00:00,GHCND:USC00234271,172
999,",,7,0700",TMIN,2017-05-05T00:00:00,GHCND:USC00234271,61
0,",,7,0700",TOBS,2017-05-05T00:00:00,GHCND:USC00234271,94
1,",,W,",AWND,2017-05-05T00:00:00,GHCND:USW00003963,34
2,",,W,",PRCP,2017-05-05T00:00:00,GHCND:USW00003963,0
3,",,W,",SNOW,2017-05-05T00:00:00,GHCND:USW00003963,0
4,",,W,",SNWD,2017-05-05T00:00:00,GHCND:USW00003963,0
5,",,W,",TMAX,2017-05-05T00:00:00,GHCND:USW00003963,228
6,",,W,",TMIN,2017-05-05T00:00:00,GHCND:USW00003963,72
7,",,W,",WDF2,2017-05-05T00:00:00,GHCND:USW00003963,350
8,",,W,",WDF5,2017-05-05T00:00:00,GHCND:USW00003963,350
9,",,W,",WSF2,2017-05-05T00:00:00,GHCND:USW00003963,103
10,",,W,",WSF5,2017-05-05T00:00:00,GHCND:USW00003963,139
11,",,N,",PRCP,2017-05-06T00:00:00,GHCND:US1MOBN0007,0
12,",,N,",SNOW,2017-05-06T00:00:00,GHCND:US1MOBN0007,0
13,",,N,",PRCP,2017-05-06T00:00:00,GHCND:US1MOBN0032,0
14,",,N,",SNOW,2017-05-06T00:00:00,GHCND:US1MOBN0032,0
15,",,N,",PRCP,2017-05-06T00:00:00,GHCND:US1MOCE0007,0
16,",,N,",SNOW,2017-05-06T00:00:00,GHCND:US1MOCE0007,0
17,",,N,",PRCP,2017-05-06T00:00:00,GHCND:US1MOCE0009,0
18,",,N,",SNOW,2017-05-06T00:00:00,GHCND:US1MOCE0009,0
19,",,N,",PRCP,2017-05-06T00:00:00,GHCND:US1MOCE0017,0
20,",,N,",SNOW,2017-05-06T00:00:00,GHCND:US1MOCE0017,0
21,",,N,",SNWD,2017-05-06T00:00:00,GHCND:US1MOCE0017,0
22,",,N,",WESD,2017-05-06T00:00:00,GHCND:US1MOCE0017,0
23,",,N,",WESF,2017-05-06T00:00:00,GHCND:US1MOCE0017,0
24,",,N,",PRCP,2017-05-06T00:00:00,GHCND:US1MOCW0009,0
25,",,N,",SNOW,2017-05-06T00:00:00,GHCND:US1MOCW0009,0
26,",,N,",PRCP,2017-05-06T00:00:00,GHCND:US1MOCW0012,0
27,",,N,",PRCP,2017-05-06T00:00:00,GHCND:US1MOCW0017,0
28,",,N,",PRCP,2017-05-06T00:00:00,GHCND:US1MOFSA051,0
29,",,N,",SNOW,2017-05-06T00:00:00,GHCND:US1MOFSA051,0
30,",,7,0700",PRCP,2017-05-06T00:00:00,GHCND:USC00234271,0
31,",,7,",SNOW,2017-05-06T00:00:00,GHCND:USC00234271,0
32,",,7,",SNWD,2017-05-06T00:00:00,GHCND:USC00234271,0
33,",,7,0700",TMAX,2017-05-06T00:00:00,GHCND:USC00234271,211
34,",,7,0700",TMIN,2017-05-06T00:00:00,GHCND:USC00234271,94
35,",,7,0700",TOBS,2017-05-06T00:00:00,GHCND:USC00234271,133
36,",,W,",AWND,2017-05-06T00:00:00,GHCND:USW00003963,30
37,",,W,",PRCP,2017-05-06T00:00:00,GHCND:USW00003963,0
38,",,W,",SNOW,2017-05-06T00:00:00,GHCND:USW00003963,0
39,",,W,",SNWD,2017-05-06T00:00:00,GHCND:USW00003963,0
40,",,W,",TMAX,2017-05-06T00:00:00,GHCND:USW00003963,244
41,",,W,",TMIN,2017-05-06T00:00:00,GHCND:USW00003963,100
42,",,W,",WDF2,2017-05-06T00:00:00,GHCND:USW00003963,360
43,",,W,",WDF5,2017-05-06T00:00:00,GHCND:USW00003963,10
44,",,W,",WSF2,2017-05-06T00:00:00,GHCND:USW00003963,81
45,",,W,",WSF5,2017-05-06T00:00:00,GHCND:USW00003963,121
46,",,N,",PRCP,2017-05-07T00:00:00,GHCND:US1MOBN0007,0
47,",,N,",SNOW,2017-05-07T00:00:00,GHCND:US1MOBN0007,0
48,",,N,",PRCP,2017-05-07T00:00:00,GHCND:US1MOBN0032,0
49,",,N,",SNOW,2017-05-07T00:00:00,GHCND:US1MOBN0032,0
50,",,N,",PRCP,2017-05-07T00:00:00,GHCND:US1MOCE0007,0
51,",,N,",SNOW,2017-05-07T00:00:00,GHCND:US1MOCE0007,0
52,",,N,",PRCP,2017-05-07T00:00:00,GHCND:US1MOCE0009,0
53,",,N,",SNOW,2017-05-07T00:00:00,GHCND:US1MOCE0009,0
54,",,N,",PRCP,2017-05-07T00:00:00,GHCND:US1MOCE0017,0
55,",,N,",SNOW,2017-05-07T00:00:00,GHCND:US1MOCE0017,0
56,",,N,",SNWD,2017-05-07T00:00:00,GHCND:US1MOCE0017,0
57,",,N,",WESD,2017-05-07T00:00:00,GHCND:US1MOCE0017,0
58,",,N,",WESF,2017-05-07T00:00:00,GHCND:US1MOCE0017,0
59,",,N,",PRCP,2017-05-07T00:00:00,GHCND:US1MOCW0009,0
60,",,N,",SNOW,2017-05-07T00:00:00,GHCND:US1MOCW0009,0
61,",,N,",PRCP,2017-05-07T00:00:00,GHCND:US1MOCW0012,0
62,",,N,",PRCP,2017-05-07T00:00:00,GHCND:US1MOCW0017,0
63,",,N,",PRCP,2017-05-07T00:00:00,GHCND:US1MOFSA051,0
64,",,N,",SNOW,2017-05-07T00:00:00,GHCND:US1MOFSA051,0
65,",,7,0700",PRCP,2017-05-07T00:00:00,GHCND:USC00234271,0
66,",,7,",SNOW,2017-05-07T00:00:00,GHCND:USC00234271,0
67,",,7,",SNWD,2017-05-07T00:00:00,GHCND:USC00234271,0
68,",,7,0700",TMAX,2017-05-07T00:00:00,GHCND:USC00234271,228
69,",,7,0700",TMIN,2017-05-07T00:00:00,GHCND:USC00234271,67
70,",,7,0700",TOBS,2017-05-07T00:00:00,GHCND:USC00234271,106
71,",,W,",AWND,2017-05-07T00:00:00,GHCND:USW00003963,11
72,",,W,",PRCP,2017-05-07T00:00:00,GHCND:USW00003963,0
73,",,W,",SNOW,2017-05-07T00:00:00,GHCND:USW00003963,0
74,",,W,",SNWD,2017-05-07T00:00:00,GHCND:USW00003963,0
75,",,W,",TMAX,2017-05-07T00:00:00,GHCND:USW00003963,272
76,",,W,",TMIN,2017-05-07T00:00:00,GHCND:USW00003963,72
77,",,W,",WDF2,2017-05-07T00:00:00,GHCND:USW00003963,130
78,",,W,",WDF5,2017-05-07T00:00:00,GHCND:USW00003963,130
79,",,W,",WSF2,2017-05-07T00:00:00,GHCND:USW00003963,40
80,",,W,",WSF5,2017-05-07T00:00:00,GHCND:USW00003963,67
81,",,W,",WT01,2017-05-07T00:00:00,GHCND:USW00003963,1
82,",,W,",WT08,2017-05-07T00:00:00,GHCND:USW00003963,1
83,",,N,",PRCP,2017-05-08T00:00:00,GHCND:US1MOBN0007,0
84,",,N,",SNOW,2017-05-08T00:00:00,GHCND:US1MOBN0007,0
85,",,N,",PRCP,2017-05-08T00:00:00,GHCND:US1MOBN0032,0
86,",,N,",SNOW,2017-05-08T00:00:00,GHCND:US1MOBN0032,0
87,",,N,",PRCP,2017-05-08T00:00:00,GHCND:US1MOCE0007,0
88,",,N,",SNOW,2017-05-08T00:00:00,GHCND:US1MOCE0007,0
89,",,N,",PRCP,2017-05-08T00:00:00,GHCND:US1MOCE0009,0
90,",,N,",SNOW,2017-05-08T00:00:00,GHCND:US1MOCE0009,0
91,",,N,",PRCP,2017-05-08T00:00:00,GHCND:US1MOCE0017,0
92,",,N,",SNOW,2017-05-08T00:00:00,GHCND:US1MOCE0017,0
93,",,N,",SNWD,2017-05-08T00:00:00,GHCND:US1MOCE0017,0
94,",,N,",WESD,2017-05-08T00:00:00,GHCND:US1MOCE0017,0
95,",,N,",WESF,2017-05-08T00:00:00,GHCND:US1MOCE0017,0
96,",,N,",PRCP,2017-05-08T00:00:00,GHCND:US1MOCW0009,0
97,",,N,",SNOW,2017-05-08T00:00:00,GHCND:US1MOCW0009,0
98,",,N,",PRCP,2017-05-08T00:00:00,GHCND:US1MOCW0012,0
99,",,N,",PRCP,2017-05-08T00:00:00,GHCND:US1MOCW0017,0
100,",,N,",PRCP,2017-05-08T00:00:00,GHCND:US1MOFSA051,0
101,",,N,",SNOW,2017-05-08T00:00:00,GHCND:US1MOFSA051,0
102,",,7,0700",PRCP,2017-05-08T00:00:00,GHCND:USC00234271,0
103,",,7,",SNOW,2017-05-08T00:00:00,GHCND:USC00234271,0
104,",,7,",SNWD,2017-05-08T00:00:00,GHCND:USC00234271,0
105,",,7,0700",TMAX,2017-05-08T00:00:00,GHCND:USC00234271,250
106,",,7,0700",TMIN,2017-05-08T00:00:00,GHCND:USC00234271,100
107,",,7,0700",TOBS,2017-05-08T00:00:00,GHCND:USC00234271,150
108,",,W,",AWND,2017-05-08T00:00:00,GHCND:USW00003963,20
109,",,W,",PRCP,2017-05-08T00:00:00,GHCND:USW00003963,0
110,",,W,",SNOW,2017-05-08T00:00:00,GHCND:USW00003963,0
111,",,W,",SNWD,2017-05-08T00:00:00,GHCND:USW00003963,0
112,",,W,",TMAX,2017-05-08T00:00:00,GHCND:USW00003963,306
113,",,W,",TMIN,2017-05-08T00:00:00,GHCND:USW00003963,128
114,",,W,",WDF2,2017-05-08T00:00:00,GHCND:USW00003963,190
115,",,W,",WDF5,2017-05-08T00:00:00,GHCND:USW00003963,220
116,",,W,",WSF2,2017-05-08T00:00:00,GHCND:USW00003963,81
117,",,W,",WSF5,2017-05-08T00:00:00,GHCND:USW00003963,107
118,"T,,N,",PRCP,2017-05-09T00:00:00,GHCND:US1MOBN0007,0
119,",,N,",PRCP,2017-05-09T00:00:00,GHCND:US1MOBN0032,3
120,",,N,",PRCP,2017-05-09T00:00:00,GHCND:US1MOCE0007,0
121,",,N,",SNOW,2017-05-09T00:00:00,GHCND:US1MOCE0007,0
122,",,N,",PRCP,2017-05-09T00:00:00,GHCND:US1MOCE0009,0
123,",,N,",SNOW,2017-05-09T00:00:00,GHCND:US1MOCE0009,0
124,",,N,",PRCP,2017-05-09T00:00:00,GHCND:US1MOCE0017,0
125,",,N,",SNOW,2017-05-09T00:00:00,GHCND:US1MOCE0017,0
126,",,N,",SNWD,2017-05-09T00:00:00,GHCND:US1MOCE0017,0
127,",,N,",WESD,2017-05-09T00:00:00,GHCND:US1MOCE0017,0
128,",,N,",WESF,2017-05-09T00:00:00,GHCND:US1MOCE0017,0
129,",,N,",PRCP,2017-05-09T00:00:00,GHCND:US1MOCW0009,3
130,"T,,N,",PRCP,2017-05-09T00:00:00,GHCND:US1MOCW0012,0
131,",,N,",PRCP,2017-05-09T00:00:00,GHCND:US1MOCW0017,0
132,",,N,",PRCP,2017-05-09T00:00:00,GHCND:US1MOFSA051,0
133,",,N,",SNOW,2017-05-09T00:00:00,GHCND:US1MOFSA051,0
134,",,7,0700",PRCP,2017-05-09T00:00:00,GHCND:USC00234271,0
135,",,7,",SNOW,2017-05-09T00:00:00,GHCND:USC00234271,0
136,",,7,",SNWD,2017-05-09T00:00:00,GHCND:USC00234271,0
137,",,7,0700",TMAX,2017-05-09T00:00:00,GHCND:USC00234271,294
138,",,7,0700",TMIN,2017-05-09T00:00:00,GHCND:USC00234271,144
139,",,7,0700",TOBS,2017-05-09T00:00:00,GHCND:USC00234271,167
140,",,W,",AWND,2017-05-09T00:00:00,GHCND:USW00003963,30
141,",,W,",PRCP,2017-05-09T00:00:00,GHCND:USW00003963,0
142,",,W,",SNOW,2017-05-09T00:00:00,GHCND:USW00003963,0
143,",,W,",SNWD,2017-05-09T00:00:00,GHCND:USW00003963,0
144,",,W,",TMAX,2017-05-09T00:00:00,GHCND:USW00003963,300
145,",,W,",TMIN,2017-05-09T00:00:00,GHCND:USW00003963,156
146,",,W,",WDF2,2017-05-09T00:00:00,GHCND:USW00003963,240
147,",,W,",WDF5,2017-05-09T00:00:00,GHCND:USW00003963,240
148,",,W,",WSF2,2017-05-09T00:00:00,GHCND:USW00003963,76
149,",,W,",WSF5,2017-05-09T00:00:00,GHCND:USW00003963,103
150,",,N,",PRCP,2017-05-10T00:00:00,GHCND:US1MOBN0007,0
151,",,N,",SNOW,2017-05-10T00:00:00,GHCND:US1MOBN0007,0
152,",,N,",PRCP,2017-05-10T00:00:00,GHCND:US1MOBN0032,0
153,",,N,",SNOW,2017-05-10T00:00:00,GHCND:US1MOBN0032,0
154,",,N,",PRCP,2017-05-10T00:00:00,GHCND:US1MOCE0007,0
155,",,N,",SNOW,2017-05-10T00:00:00,GHCND:US1MOCE0007,0
156,",,N,",PRCP,2017-05-10T00:00:00,GHCND:US1MOCE0017,0
157,",,N,",SNOW,2017-05-10T00:00:00,GHCND:US1MOCE0017,0
158,",,N,",SNWD,2017-05-10T00:00:00,GHCND:US1MOCE0017,0
159,",,N,",WESD,2017-05-10T00:00:00,GHCND:US1MOCE0017,0
160,",,N,",WESF,2017-05-10T00:00:00,GHCND:US1MOCE0017,0
161,",,N,",PRCP,2017-05-10T00:00:00,GHCND:US1MOCW0009,0
162,",,N,",SNOW,2017-05-10T00:00:00,GHCND:US1MOCW0009,0
163,",,N,",PRCP,2017-05-10T00:00:00,GHCND:US1MOCW0012,0
164,",,N,",PRCP,2017-05-10T00:00:00,GHCND:US1MOCW0017,0
165,",,N,",PRCP,2017-05-10T00:00:00,GHCND:US1MOFSA051,0
166,",,N,",SNOW,2017-05-10T00:00:00,GHCND:US1MOFSA051,0
167,",,7,0700",PRCP,2017-05-10T00:00:00,GHCND:USC00234271,0
168,",,7,",SNOW,2017-05-10T00:00:00,GHCND:USC00234271,0
169,",,7,",SNWD,2017-05-10T00:00:00,GHCND:USC00234271,0
170,",,7,0700",TMAX,2017-05-10T00:00:00,GHCND:USC00234271,289
171,",,7,0700",TMIN,2017-05-10T00:00:00,GHCND:USC00234271,167
172,",,7,0700",TOBS,2017-05-10T00:00:00,GHCND:USC00234271,178
173,",,W,",AWND,2017-05-10T00:00:00,GHCND:USW00003963,31
174,",,W,",PRCP,2017-05-10T00:00:00,GHCND:USW00003963,23
175,",,W,",SNOW,2017-05-10T00:00:00,GHCND:USW00003963,0
176,",,W,",SNWD,2017-05-10T00:00:00,GHCND:USW00003963,0
177,",,W,",TMAX,2017-05-10T00:00:00,GHCND:USW00003963,294
178,",,W,",TMIN,2017-05-10T00:00:00,GHCND:USW00003963,172
179,",,W,",WDF2,2017-05-10T00:00:00,GHCND:USW00003963,220
180,",,W,",WDF5,2017-05-10T00:00:00,GHCND:USW00003963,210
181,",,W,",WSF2,2017-05-10T00:00:00,GHCND:USW00003963,103
182,",,W,",WSF5,2017-05-10T00:00:00,GHCND:USW00003963,143
183,",,W,",WT03,2017-05-10T00:00:00,GHCND:USW00003963,1
184,",,N,",PRCP,2017-05-11T00:00:00,GHCND:US1MOBN0007,41
185,",,N,",PRCP,2017-05-11T00:00:00,GHCND:US1MOBN0032,81
186,",,N,",PRCP,2017-05-11T00:00:00,GHCND:US1MOCE0013,89
187,",,N,",PRCP,2017-05-11T00:00:00,GHCND:US1MOCE0017,193
188,",,N,",SNOW,2017-05-11T00:00:00,GHCND:US1MOCE0017,0
189,",,N,",SNWD,2017-05-11T00:00:00,GHCND:US1MOCE0017,0
190,",,N,",WESD,2017-05-11T00:00:00,GHCND:US1MOCE0017,0
191,",,N,",WESF,2017-05-11T00:00:00,GHCND:US1MOCE0017,0
192,",,N,",PRCP,2017-05-11T00:00:00,GHCND:US1MOCW0009,25
193,",,N,",PRCP,2017-05-11T00:00:00,GHCND:US1MOCW0012,64
194,",,N,",PRCP,2017-05-11T00:00:00,GHCND:US1MOCW0017,71
195,",,N,",PRCP,2017-05-11T00:00:00,GHCND:US1MOFSA051,130
196,",,7,0700",PRCP,2017-05-11T00:00:00,GHCND:USC00234271,76
197,",,7,",SNOW,2017-05-11T00:00:00,GHCND:USC00234271,0
198,",,7,",SNWD,2017-05-11T00:00:00,GHCND:USC00234271,0
199,",,7,0700",TMAX,2017-05-11T00:00:00,GHCND:USC00234271,283
200,",,7,0700",TMIN,2017-05-11T00:00:00,GHCND:USC00234271,178
201,",,7,0700",TOBS,2017-05-11T00:00:00,GHCND:USC00234271,183
202,",,W,",AWND,2017-05-11T00:00:00,GHCND:USW00003963,22
203,",,W,",PRCP,2017-05-11T00:00:00,GHCND:USW00003963,46
204,",,W,",SNOW,2017-05-11T00:00:00,GHCND:USW00003963,0
205,",,W,",SNWD,2017-05-11T00:00:00,GHCND:USW00003963,0
206,",,W,",TMAX,2017-05-11T00:00:00,GHCND:USW00003963,228
207,",,W,",TMIN,2017-05-11T00:00:00,GHCND:USW00003963,178
208,",,W,",WDF2,2017-05-11T00:00:00,GHCND:USW00003963,20
209,",,W,",WDF5,2017-05-11T00:00:00,GHCND:USW00003963,10
210,",,W,",WSF2,2017-05-11T00:00:00,GHCND:USW00003963,72
211,",,W,",WSF5,2017-05-11T00:00:00,GHCND:USW00003963,94
212,",,W,",WT01,2017-05-11T00:00:00,GHCND:USW00003963,1
213,",,N,",PRCP,2017-05-12T00:00:00,GHCND:US1MOBN0007,3
214,",,N,",PRCP,2017-05-12T00:00:00,GHCND:US1MOBN0032,3
215,",,N,",PRCP,2017-05-12T00:00:00,GHCND:US1MOCE0007,71
216,",,N,",PRCP,2017-05-12T00:00:00,GHCND:US1MOCE0017,20
217,",,N,",SNOW,2017-05-12T00:00:00,GHCND:US1MOCE0017,0
218,",,N,",SNWD,2017-05-12T00:00:00,GHCND:US1MOCE0017,0
219,",,N,",WESD,2017-05-12T00:00:00,GHCND:US1MOCE0017,0
220,",,N,",WESF,2017-05-12T00:00:00,GHCND:US1MOCE0017,0
221,",,N,",PRCP,2017-05-12T00:00:00,GHCND:US1MOCW0009,3
222,"T,,N,",PRCP,2017-05-12T00:00:00,GHCND:US1MOCW0012,0
223,",,N,",PRCP,2017-05-12T00:00:00,GHCND:US1MOFSA051,5
224,",,7,0700",PRCP,2017-05-12T00:00:00,GHCND:USC00234271,8
225,",,7,",SNOW,2017-05-12T00:00:00,GHCND:USC00234271,0
226,",,7,",SNWD,2017-05-12T00:00:00,GHCND:USC00234271,0
227,",,7,0700",TMAX,2017-05-12T00:00:00,GHCND:USC00234271,206
228,",,7,0700",TMIN,2017-05-12T00:00:00,GHCND:USC00234271,139
229,",,7,0700",TOBS,2017-05-12T00:00:00,GHCND:USC00234271,150
230,",,W,",AWND,2017-05-12T00:00:00,GHCND:USW00003963,27
231,",,W,",PRCP,2017-05-12T00:00:00,GHCND:USW00003963,0
232,",,W,",SNOW,2017-05-12T00:00:00,GHCND:USW00003963,0
233,",,W,",SNWD,2017-05-12T00:00:00,GHCND:USW00003963,0
234,",,W,",TMAX,2017-05-12T00:00:00,GHCND:USW00003963,250
235,",,W,",TMIN,2017-05-12T00:00:00,GHCND:USW00003963,150
236,",,W,",WDF2,2017-05-12T00:00:00,GHCND:USW00003963,10
237,",,W,",WDF5,2017-05-12T00:00:00,GHCND:USW00003963,70
238,",,W,",WSF2,2017-05-12T00:00:00,GHCND:USW00003963,72
239,",,W,",WSF5,2017-05-12T00:00:00,GHCND:USW00003963,103
240,",,N,",PRCP,2017-05-13T00:00:00,GHCND:US1MOBN0007,0
241,",,N,",SNOW,2017-05-13T00:00:00,GHCND:US1MOBN0007,0
242,",,N,",PRCP,2017-05-13T00:00:00,GHCND:US1MOBN0032,0
243,",,N,",SNOW,2017-05-13T00:00:00,GHCND:US1MOBN0032,0
244,",,N,",PRCP,2017-05-13T00:00:00,GHCND:US1MOCE0007,0
245,",,N,",SNOW,2017-05-13T00:00:00,GHCND:US1MOCE0007,0
246,",,N,",PRCP,2017-05-13T00:00:00,GHCND:US1MOCE0017,0
247,",,N,",SNOW,2017-05-13T00:00:00,GHCND:US1MOCE0017,0
248,",,N,",SNWD,2017-05-13T00:00:00,GHCND:US1MOCE0017,0
249,",,N,",WESD,2017-05-13T00:00:00,GHCND:US1MOCE0017,0
250,",,N,",WESF,2017-05-13T00:00:00,GHCND:US1MOCE0017,0
251,",,N,",PRCP,2017-05-13T00:00:00,GHCND:US1MOCW0009,0
252,",,N,",SNOW,2017-05-13T00:00:00,GHCND:US1MOCW0009,0
253,",,N,",PRCP,2017-05-13T00:00:00,GHCND:US1MOCW0012,0
254,",,N,",PRCP,2017-05-13T00:00:00,GHCND:US1MOCW0017,0
255,",,N,",PRCP,2017-05-13T00:00:00,GHCND:US1MOFSA051,0
256,",,N,",SNOW,2017-05-13T00:00:00,GHCND:US1MOFSA051,0
257,",,7,0700",PRCP,2017-05-13T00:00:00,GHCND:USC00234271,0
258,",,7,",SNOW,2017-05-13T00:00:00,GHCND:USC00234271,0
259,",,7,",SNWD,2017-05-13T00:00:00,GHCND:USC00234271,0
260,",,7,0700",TMAX,2017-05-13T00:00:00,GHCND:USC00234271,228
261,",,7,0700",TMIN,2017-05-13T00:00:00,GHCND:USC00234271,111
262,",,7,0700",TOBS,2017-05-13T00:00:00,GHCND:USC00234271,122
263,",,7,",WT01,2017-05-13T00:00:00,GHCND:USC00234271,1
264,",,W,",AWND,2017-05-13T00:00:00,GHCND:USW00003963,10
265,",,W,",PRCP,2017-05-13T00:00:00,GHCND:USW00003963,0
266,",,W,",SNOW,2017-05-13T00:00:00,GHCND:USW00003963,0
267,",,W,",SNWD,2017-05-13T00:00:00,GHCND:USW00003963,0
268,",,W,",TMAX,2017-05-13T00:00:00,GHCND:USW00003963,272
269,",,W,",TMIN,2017-05-13T00:00:00,GHCND:USW00003963,122
270,",,W,",WDF2,2017-05-13T00:00:00,GHCND:USW00003963,210
271,",,W,",WDF5,2017-05-13T00:00:00,GHCND:USW00003963,150
272,",,W,",WSF2,2017-05-13T00:00:00,GHCND:USW00003963,54
273,",,W,",WSF5,2017-05-13T00:00:00,GHCND:USW00003963,63
274,",,W,",WT01,2017-05-13T00:00:00,GHCND:USW00003963,1
275,",,W,",WT02,2017-05-13T00:00:00,GHCND:USW00003963,1
276,",,N,",PRCP,2017-05-14T00:00:00,GHCND:US1MOBN0007,0
277,",,N,",SNOW,2017-05-14T00:00:00,GHCND:US1MOBN0007,0
278,",,N,",PRCP,2017-05-14T00:00:00,GHCND:US1MOBN0032,0
279,",,N,",SNOW,2017-05-14T00:00:00,GHCND:US1MOBN0032,0
280,",,N,",PRCP,2017-05-14T00:00:00,GHCND:US1MOCE0007,0
281,",,N,",SNOW,2017-05-14T00:00:00,GHCND:US1MOCE0007,0
282,",,N,",PRCP,2017-05-14T00:00:00,GHCND:US1MOCE0017,0
283,",,N,",SNOW,2017-05-14T00:00:00,GHCND:US1MOCE0017,0
284,",,N,",SNWD,2017-05-14T00:00:00,GHCND:US1MOCE0017,0
285,",,N,",WESD,2017-05-14T00:00:00,GHCND:US1MOCE0017,0
286,",,N,",WESF,2017-05-14T00:00:00,GHCND:US1MOCE0017,0
287,",,N,",PRCP,2017-05-14T00:00:00,GHCND:US1MOCW0009,0
288,",,N,",SNOW,2017-05-14T00:00:00,GHCND:US1MOCW0009,0
289,",,N,",PRCP,2017-05-14T00:00:00,GHCND:US1MOCW0012,0
290,",,N,",PRCP,2017-05-14T00:00:00,GHCND:US1MOCW0017,0
291,",,N,",PRCP,2017-05-14T00:00:00,GHCND:US1MOFSA051,0
292,",,N,",SNOW,2017-05-14T00:00:00,GHCND:US1MOFSA051,0
293,",,7,0700",PRCP,2017-05-14T00:00:00,GHCND:USC00234271,0
294,",,7,",SNOW,2017-05-14T00:00:00,GHCND:USC00234271,0
295,",,7,",SNWD,2017-05-14T00:00:00,GHCND:USC00234271,0
296,",,7,0700",TMAX,2017-05-14T00:00:00,GHCND:USC00234271,256
297,",,7,0700",TMIN,2017-05-14T00:00:00,GHCND:USC00234271,122
298,",,7,0700",TOBS,2017-05-14T00:00:00,GHCND:USC00234271,161
299,",,W,",AWND,2017-05-14T00:00:00,GHCND:USW00003963,34
300,",,W,",PRCP,2017-05-14T00:00:00,GHCND:USW00003963,0
301,",,W,",SNOW,2017-05-14T00:00:00,GHCND:USW00003963,0
302,",,W,",SNWD,2017-05-14T00:00:00,GHCND:USW00003963,0
303,",,W,",TMAX,2017-05-14T00:00:00,GHCND:USW00003963,283
304,",,W,",TMIN,2017-05-14T00:00:00,GHCND:USW00003963,128
305,",,W,",WDF2,2017-05-14T00:00:00,GHCND:USW00003963,220
306,",,W,",WDF5,2017-05-14T00:00:00,GHCND:USW00003963,190
307,",,W,",WSF2,2017-05-14T00:00:00,GHCND:USW00003963,94
308,",,W,",WSF5,2017-05-14T00:00:00,GHCND:USW00003963,121
309,",,W,",WT01,2017-05-14T00:00:00,GHCND:USW00003963,1
310,",,N,",PRCP,2017-05-15T00:00:00,GHCND:US1MOBN0007,0
311,",,N,",SNOW,2017-05-15T00:00:00,GHCND:US1MOBN0007,0
312,",,N,",PRCP,2017-05-15T00:00:00,GHCND:US1MOBN0032,0
313,",,N,",SNOW,2017-05-15T00:00:00,GHCND:US1MOBN0032,0
314,",,N,",PRCP,2017-05-15T00:00:00,GHCND:US1MOCE0007,0
315,",,N,",SNOW,2017-05-15T00:00:00,GHCND:US1MOCE0007,0
316,",,N,",PRCP,2017-05-15T00:00:00,GHCND:US1MOCE0017,0
317,",,N,",SNOW,2017-05-15T00:00:00,GHCND:US1MOCE0017,0
318,",,N,",SNWD,2017-05-15T00:00:00,GHCND:US1MOCE0017,0
319,",,N,",WESD,2017-05-15T00:00:00,GHCND:US1MOCE0017,0
320,",,N,",WESF,2017-05-15T00:00:00,GHCND:US1MOCE0017,0
321,",,N,",PRCP,2017-05-15T00:00:00,GHCND:US1MOCW0009,0
322,",,N,",SNOW,2017-05-15T00:00:00,GHCND:US1MOCW0009,0
323,",,N,",PRCP,2017-05-15T00:00:00,GHCND:US1MOCW0012,0
324,",,N,",PRCP,2017-05-15T00:00:00,GHCND:US1MOFSA051,0
325,",,N,",SNOW,2017-05-15T00:00:00,GHCND:US1MOFSA051,0
326,",,7,0700",PRCP,2017-05-15T00:00:00,GHCND:USC00234271,0
327,",,7,",SNOW,2017-05-15T00:00:00,GHCND:USC00234271,0
328,",,7,",SNWD,2017-05-15T00:00:00,GHCND:USC00234271,0
329,",,7,0700",TMAX,2017-05-15T00:00:00,GHCND:USC00234271,272
330,",,7,0700",TMIN,2017-05-15T00:00:00,GHCND:USC00234271,150
331,",,7,0700",TOBS,2017-05-15T00:00:00,GHCND:USC00234271,172
332,",,W,",AWND,2017-05-15T00:00:00,GHCND:USW00003963,32
333,",,W,",PRCP,2017-05-15T00:00:00,GHCND:USW00003963,0
334,",,W,",SNOW,2017-05-15T00:00:00,GHCND:USW00003963,0
335,",,W,",SNWD,2017-05-15T00:00:00,GHCND:USW00003963,0
336,",,W,",TMAX,2017-05-15T00:00:00,GHCND:USW00003963,311
337,",,W,",TMIN,2017-05-15T00:00:00,GHCND:USW00003963,144
338,",,W,",WDF2,2017-05-15T00:00:00,GHCND:USW00003963,170
339,",,W,",WDF5,2017-05-15T00:00:00,GHCND:USW00003963,180
340,",,W,",WSF2,2017-05-15T00:00:00,GHCND:USW00003963,76
341,",,W,",WSF5,2017-05-15T00:00:00,GHCND:USW00003963,98
342,",,N,",PRCP,2017-05-16T00:00:00,GHCND:US1MOBN0007,0
343,",,N,",SNOW,2017-05-16T00:00:00,GHCND:US1MOBN0007,0
344,",,N,",PRCP,2017-05-16T00:00:00,GHCND:US1MOBN0032,0
345,",,N,",SNOW,2017-05-16T00:00:00,GHCND:US1MOBN0032,0
346,",,N,",PRCP,2017-05-16T00:00:00,GHCND:US1MOCE0017,0
347,",,N,",SNOW,2017-05-16T00:00:00,GHCND:US1MOCE0017,0
348,",,N,",SNWD,2017-05-16T00:00:00,GHCND:US1MOCE0017,0
349,",,N,",WESD,2017-05-16T00:00:00,GHCND:US1MOCE0017,0
350,",,N,",WESF,2017-05-16T00:00:00,GHCND:US1MOCE0017,0
351,",,N,",PRCP,2017-05-16T00:00:00,GHCND:US1MOCW0009,0
352,",,N,",SNOW,2017-05-16T00:00:00,GHCND:US1MOCW0009,0
353,",,N,",PRCP,2017-05-16T00:00:00,GHCND:US1MOCW0012,0
354,",,N,",PRCP,2017-05-16T00:00:00,GHCND:US1MOCW0017,0
355,",,N,",PRCP,2017-05-16T00:00:00,GHCND:US1MOFSA051,0
356,",,N,",SNOW,2017-05-16T00:00:00,GHCND:US1MOFSA051,0
357,",,7,0700",PRCP,2017-05-16T00:00:00,GHCND:USC00234271,0
358,",,7,",SNOW,2017-05-16T00:00:00,GHCND:USC00234271,0
359,",,7,",SNWD,2017-05-16T00:00:00,GHCND:USC00234271,0
360,",,7,0700",TMAX,2017-05-16T00:00:00,GHCND:USC00234271,294
361,",,7,0700",TMIN,2017-05-16T00:00:00,GHCND:USC00234271,167
362,",,7,0700",TOBS,2017-05-16T00:00:00,GHCND:USC00234271,189
363,",,W,",AWND,2017-05-16T00:00:00,GHCND:USW00003963,49
364,",,W,",PRCP,2017-05-16T00:00:00,GHCND:USW00003963,0
365,",,W,",SNOW,2017-05-16T00:00:00,GHCND:USW00003963,0
366,",,W,",SNWD,2017-05-16T00:00:00,GHCND:USW00003963,0
367,",,W,",TMAX,2017-05-16T00:00:00,GHCND:USW00003963,306
368,",,W,",TMIN,2017-05-16T00:00:00,GHCND:USW00003963,200
369,",,W,",WDF2,2017-05-16T00:00:00,GHCND:USW00003963,180
370,",,W,",WDF5,2017-05-16T00:00:00,GHCND:USW00003963,190
371,",,W,",WSF2,2017-05-16T00:00:00,GHCND:USW00003963,98
372,",,W,",WSF5,2017-05-16T00:00:00,GHCND:USW00003963,148
373,",,N,",PRCP,2017-05-17T00:00:00,GHCND:US1MOBN0007,0
374,",,N,",SNOW,2017-05-17T00:00:00,GHCND:US1MOBN0007,0
375,"T,,N,",PRCP,2017-05-17T00:00:00,GHCND:US1MOBN0032,0
376,",,N,",PRCP,2017-05-17T00:00:00,GHCND:US1MOCE0007,0
377,",,N,",SNOW,2017-05-17T00:00:00,GHCND:US1MOCE0007,0
378,",,N,",PRCP,2017-05-17T00:00:00,GHCND:US1MOCE0017,0
379,",,N,",SNOW,2017-05-17T00:00:00,GHCND:US1MOCE0017,0
380,",,N,",SNWD,2017-05-17T00:00:00,GHCND:US1MOCE0017,0
381,",,N,",WESD,2017-05-17T00:00:00,GHCND:US1MOCE0017,0
382,",,N,",WESF,2017-05-17T00:00:00,GHCND:US1MOCE0017,0
383,"T,,N,",PRCP,2017-05-17T00:00:00,GHCND:US1MOCW0009,0
384,",,N,",PRCP,2017-05-17T00:00:00,GHCND:US1MOCW0012,0
385,",,N,",PRCP,2017-05-17T00:00:00,GHCND:US1MOFSA051,0
386,",,N,",SNOW,2017-05-17T00:00:00,GHCND:US1MOFSA051,0
387,",,7,0700",PRCP,2017-05-17T00:00:00,GHCND:USC00234271,0
388,",,7,",SNOW,2017-05-17T00:00:00,GHCND:USC00234271,0
389,",,7,",SNWD,2017-05-17T00:00:00,GHCND:USC00234271,0
390,",,7,0700",TMAX,2017-05-17T00:00:00,GHCND:USC00234271,294
391,",,7,0700",TMIN,2017-05-17T00:00:00,GHCND:USC00234271,189
392,",,7,0700",TOBS,2017-05-17T00:00:00,GHCND:USC00234271,217
393,",,W,",AWND,2017-05-17T00:00:00,GHCND:USW00003963,67
394,",,W,",PRCP,2017-05-17T00:00:00,GHCND:USW00003963,0
395,",,W,",SNOW,2017-05-17T00:00:00,GHCND:USW00003963,0
396,",,W,",SNWD,2017-05-17T00:00:00,GHCND:USW00003963,0
397,",,W,",TMAX,2017-05-17T00:00:00,GHCND:USW00003963,294
398,",,W,",TMIN,2017-05-17T00:00:00,GHCND:USW00003963,233
399,",,W,",WDF2,2017-05-17T00:00:00,GHCND:USW00003963,170
400,",,W,",WDF5,2017-05-17T00:00:00,GHCND:USW00003963,170
401,",,W,",WSF2,2017-05-17T00:00:00,GHCND:USW00003963,143
402,",,W,",WSF5,2017-05-17T00:00:00,GHCND:USW00003963,201
403,",,N,",PRCP,2017-05-18T00:00:00,GHCND:US1MOBN0007,0
404,",,N,",SNOW,2017-05-18T00:00:00,GHCND:US1MOBN0007,0
405,",,N,",PRCP,2017-05-18T00:00:00,GHCND:US1MOBN0032,0
406,",,N,",SNOW,2017-05-18T00:00:00,GHCND:US1MOBN0032,0
407,",,N,",PRCP,2017-05-18T00:00:00,GHCND:US1MOCE0017,0
408,",,N,",SNOW,2017-05-18T00:00:00,GHCND:US1MOCE0017,0
409,",,N,",SNWD,2017-05-18T00:00:00,GHCND:US1MOCE0017,0
410,",,N,",WESD,2017-05-18T00:00:00,GHCND:US1MOCE0017,0
411,",,N,",WESF,2017-05-18T00:00:00,GHCND:US1MOCE0017,0
412,"T,,N,",PRCP,2017-05-18T00:00:00,GHCND:US1MOCW0009,0
413,",,N,",PRCP,2017-05-18T00:00:00,GHCND:US1MOCW0012,0
414,",,N,",PRCP,2017-05-18T00:00:00,GHCND:US1MOFSA051,0
415,",,N,",SNOW,2017-05-18T00:00:00,GHCND:US1MOFSA051,0
416,",,7,0700",PRCP,2017-05-18T00:00:00,GHCND:USC00234271,0
417,",,7,",SNOW,2017-05-18T00:00:00,GHCND:USC00234271,0
418,",,7,",SNWD,2017-05-18T00:00:00,GHCND:USC00234271,0
419,",,7,0700",TMAX,2017-05-18T00:00:00,GHCND:USC00234271,278
420,",,7,0700",TMIN,2017-05-18T00:00:00,GHCND:USC00234271,194
421,",,7,0700",TOBS,2017-05-18T00:00:00,GHCND:USC00234271,200
422,",,W,",AWND,2017-05-18T00:00:00,GHCND:USW00003963,24
423,",,W,",PRCP,2017-05-18T00:00:00,GHCND:USW00003963,0
424,",,W,",SNOW,2017-05-18T00:00:00,GHCND:USW00003963,0
425,",,W,",SNWD,2017-05-18T00:00:00,GHCND:USW00003963,0
426,",,W,",TMAX,2017-05-18T00:00:00,GHCND:USW00003963,317
427,",,W,",TMIN,2017-05-18T00:00:00,GHCND:USW00003963,211
428,",,W,",WDF2,2017-05-18T00:00:00,GHCND:USW00003963,170
429,",,W,",WDF5,2017-05-18T00:00:00,GHCND:USW00003963,220
430,",,W,",WSF2,2017-05-18T00:00:00,GHCND:USW00003963,63
431,",,W,",WSF5,2017-05-18T00:00:00,GHCND:USW00003963,76
432,",,N,",PRCP,2017-05-19T00:00:00,GHCND:US1MOBN0007,287
433,",,N,",PRCP,2017-05-19T00:00:00,GHCND:US1MOBN0032,307
434,",,N,",PRCP,2017-05-19T00:00:00,GHCND:US1MOCE0007,244
435,",,N,",PRCP,2017-05-19T00:00:00,GHCND:US1MOCE0013,305
436,",,N,",PRCP,2017-05-19T00:00:00,GHCND:US1MOCW0009,325
437,",,N,",PRCP,2017-05-19T00:00:00,GHCND:US1MOCW0012,234
438,",,N,",PRCP,2017-05-19T00:00:00,GHCND:US1MOCW0017,259
439,",,N,",PRCP,2017-05-19T00:00:00,GHCND:US1MOFSA051,330
440,",,7,0700",PRCP,2017-05-19T00:00:00,GHCND:USC00234271,284
441,",,7,",SNOW,2017-05-19T00:00:00,GHCND:USC00234271,0
442,",,7,",SNWD,2017-05-19T00:00:00,GHCND:USC00234271,0
443,",,7,0700",TMAX,2017-05-19T00:00:00,GHCND:USC00234271,306
444,",,7,0700",TMIN,2017-05-19T00:00:00,GHCND:USC00234271,156
445,",,7,0700",TOBS,2017-05-19T00:00:00,GHCND:USC00234271,161
446,",,7,",WT03,2017-05-19T00:00:00,GHCND:USC00234271,1
447,",,W,",AWND,2017-05-19T00:00:00,GHCND:USW00003963,37
448,",,W,",PRCP,2017-05-19T00:00:00,GHCND:USW00003963,401
449,",,W,",SNOW,2017-05-19T00:00:00,GHCND:USW00003963,0
450,",,W,",SNWD,2017-05-19T00:00:00,GHCND:USW00003963,0
451,",,W,",TMAX,2017-05-19T00:00:00,GHCND:USW00003963,261
452,",,W,",TMIN,2017-05-19T00:00:00,GHCND:USW00003963,178
453,",,W,",WDF2,2017-05-19T00:00:00,GHCND:USW00003963,280
454,",,W,",WDF5,2017-05-19T00:00:00,GHCND:USW00003963,290
455,",,W,",WSF2,2017-05-19T00:00:00,GHCND:USW00003963,148
456,",,W,",WSF5,2017-05-19T00:00:00,GHCND:USW00003963,206
457,",,W,",WT01,2017-05-19T00:00:00,GHCND:USW00003963,1
458,",,W,",WT03,2017-05-19T00:00:00,GHCND:USW00003963,1
459,",,N,",PRCP,2017-05-20T00:00:00,GHCND:US1MOBN0007,457
460,",,N,",PRCP,2017-05-20T00:00:00,GHCND:US1MOBN0032,363
461,",,N,",PRCP,2017-05-20T00:00:00,GHCND:US1MOCE0007,445
462,",,N,",PRCP,2017-05-20T00:00:00,GHCND:US1MOCE0013,419
463,",,N,",PRCP,2017-05-20T00:00:00,GHCND:US1MOCW0009,424
464,",,N,",PRCP,2017-05-20T00:00:00,GHCND:US1MOCW0012,399
465,",,N,",PRCP,2017-05-20T00:00:00,GHCND:US1MOCW0017,533
466,",,N,",PRCP,2017-05-20T00:00:00,GHCND:US1MOFSA051,495
467,",,7,0700",PRCP,2017-05-20T00:00:00,GHCND:USC00234271,411
468,",,7,",SNOW,2017-05-20T00:00:00,GHCND:USC00234271,0
469,",,7,",SNWD,2017-05-20T00:00:00,GHCND:USC00234271,0
470,",,7,0700",TMAX,2017-05-20T00:00:00,GHCND:USC00234271,239
471,",,7,0700",TMIN,2017-05-20T00:00:00,GHCND:USC00234271,144
472,",,7,0700",TOBS,2017-05-20T00:00:00,GHCND:USC00234271,150
473,",,7,",WT03,2017-05-20T00:00:00,GHCND:USC00234271,1
474,",,W,",AWND,2017-05-20T00:00:00,GHCND:USW00003963,41
475,",,W,",PRCP,2017-05-20T00:00:00,GHCND:USW00003963,231
476,",,W,",SNOW,2017-05-20T00:00:00,GHCND:USW00003963,0
477,",,W,",SNWD,2017-05-20T00:00:00,GHCND:USW00003963,0
478,",,W,",TMAX,2017-05-20T00:00:00,GHCND:USW00003963,256
479,",,W,",TMIN,2017-05-20T00:00:00,GHCND:USW00003963,156
480,",,W,",WDF2,2017-05-20T00:00:00,GHCND:USW00003963,230
481,",,W,",WDF5,2017-05-20T00:00:00,GHCND:USW00003963,240
482,",,W,",WSF2,2017-05-20T00:00:00,GHCND:USW00003963,81
483,",,W,",WSF5,2017-05-20T00:00:00,GHCND:USW00003963,98
484,",,W,",WT01,2017-05-20T00:00:00,GHCND:USW00003963,1
485,",,W,",WT03,2017-05-20T00:00:00,GHCND:USW00003963,1
486,",,N,",PRCP,2017-05-21T00:00:00,GHCND:US1MOBN0007,3
487,",,N,",PRCP,2017-05-21T00:00:00,GHCND:US1MOBN0032,0
488,",,N,",SNOW,2017-05-21T00:00:00,GHCND:US1MOBN0032,0
489,"T,,N,",PRCP,2017-05-21T00:00:00,GHCND:US1MOCE0007,0
490,",,N,",PRCP,2017-05-21T00:00:00,GHCND:US1MOCW0012,0
491,",,N,",PRCP,2017-05-21T00:00:00,GHCND:US1MOFSA051,0
492,",,N,",SNOW,2017-05-21T00:00:00,GHCND:US1MOFSA051,0
493,",,7,0700",PRCP,2017-05-21T00:00:00,GHCND:USC00234271,0
494,",,7,",SNOW,2017-05-21T00:00:00,GHCND:USC00234271,0
495,",,7,",SNWD,2017-05-21T00:00:00,GHCND:USC00234271,0
496,",,7,0700",TMAX,2017-05-21T00:00:00,GHCND:USC00234271,244
497,",,7,0700",TMIN,2017-05-21T00:00:00,GHCND:USC00234271,100
498,",,7,0700",TOBS,2017-05-21T00:00:00,GHCND:USC00234271,106
499,",,W,",AWND,2017-05-21T00:00:00,GHCND:USW00003963,42
500,",,W,",PRCP,2017-05-21T00:00:00,GHCND:USW00003963,0
501,",,W,",SNOW,2017-05-21T00:00:00,GHCND:USW00003963,0
502,",,W,",SNWD,2017-05-21T00:00:00,GHCND:USW00003963,0
503,",,W,",TMAX,2017-05-21T00:00:00,GHCND:USW00003963,211
504,",,W,",TMIN,2017-05-21T00:00:00,GHCND:USW00003963,117
505,",,W,",WDF2,2017-05-21T00:00:00,GHCND:USW00003963,270
506,",,W,",WDF5,2017-05-21T00:00:00,GHCND:USW00003963,300
507,",,W,",WSF2,2017-05-21T00:00:00,GHCND:USW00003963,103
508,",,W,",WSF5,2017-05-21T00:00:00,GHCND:USW00003963,125
509,",,N,",PRCP,2017-05-22T00:00:00,GHCND:US1MOBN0007,0
510,",,N,",SNOW,2017-05-22T00:00:00,GHCND:US1MOBN0007,0
511,",,N,",PRCP,2017-05-22T00:00:00,GHCND:US1MOBN0032,0
512,",,N,",SNOW,2017-05-22T00:00:00,GHCND:US1MOBN0032,0
513,",,N,",PRCP,2017-05-22T00:00:00,GHCND:US1MOCE0007,0
514,",,N,",PRCP,2017-05-22T00:00:00,GHCND:US1MOCE0009,0
515,",,N,",SNOW,2017-05-22T00:00:00,GHCND:US1MOCE0009,0
516,",,N,",PRCP,2017-05-22T00:00:00,GHCND:US1MOCW0012,0
517,",,N,",PRCP,2017-05-22T00:00:00,GHCND:US1MOFSA051,0
518,",,N,",SNOW,2017-05-22T00:00:00,GHCND:US1MOFSA051,0
519,",,7,0700",PRCP,2017-05-22T00:00:00,GHCND:USC00234271,0
520,",,7,",SNOW,2017-05-22T00:00:00,GHCND:USC00234271,0
521,",,7,",SNWD,2017-05-22T00:00:00,GHCND:USC00234271,0
522,",,7,0700",TMAX,2017-05-22T00:00:00,GHCND:USC00234271,200
523,",,7,0700",TMIN,2017-05-22T00:00:00,GHCND:USC00234271,89
524,",,7,0700",TOBS,2017-05-22T00:00:00,GHCND:USC00234271,106
525,",,W,",AWND,2017-05-22T00:00:00,GHCND:USW00003963,24
526,",,W,",PRCP,2017-05-22T00:00:00,GHCND:USW00003963,0
527,",,W,",SNOW,2017-05-22T00:00:00,GHCND:USW00003963,0
528,",,W,",SNWD,2017-05-22T00:00:00,GHCND:USW00003963,0
529,",,W,",TMAX,2017-05-22T00:00:00,GHCND:USW00003963,244
530,",,W,",TMIN,2017-05-22T00:00:00,GHCND:USW00003963,94
531,",,W,",WDF2,2017-05-22T00:00:00,GHCND:USW00003963,340
532,",,W,",WDF5,2017-05-22T00:00:00,GHCND:USW00003963,340
533,",,W,",WSF2,2017-05-22T00:00:00,GHCND:USW00003963,81
534,",,W,",WSF5,2017-05-22T00:00:00,GHCND:USW00003963,112
535,",,W,",WT03,2017-05-22T00:00:00,GHCND:USW00003963,1
536,",,N,",PRCP,2017-05-23T00:00:00,GHCND:US1MOBN0007,51
537,",,N,",PRCP,2017-05-23T00:00:00,GHCND:US1MOBN0032,18
538,",,N,",PRCP,2017-05-23T00:00:00,GHCND:US1MOCE0007,30
539,",,N,",PRCP,2017-05-23T00:00:00,GHCND:US1MOCE0009,5
540,",,N,",PRCP,2017-05-23T00:00:00,GHCND:US1MOCE0017,653
541,",,N,",PRCP,2017-05-23T00:00:00,GHCND:US1MOCW0012,13
542,",,N,",PRCP,2017-05-23T00:00:00,GHCND:US1MOCW0017,46
543,",,N,",PRCP,2017-05-23T00:00:00,GHCND:US1MOFSA051,18
544,",,7,0700",PRCP,2017-05-23T00:00:00,GHCND:USC00234271,28
545,",,7,",SNOW,2017-05-23T00:00:00,GHCND:USC00234271,0
546,",,7,",SNWD,2017-05-23T00:00:00,GHCND:USC00234271,0
547,",,7,0700",TMAX,2017-05-23T00:00:00,GHCND:USC00234271,233
548,",,7,0700",TMIN,2017-05-23T00:00:00,GHCND:USC00234271,106
549,",,7,0700",TOBS,2017-05-23T00:00:00,GHCND:USC00234271,133
550,",,W,",AWND,2017-05-23T00:00:00,GHCND:USW00003963,28
551,",,W,",PRCP,2017-05-23T00:00:00,GHCND:USW00003963,28
552,",,W,",SNOW,2017-05-23T00:00:00,GHCND:USW00003963,0
553,",,W,",SNWD,2017-05-23T00:00:00,GHCND:USW00003963,0
554,",,W,",TMAX,2017-05-23T00:00:00,GHCND:USW00003963,211
555,",,W,",TMIN,2017-05-23T00:00:00,GHCND:USW00003963,128
556,",,W,",WDF2,2017-05-23T00:00:00,GHCND:USW00003963,290
557,",,W,",WDF5,2017-05-23T00:00:00,GHCND:USW00003963,290
558,",,W,",WSF2,2017-05-23T00:00:00,GHCND:USW00003963,76
559,",,W,",WSF5,2017-05-23T00:00:00,GHCND:USW00003963,107
560,",,W,",WT01,2017-05-23T00:00:00,GHCND:USW00003963,1
561,",,N,",PRCP,2017-05-24T00:00:00,GHCND:US1MOBN0007,46
562,",,N,",PRCP,2017-05-24T00:00:00,GHCND:US1MOBN0032,15
563,",,N,",PRCP,2017-05-24T00:00:00,GHCND:US1MOCE0007,10
564,",,N,",PRCP,2017-05-24T00:00:00,GHCND:US1MOCE0009,23
565,",,N,",PRCP,2017-05-24T00:00:00,GHCND:US1MOCE0017,0
566,",,N,",SNOW,2017-05-24T00:00:00,GHCND:US1MOCE0017,0
567,",,N,",SNWD,2017-05-24T00:00:00,GHCND:US1MOCE0017,0
568,",,N,",WESD,2017-05-24T00:00:00,GHCND:US1MOCE0017,0
569,",,N,",WESF,2017-05-24T00:00:00,GHCND:US1MOCE0017,0
570,",,N,",PRCP,2017-05-24T00:00:00,GHCND:US1MOCW0012,25
571,",,N,",PRCP,2017-05-24T00:00:00,GHCND:US1MOFSA051,3
572,",,7,0700",PRCP,2017-05-24T00:00:00,GHCND:USC00234271,10
573,",,7,",SNOW,2017-05-24T00:00:00,GHCND:USC00234271,0
574,",,7,",SNWD,2017-05-24T00:00:00,GHCND:USC00234271,0
575,",,7,0700",TMAX,2017-05-24T00:00:00,GHCND:USC00234271,194
576,",,7,0700",TMIN,2017-05-24T00:00:00,GHCND:USC00234271,106
577,",,7,0700",TOBS,2017-05-24T00:00:00,GHCND:USC00234271,106
578,",,W,",AWND,2017-05-24T00:00:00,GHCND:USW00003963,35
579,"T,,W,",PRCP,2017-05-24T00:00:00,GHCND:USW00003963,0
580,",,W,",SNOW,2017-05-24T00:00:00,GHCND:USW00003963,0
581,",,W,",SNWD,2017-05-24T00:00:00,GHCND:USW00003963,0
582,",,W,",TMAX,2017-05-24T00:00:00,GHCND:USW00003963,206
583,",,W,",TMIN,2017-05-24T00:00:00,GHCND:USW00003963,117
584,",,W,",WDF2,2017-05-24T00:00:00,GHCND:USW00003963,300
585,",,W,",WDF5,2017-05-24T00:00:00,GHCND:USW00003963,300
586,",,W,",WSF2,2017-05-24T00:00:00,GHCND:USW00003963,81
587,",,W,",WSF5,2017-05-24T00:00:00,GHCND:USW00003963,107
588,",,N,",PRCP,2017-05-25T00:00:00,GHCND:US1MOBN0007,3
589,",,N,",PRCP,2017-05-25T00:00:00,GHCND:US1MOBN0032,0
590,",,N,",SNOW,2017-05-25T00:00:00,GHCND:US1MOBN0032,0
591,",,N,",PRCP,2017-05-25T00:00:00,GHCND:US1MOCE0007,0
592,",,N,",PRCP,2017-05-25T00:00:00,GHCND:US1MOCE0009,0
593,",,N,",SNOW,2017-05-25T00:00:00,GHCND:US1MOCE0009,0
594,",,N,",PRCP,2017-05-25T00:00:00,GHCND:US1MOCE0017,0
595,",,N,",SNOW,2017-05-25T00:00:00,GHCND:US1MOCE0017,0
596,",,N,",SNWD,2017-05-25T00:00:00,GHCND:US1MOCE0017,0
597,",,N,",WESD,2017-05-25T00:00:00,GHCND:US1MOCE0017,0
598,",,N,",WESF,2017-05-25T00:00:00,GHCND:US1MOCE0017,0
599,",,N,",PRCP,2017-05-25T00:00:00,GHCND:US1MOCW0009,0
600,",,N,",SNOW,2017-05-25T00:00:00,GHCND:US1MOCW0009,0
601,",,N,",PRCP,2017-05-25T00:00:00,GHCND:US1MOCW0012,0
602,",,N,",PRCP,2017-05-25T00:00:00,GHCND:US1MOFSA051,0
603,",,N,",SNOW,2017-05-25T00:00:00,GHCND:US1MOFSA051,0
604,",,7,0700",PRCP,2017-05-25T00:00:00,GHCND:USC00234271,0
605,",,7,",SNOW,2017-05-25T00:00:00,GHCND:USC00234271,0
606,",,7,",SNWD,2017-05-25T00:00:00,GHCND:USC00234271,0
607,",,7,0700",TMAX,2017-05-25T00:00:00,GHCND:USC00234271,189
608,",,7,0700",TMIN,2017-05-25T00:00:00,GHCND:USC00234271,89
609,",,7,0700",TOBS,2017-05-25T00:00:00,GHCND:USC00234271,111
610,",,W,",AWND,2017-05-25T00:00:00,GHCND:USW00003963,26
611,",,W,",PRCP,2017-05-25T00:00:00,GHCND:USW00003963,0
612,",,W,",SNOW,2017-05-25T00:00:00,GHCND:USW00003963,0
613,",,W,",SNWD,2017-05-25T00:00:00,GHCND:USW00003963,0
614,",,W,",TMAX,2017-05-25T00:00:00,GHCND:USW00003963,250
615,",,W,",TMIN,2017-05-25T00:00:00,GHCND:USW00003963,100
616,",,W,",WDF2,2017-05-25T00:00:00,GHCND:USW00003963,160
617,",,W,",WDF5,2017-05-25T00:00:00,GHCND:USW00003963,150
618,",,W,",WSF2,2017-05-25T00:00:00,GHCND:USW00003963,54
619,",,W,",WSF5,2017-05-25T00:00:00,GHCND:USW00003963,67
620,",,W,",WT01,2017-05-25T00:00:00,GHCND:USW00003963,1
621,",,W,",WT02,2017-05-25T00:00:00,GHCND:USW00003963,1
622,",,N,",PRCP,2017-05-26T00:00:00,GHCND:US1MOBN0007,10
623,",,N,",PRCP,2017-05-26T00:00:00,GHCND:US1MOBN0032,0
624,",,N,",SNOW,2017-05-26T00:00:00,GHCND:US1MOBN0032,0
625,"T,,N,",PRCP,2017-05-26T00:00:00,GHCND:US1MOCE0007,0
626,"T,,N,",PRCP,2017-05-26T00:00:00,GHCND:US1MOCE0009,0
627,",,N,",PRCP,2017-05-26T00:00:00,GHCND:US1MOCE0017,5
628,",,N,",SNOW,2017-05-26T00:00:00,GHCND:US1MOCE0017,0
629,",,N,",SNWD,2017-05-26T00:00:00,GHCND:US1MOCE0017,0
630,",,N,",WESD,2017-05-26T00:00:00,GHCND:US1MOCE0017,0
631,",,N,",WESF,2017-05-26T00:00:00,GHCND:US1MOCE0017,0
632,",,N,",PRCP,2017-05-26T00:00:00,GHCND:US1MOCW0009,13
633,"T,,N,",PRCP,2017-05-26T00:00:00,GHCND:US1MOCW0012,0
634,",,N,",PRCP,2017-05-26T00:00:00,GHCND:US1MOCW0017,30
635,",,N,",PRCP,2017-05-26T00:00:00,GHCND:US1MOFSA051,0
636,",,N,",SNOW,2017-05-26T00:00:00,GHCND:US1MOFSA051,0
637,",,7,0700",PRCP,2017-05-26T00:00:00,GHCND:USC00234271,0
638,",,7,",SNOW,2017-05-26T00:00:00,GHCND:USC00234271,0
639,",,7,",SNWD,2017-05-26T00:00:00,GHCND:USC00234271,0
640,",,7,0700",TMAX,2017-05-26T00:00:00,GHCND:USC00234271,233
641,",,7,0700",TMIN,2017-05-26T00:00:00,GHCND:USC00234271,111
642,",,7,0700",TOBS,2017-05-26T00:00:00,GHCND:USC00234271,183
643,",,W,",AWND,2017-05-26T00:00:00,GHCND:USW00003963,21
644,",,W,",PRCP,2017-05-26T00:00:00,GHCND:USW00003963,0
645,",,W,",SNOW,2017-05-26T00:00:00,GHCND:USW00003963,0
646,",,W,",SNWD,2017-05-26T00:00:00,GHCND:USW00003963,0
647,",,W,",TMAX,2017-05-26T00:00:00,GHCND:USW00003963,283
648,",,W,",TMIN,2017-05-26T00:00:00,GHCND:USW00003963,172
649,",,W,",WDF2,2017-05-26T00:00:00,GHCND:USW00003963,140
650,",,W,",WDF5,2017-05-26T00:00:00,GHCND:USW00003963,130
651,",,W,",WSF2,2017-05-26T00:00:00,GHCND:USW00003963,72
652,",,W,",WSF5,2017-05-26T00:00:00,GHCND:USW00003963,85
653,",,W,",WT03,2017-05-26T00:00:00,GHCND:USW00003963,1
654,",,N,",PRCP,2017-05-27T00:00:00,GHCND:US1MOBN0007,0
655,",,N,",SNOW,2017-05-27T00:00:00,GHCND:US1MOBN0007,0
656,",,N,",PRCP,2017-05-27T00:00:00,GHCND:US1MOBN0032,0
657,",,N,",SNOW,2017-05-27T00:00:00,GHCND:US1MOBN0032,0
658,",,N,",PRCP,2017-05-27T00:00:00,GHCND:US1MOCE0007,0
659,",,N,",PRCP,2017-05-27T00:00:00,GHCND:US1MOCE0009,0
660,",,N,",SNOW,2017-05-27T00:00:00,GHCND:US1MOCE0009,0
661,",,N,",PRCP,2017-05-27T00:00:00,GHCND:US1MOCE0017,0
662,",,N,",SNOW,2017-05-27T00:00:00,GHCND:US1MOCE0017,0
663,",,N,",SNWD,2017-05-27T00:00:00,GHCND:US1MOCE0017,0
664,",,N,",WESD,2017-05-27T00:00:00,GHCND:US1MOCE0017,0
665,",,N,",WESF,2017-05-27T00:00:00,GHCND:US1MOCE0017,0
666,",,N,",PRCP,2017-05-27T00:00:00,GHCND:US1MOCW0009,0
667,",,N,",SNOW,2017-05-27T00:00:00,GHCND:US1MOCW0009,0
668,",,N,",PRCP,2017-05-27T00:00:00,GHCND:US1MOCW0012,0
669,",,N,",PRCP,2017-05-27T00:00:00,GHCND:US1MOCW0017,0
670,",,N,",PRCP,2017-05-27T00:00:00,GHCND:US1MOFSA051,0
671,",,N,",SNOW,2017-05-27T00:00:00,GHCND:US1MOFSA051,0
672,",,7,0700",PRCP,2017-05-27T00:00:00,GHCND:USC00234271,0
673,",,7,",SNOW,2017-05-27T00:00:00,GHCND:USC00234271,0
674,",,7,",SNWD,2017-05-27T00:00:00,GHCND:USC00234271,0
675,",,7,0700",TMAX,2017-05-27T00:00:00,GHCND:USC00234271,267
676,",,7,0700",TOBS,2017-05-27T00:00:00,GHCND:USC00234271,200
677,",,W,",AWND,2017-05-27T00:00:00,GHCND:USW00003963,25
678,",,W,",PRCP,2017-05-27T00:00:00,GHCND:USW00003963,409
679,",,W,",SNOW,2017-05-27T00:00:00,GHCND:USW00003963,0
680,",,W,",SNWD,2017-05-27T00:00:00,GHCND:USW00003963,0
681,",,W,",TMAX,2017-05-27T00:00:00,GHCND:USW00003963,283
682,",,W,",TMIN,2017-05-27T00:00:00,GHCND:USW00003963,172
683,",,W,",WDF2,2017-05-27T00:00:00,GHCND:USW00003963,280
684,",,W,",WDF5,2017-05-27T00:00:00,GHCND:USW00003963,280
685,",,W,",WSF2,2017-05-27T00:00:00,GHCND:USW00003963,157
686,",,W,",WSF5,2017-05-27T00:00:00,GHCND:USW00003963,215
687,",,W,",WT01,2017-05-27T00:00:00,GHCND:USW00003963,1
688,",,W,",WT02,2017-05-27T00:00:00,GHCND:USW00003963,1
689,",,W,",WT03,2017-05-27T00:00:00,GHCND:USW00003963,1
690,",,N,",PRCP,2017-05-28T00:00:00,GHCND:US1MOBN0007,272
691,",,N,",PRCP,2017-05-28T00:00:00,GHCND:US1MOBN0032,307
692,",,N,",PRCP,2017-05-28T00:00:00,GHCND:US1MOCE0007,485
693,",,N,",PRCP,2017-05-28T00:00:00,GHCND:US1MOCE0009,411
694,",,N,",PRCP,2017-05-28T00:00:00,GHCND:US1MOCE0013,384
695,",,N,",PRCP,2017-05-28T00:00:00,GHCND:US1MOCE0017,180
696,",,N,",SNOW,2017-05-28T00:00:00,GHCND:US1MOCE0017,0
697,",,N,",SNWD,2017-05-28T00:00:00,GHCND:US1MOCE0017,0
698,",,N,",WESD,2017-05-28T00:00:00,GHCND:US1MOCE0017,0
699,",,N,",WESF,2017-05-28T00:00:00,GHCND:US1MOCE0017,0
700,",,N,",PRCP,2017-05-28T00:00:00,GHCND:US1MOCW0009,282
701,",,N,",PRCP,2017-05-28T00:00:00,GHCND:US1MOCW0012,323
702,",,N,",PRCP,2017-05-28T00:00:00,GHCND:US1MOCW0017,193
703,",,N,",PRCP,2017-05-28T00:00:00,GHCND:US1MOFSA051,442
704,",,7,0700",PRCP,2017-05-28T00:00:00,GHCND:USC00234271,386
705,",,7,",SNOW,2017-05-28T00:00:00,GHCND:USC00234271,0
706,",,7,",SNWD,2017-05-28T00:00:00,GHCND:USC00234271,0
707,",,7,0700",TMAX,2017-05-28T00:00:00,GHCND:USC00234271,267
708,",,7,0700",TOBS,2017-05-28T00:00:00,GHCND:USC00234271,156
709,",,7,",WT03,2017-05-28T00:00:00,GHCND:USC00234271,1
710,",,W,",AWND,2017-05-28T00:00:00,GHCND:USW00003963,34
711,",,W,",PRCP,2017-05-28T00:00:00,GHCND:USW00003963,0
712,",,W,",SNOW,2017-05-28T00:00:00,GHCND:USW00003963,0
713,",,W,",SNWD,2017-05-28T00:00:00,GHCND:USW00003963,0
714,",,W,",TMAX,2017-05-28T00:00:00,GHCND:USW00003963,272
715,",,W,",TMIN,2017-05-28T00:00:00,GHCND:USW00003963,167
716,",,W,",WDF2,2017-05-28T00:00:00,GHCND:USW00003963,280
717,",,W,",WDF5,2017-05-28T00:00:00,GHCND:USW00003963,290
718,",,W,",WSF2,2017-05-28T00:00:00,GHCND:USW00003963,81
719,",,W,",WSF5,2017-05-28T00:00:00,GHCND:USW00003963,103
720,",,W,",WT01,2017-05-28T00:00:00,GHCND:USW00003963,1
721,",,W,",WT08,2017-05-28T00:00:00,GHCND:USW00003963,1
722,",,N,",PRCP,2017-05-29T00:00:00,GHCND:US1MOBN0007,0
723,",,N,",SNOW,2017-05-29T00:00:00,GHCND:US1MOBN0007,0
724,",,N,",PRCP,2017-05-29T00:00:00,GHCND:US1MOBN0032,0
725,",,N,",SNOW,2017-05-29T00:00:00,GHCND:US1MOBN0032,0
726,",,N,",PRCP,2017-05-29T00:00:00,GHCND:US1MOCE0007,0
727,",,N,",SNOW,2017-05-29T00:00:00,GHCND:US1MOCE0007,0
728,",,N,",PRCP,2017-05-29T00:00:00,GHCND:US1MOCE0009,0
729,",,N,",SNOW,2017-05-29T00:00:00,GHCND:US1MOCE0009,0
730,",,N,",PRCP,2017-05-29T00:00:00,GHCND:US1MOCE0017,0
731,",,N,",SNOW,2017-05-29T00:00:00,GHCND:US1MOCE0017,0
732,",,N,",SNWD,2017-05-29T00:00:00,GHCND:US1MOCE0017,0
733,",,N,",WESD,2017-05-29T00:00:00,GHCND:US1MOCE0017,0
734,",,N,",WESF,2017-05-29T00:00:00,GHCND:US1MOCE0017,0
735,",,N,",PRCP,2017-05-29T00:00:00,GHCND:US1MOCW0009,0
736,",,N,",SNOW,2017-05-29T00:00:00,GHCND:US1MOCW0009,0
737,",,N,",PRCP,2017-05-29T00:00:00,GHCND:US1MOCW0012,0
738,",,N,",PRCP,2017-05-29T00:00:00,GHCND:US1MOFSA051,0
739,",,N,",SNOW,2017-05-29T00:00:00,GHCND:US1MOFSA051,0
740,",,7,0700",PRCP,2017-05-29T00:00:00,GHCND:USC00234271,0
741,",,7,",SNOW,2017-05-29T00:00:00,GHCND:USC00234271,0
742,",,7,",SNWD,2017-05-29T00:00:00,GHCND:USC00234271,0
743,",,7,0700",TMAX,2017-05-29T00:00:00,GHCND:USC00234271,256
744,",,7,0700",TMIN,2017-05-29T00:00:00,GHCND:USC00234271,133
745,",,7,0700",TOBS,2017-05-29T00:00:00,GHCND:USC00234271,150
746,",,W,",AWND,2017-05-29T00:00:00,GHCND:USW00003963,26
747,",,W,",PRCP,2017-05-29T00:00:00,GHCND:USW00003963,0
748,",,W,",SNOW,2017-05-29T00:00:00,GHCND:USW00003963,0
749,",,W,",SNWD,2017-05-29T00:00:00,GHCND:USW00003963,0
750,",,W,",TMAX,2017-05-29T00:00:00,GHCND:USW00003963,294
751,",,W,",TMIN,2017-05-29T00:00:00,GHCND:USW00003963,139
752,",,W,",WDF2,2017-05-29T00:00:00,GHCND:USW00003963,280
753,",,W,",WDF5,2017-05-29T00:00:00,GHCND:USW00003963,280
754,",,W,",WSF2,2017-05-29T00:00:00,GHCND:USW00003963,89
755,",,W,",WSF5,2017-05-29T00:00:00,GHCND:USW00003963,107
756,",,N,",PRCP,2017-05-30T00:00:00,GHCND:US1MOBN0007,0
757,",,N,",SNOW,2017-05-30T00:00:00,GHCND:US1MOBN0007,0
758,",,N,",PRCP,2017-05-30T00:00:00,GHCND:US1MOBN0032,0
759,",,N,",SNOW,2017-05-30T00:00:00,GHCND:US1MOBN0032,0
760,",,N,",PRCP,2017-05-30T00:00:00,GHCND:US1MOCE0007,0
761,",,N,",SNOW,2017-05-30T00:00:00,GHCND:US1MOCE0007,0
762,",,N,",PRCP,2017-05-30T00:00:00,GHCND:US1MOCE0009,0
763,",,N,",SNOW,2017-05-30T00:00:00,GHCND:US1MOCE0009,0
764,",,N,",PRCP,2017-05-30T00:00:00,GHCND:US1MOCE0017,0
765,",,N,",SNOW,2017-05-30T00:00:00,GHCND:US1MOCE0017,0
766,",,N,",SNWD,2017-05-30T00:00:00,GHCND:US1MOCE0017,0
767,",,N,",WESD,2017-05-30T00:00:00,GHCND:US1MOCE0017,0
768,",,N,",WESF,2017-05-30T00:00:00,GHCND:US1MOCE0017,0
769,",,N,",PRCP,2017-05-30T00:00:00,GHCND:US1MOCW0009,0
770,",,N,",SNOW,2017-05-30T00:00:00,GHCND:US1MOCW0009,0
771,",,N,",PRCP,2017-05-30T00:00:00,GHCND:US1MOCW0012,0
772,",,N,",PRCP,2017-05-30T00:00:00,GHCND:US1MOFSA051,0
773,",,N,",SNOW,2017-05-30T00:00:00,GHCND:US1MOFSA051,0
774,",,7,0700",PRCP,2017-05-30T00:00:00,GHCND:USC00234271,0
775,",,7,",SNOW,2017-05-30T00:00:00,GHCND:USC00234271,0
776,",,7,",SNWD,2017-05-30T00:00:00,GHCND:USC00234271,0
777,",,7,0700",TMAX,2017-05-30T00:00:00,GHCND:USC00234271,278
778,",,7,0700",TMIN,2017-05-30T00:00:00,GHCND:USC00234271,128
779,",,7,0700",TOBS,2017-05-30T00:00:00,GHCND:USC00234271,144
780,",,W,",AWND,2017-05-30T00:00:00,GHCND:USW00003963,17
781,"T,,W,",PRCP,2017-05-30T00:00:00,GHCND:USW00003963,0
782,",,W,",SNOW,2017-05-30T00:00:00,GHCND:USW00003963,0
783,",,W,",SNWD,2017-05-30T00:00:00,GHCND:USW00003963,0
784,",,W,",TMAX,2017-05-30T00:00:00,GHCND:USW00003963,272
785,",,W,",TMIN,2017-05-30T00:00:00,GHCND:USW00003963,128
786,",,W,",WDF2,2017-05-30T00:00:00,GHCND:USW00003963,250
787,",,W,",WDF5,2017-05-30T00:00:00,GHCND:USW00003963,250
788,",,W,",WSF2,2017-05-30T00:00:00,GHCND:USW00003963,76
789,",,W,",WSF5,2017-05-30T00:00:00,GHCND:USW00003963,94
790,",,N,",PRCP,2017-05-31T00:00:00,GHCND:US1MOBN0007,0
791,",,N,",SNOW,2017-05-31T00:00:00,GHCND:US1MOBN0007,0
792,",,N,",PRCP,2017-05-31T00:00:00,GHCND:US1MOBN0032,0
793,",,N,",SNOW,2017-05-31T00:00:00,GHCND:US1MOBN0032,0
794,",,N,",PRCP,2017-05-31T00:00:00,GHCND:US1MOCE0007,0
795,",,N,",SNOW,2017-05-31T00:00:00,GHCND:US1MOCE0007,0
796,",,N,",PRCP,2017-05-31T00:00:00,GHCND:US1MOCE0009,0
797,",,N,",SNOW,2017-05-31T00:00:00,GHCND:US1MOCE0009,0
798,",,N,",PRCP,2017-05-31T00:00:00,GHCND:US1MOCE0017,0
799,",,N,",SNOW,2017-05-31T00:00:00,GHCND:US1MOCE0017,0
800,",,N,",SNWD,2017-05-31T00:00:00,GHCND:US1MOCE0017,0
801,",,N,",WESD,2017-05-31T00:00:00,GHCND:US1MOCE0017,0
802,",,N,",WESF,2017-05-31T00:00:00,GHCND:US1MOCE0017,0
803,",,N,",PRCP,2017-05-31T00:00:00,GHCND:US1MOCW0009,0
804,",,N,",SNOW,2017-05-31T00:00:00,GHCND:US1MOCW0009,0
805,",,N,",PRCP,2017-05-31T00:00:00,GHCND:US1MOCW0012,0
806,",,N,",PRCP,2017-05-31T00:00:00,GHCND:US1MOFSA051,0
807,",,N,",SNOW,2017-05-31T00:00:00,GHCND:US1MOFSA051,0
808,",,7,0700",PRCP,2017-05-31T00:00:00,GHCND:USC00234271,0
809,",,7,",SNOW,2017-05-31T00:00:00,GHCND:USC00234271,0
810,",,7,",SNWD,2017-05-31T00:00:00,GHCND:USC00234271,0
811,",,7,0700",TMAX,2017-05-31T00:00:00,GHCND:USC00234271,261
812,",,7,0700",TMIN,2017-05-31T00:00:00,GHCND:USC00234271,144
813,",,7,0700",TOBS,2017-05-31T00:00:00,GHCND:USC00234271,161
814,",,W,",AWND,2017-05-31T00:00:00,GHCND:USW00003963,15
815,"T,,W,",PRCP,2017-05-31T00:00:00,GHCND:USW00003963,0
816,",,W,",SNOW,2017-05-31T00:00:00,GHCND:USW00003963,0
817,",,W,",SNWD,2017-05-31T00:00:00,GHCND:USW00003963,0
818,",,W,",TMAX,2017-05-31T00:00:00,GHCND:USW00003963,289
819,",,W,",TMIN,2017-05-31T00:00:00,GHCND:USW00003963,144
820,",,W,",WDF2,2017-05-31T00:00:00,GHCND:USW00003963,220
821,",,W,",WDF5,2017-05-31T00:00:00,GHCND:USW00003963,210
822,",,W,",WSF2,2017-05-31T00:00:00,GHCND:USW00003963,58
823,",,W,",WSF5,2017-05-31T00:00:00,GHCND:USW00003963,72
824,",,N,",PRCP,2017-06-01T00:00:00,GHCND:US1MOBN0007,3
825,"T,,N,",PRCP,2017-06-01T00:00:00,GHCND:US1MOBN0032,0
826,",,N,",PRCP,2017-06-01T00:00:00,GHCND:US1MOCE0007,5
827,",,N,",PRCP,2017-06-01T00:00:00,GHCND:US1MOCE0009,5
828,",,N,",SNOW,2017-06-01T00:00:00,GHCND:US1MOCE0009,0
829,",,N,",PRCP,2017-06-01T00:00:00,GHCND:US1MOCE0017,8
830,",,N,",SNOW,2017-06-01T00:00:00,GHCND:US1MOCE0017,0
831,",,N,",SNWD,2017-06-01T00:00:00,GHCND:US1MOCE0017,0
832,",,N,",WESD,2017-06-01T00:00:00,GHCND:US1MOCE0017,0
833,",,N,",WESF,2017-06-01T00:00:00,GHCND:US1MOCE0017,0
834,",,N,",PRCP,2017-06-01T00:00:00,GHCND:US1MOCW0009,0
835,",,N,",SNOW,2017-06-01T00:00:00,GHCND:US1MOCW0009,0
836,",,N,",PRCP,2017-06-01T00:00:00,GHCND:US1MOCW0012,0
837,",,N,",PRCP,2017-06-01T00:00:00,GHCND:US1MOFSA051,0
838,",,N,",SNOW,2017-06-01T00:00:00,GHCND:US1MOFSA051,0
839,",,7,0700",PRCP,2017-06-01T00:00:00,GHCND:USC00234271,0
840,",,7,",SNOW,2017-06-01T00:00:00,GHCND:USC00234271,0
841,",,7,",SNWD,2017-06-01T00:00:00,GHCND:USC00234271,0
842,",,7,0700",TMAX,2017-06-01T00:00:00,GHCND:USC00234271,272
843,",,7,0700",TMIN,2017-06-01T00:00:00,GHCND:USC00234271,150
844,",,7,0700",TOBS,2017-06-01T00:00:00,GHCND:USC00234271,172
845,",,W,",AWND,2017-06-01T00:00:00,GHCND:USW00003963,11
846,",,W,",PRCP,2017-06-01T00:00:00,GHCND:USW00003963,0
847,",,W,",SNOW,2017-06-01T00:00:00,GHCND:USW00003963,0
848,",,W,",SNWD,2017-06-01T00:00:00,GHCND:USW00003963,0
849,",,W,",TMAX,2017-06-01T00:00:00,GHCND:USW00003963,283
850,",,W,",TMIN,2017-06-01T00:00:00,GHCND:USW00003963,161
851,",,W,",WDF2,2017-06-01T00:00:00,GHCND:USW00003963,180
852,",,W,",WDF5,2017-06-01T00:00:00,GHCND:USW00003963,180
853,",,W,",WSF2,2017-06-01T00:00:00,GHCND:USW00003963,45
854,",,W,",WSF5,2017-06-01T00:00:00,GHCND:USW00003963,58
855,",,N,",PRCP,2017-06-02T00:00:00,GHCND:US1MOBN0007,0
856,",,N,",SNOW,2017-06-02T00:00:00,GHCND:US1MOBN0007,0
857,",,N,",PRCP,2017-06-02T00:00:00,GHCND:US1MOBN0032,0
858,",,N,",SNOW,2017-06-02T00:00:00,GHCND:US1MOBN0032,0
859,"T,,N,",PRCP,2017-06-02T00:00:00,GHCND:US1MOCE0007,0
860,",,N,",PRCP,2017-06-02T00:00:00,GHCND:US1MOCE0009,0
861,",,N,",SNOW,2017-06-02T00:00:00,GHCND:US1MOCE0009,0
862,",,N,",PRCP,2017-06-02T00:00:00,GHCND:US1MOCE0017,0
863,",,N,",SNOW,2017-06-02T00:00:00,GHCND:US1MOCE0017,0
864,",,N,",SNWD,2017-06-02T00:00:00,GHCND:US1MOCE0017,0
865,",,N,",WESD,2017-06-02T00:00:00,GHCND:US1MOCE0017,0
866,",,N,",WESF,2017-06-02T00:00:00,GHCND:US1MOCE0017,0
867,"T,,N,",PRCP,2017-06-02T00:00:00,GHCND:US1MOCW0009,0
868,",,N,",PRCP,2017-06-02T00:00:00,GHCND:US1MOCW0012,0
869,",,N,",PRCP,2017-06-02T00:00:00,GHCND:US1MOFSA051,0
870,",,N,",SNOW,2017-06-02T00:00:00,GHCND:US1MOFSA051,0
871,",,7,0700",PRCP,2017-06-02T00:00:00,GHCND:USC00234271,0
872,",,7,",SNOW,2017-06-02T00:00:00,GHCND:USC00234271,0
873,",,7,",SNWD,2017-06-02T00:00:00,GHCND:USC00234271,0
874,",,7,0700",TMAX,2017-06-02T00:00:00,GHCND:USC00234271,261
875,",,7,0700",TMIN,2017-06-02T00:00:00,GHCND:USC00234271,172
876,",,7,0700",TOBS,2017-06-02T00:00:00,GHCND:USC00234271,189
877,",,W,",AWND,2017-06-02T00:00:00,GHCND:USW00003963,13
878,"T,,W,",PRCP,2017-06-02T00:00:00,GHCND:USW00003963,0
879,",,W,",SNOW,2017-06-02T00:00:00,GHCND:USW00003963,0
880,",,W,",SNWD,2017-06-02T00:00:00,GHCND:USW00003963,0
881,",,W,",TMAX,2017-06-02T00:00:00,GHCND:USW00003963,317
882,",,W,",TMIN,2017-06-02T00:00:00,GHCND:USW00003963,178
883,",,W,",WDF2,2017-06-02T00:00:00,GHCND:USW00003963,130
884,",,W,",WDF5,2017-06-02T00:00:00,GHCND:USW00003963,130
885,",,W,",WSF2,2017-06-02T00:00:00,GHCND:USW00003963,67
886,",,W,",WSF5,2017-06-02T00:00:00,GHCND:USW00003963,81
887,",,W,",WT03,2017-06-02T00:00:00,GHCND:USW00003963,1
888,",,N,",PRCP,2017-06-03T00:00:00,GHCND:US1MOBN0007,0
889,",,N,",SNOW,2017-06-03T00:00:00,GHCND:US1MOBN0007,0
890,",,N,",PRCP,2017-06-03T00:00:00,GHCND:US1MOBN0032,0
891,",,N,",SNOW,2017-06-03T00:00:00,GHCND:US1MOBN0032,0
892,",,N,",PRCP,2017-06-03T00:00:00,GHCND:US1MOCE0007,0
893,",,N,",SNOW,2017-06-03T00:00:00,GHCND:US1MOCE0007,0
894,",,N,",PRCP,2017-06-03T00:00:00,GHCND:US1MOCE0009,10
895,",,N,",PRCP,2017-06-03T00:00:00,GHCND:US1MOCE0017,0
896,",,N,",SNOW,2017-06-03T00:00:00,GHCND:US1MOCE0017,0
897,",,N,",SNWD,2017-06-03T00:00:00,GHCND:US1MOCE0017,0
898,",,N,",WESD,2017-06-03T00:00:00,GHCND:US1MOCE0017,0
899,",,N,",WESF,2017-06-03T00:00:00,GHCND:US1MOCE0017,0
900,",,N,",PRCP,2017-06-03T00:00:00,GHCND:US1MOCW0009,0
901,",,N,",SNOW,2017-06-03T00:00:00,GHCND:US1MOCW0009,0
902,",,N,",PRCP,2017-06-03T00:00:00,GHCND:US1MOCW0012,0
903,",,N,",PRCP,2017-06-03T00:00:00,GHCND:US1MOFSA051,10
904,",,N,",SNOW,2017-06-03T00:00:00,GHCND:US1MOFSA051,0
905,",,7,0700",PRCP,2017-06-03T00:00:00,GHCND:USC00234271,23
906,",,7,",SNOW,2017-06-03T00:00:00,GHCND:USC00234271,0
907,",,7,",SNWD,2017-06-03T00:00:00,GHCND:USC00234271,0
908,",,7,0700",TMAX,2017-06-03T00:00:00,GHCND:USC00234271,300
909,",,7,0700",TMIN,2017-06-03T00:00:00,GHCND:USC00234271,183
910,",,7,0700",TOBS,2017-06-03T00:00:00,GHCND:USC00234271,194
911,",,W,",AWND,2017-06-03T00:00:00,GHCND:USW00003963,23
912,",,W,",PRCP,2017-06-03T00:00:00,GHCND:USW00003963,0
913,",,W,",SNOW,2017-06-03T00:00:00,GHCND:USW00003963,0
914,",,W,",SNWD,2017-06-03T00:00:00,GHCND:USW00003963,0
915,",,W,",TMAX,2017-06-03T00:00:00,GHCND:USW00003963,322
916,",,W,",TMIN,2017-06-03T00:00:00,GHCND:USW00003963,183
917,",,W,",WDF2,2017-06-03T00:00:00,GHCND:USW00003963,170
918,",,W,",WDF5,2017-06-03T00:00:00,GHCND:USW00003963,170
919,",,W,",WSF2,2017-06-03T00:00:00,GHCND:USW00003963,67
920,",,W,",WSF5,2017-06-03T00:00:00,GHCND:USW00003963,89
921,",,W,",WT01,2017-06-03T00:00:00,GHCND:USW00003963,1
922,",,W,",WT02,2017-06-03T00:00:00,GHCND:USW00003963,1
923,",,N,",PRCP,2017-06-04T00:00:00,GHCND:US1MOBN0007,0
924,",,N,",SNOW,2017-06-04T00:00:00,GHCND:US1MOBN0007,0
925,",,N,",PRCP,2017-06-04T00:00:00,GHCND:US1MOBN0032,5
926,",,N,",PRCP,2017-06-04T00:00:00,GHCND:US1MOCE0007,0
927,",,N,",SNOW,2017-06-04T00:00:00,GHCND:US1MOCE0007,0
928,",,N,",PRCP,2017-06-04T00:00:00,GHCND:US1MOCE0009,3
929,",,N,",SNOW,2017-06-04T00:00:00,GHCND:US1MOCE0009,0
930,",,N,",PRCP,2017-06-04T00:00:00,GHCND:US1MOCE0017,3
931,",,N,",SNOW,2017-06-04T00:00:00,GHCND:US1MOCE0017,0
932,",,N,",SNWD,2017-06-04T00:00:00,GHCND:US1MOCE0017,0
933,",,N,",WESD,2017-06-04T00:00:00,GHCND:US1MOCE0017,0
934,",,N,",WESF,2017-06-04T00:00:00,GHCND:US1MOCE0017,0
935,",,N,",PRCP,2017-06-04T00:00:00,GHCND:US1MOCW0009,5
936,"T,,N,",PRCP,2017-06-04T00:00:00,GHCND:US1MOCW0012,0
937,",,N,",PRCP,2017-06-04T00:00:00,GHCND:US1MOFSA051,0
938,",,N,",SNOW,2017-06-04T00:00:00,GHCND:US1MOFSA051,0
939,",,7,0700",PRCP,2017-06-04T00:00:00,GHCND:USC00234271,5
940,",,7,",SNOW,2017-06-04T00:00:00,GHCND:USC00234271,0
941,",,7,",SNWD,2017-06-04T00:00:00,GHCND:USC00234271,0
942,",,7,0700",TMAX,2017-06-04T00:00:00,GHCND:USC00234271,300
943,",,7,0700",TMIN,2017-06-04T00:00:00,GHCND:USC00234271,194
944,",,7,0700",TOBS,2017-06-04T00:00:00,GHCND:USC00234271,200
945,",,W,",AWND,2017-06-04T00:00:00,GHCND:USW00003963,13
946,",,W,",PGTM,2017-06-04T00:00:00,GHCND:USW00003963,1630
947,",,W,",PRCP,2017-06-04T00:00:00,GHCND:USW00003963,5
948,",,W,",TMAX,2017-06-04T00:00:00,GHCND:USW00003963,317
949,",,W,",TMIN,2017-06-04T00:00:00,GHCND:USW00003963,222
950,",,W,",WDF2,2017-06-04T00:00:00,GHCND:USW00003963,130
951,",,W,",WDF5,2017-06-04T00:00:00,GHCND:USW00003963,120
952,",,W,",WSF2,2017-06-04T00:00:00,GHCND:USW00003963,103
953,",,W,",WSF5,2017-06-04T00:00:00,GHCND:USW00003963,121
954,",,N,",PRCP,2017-06-05T00:00:00,GHCND:US1MOBN0007,206
955,",,N,",PRCP,2017-06-05T00:00:00,GHCND:US1MOBN0032,196
956,",,N,",PRCP,2017-06-05T00:00:00,GHCND:US1MOCE0007,38
957,",,N,",PRCP,2017-06-05T00:00:00,GHCND:US1MOCE0009,30
958,",,N,",PRCP,2017-06-05T00:00:00,GHCND:US1MOCE0013,185
959,",,N,",PRCP,2017-06-05T00:00:00,GHCND:US1MOCE0017,20
960,",,N,",SNOW,2017-06-05T00:00:00,GHCND:US1MOCE0017,0
961,",,N,",SNWD,2017-06-05T00:00:00,GHCND:US1MOCE0017,0
962,",,N,",WESD,2017-06-05T00:00:00,GHCND:US1MOCE0017,0
963,",,N,",WESF,2017-06-05T00:00:00,GHCND:US1MOCE0017,0
964,",,N,",PRCP,2017-06-05T00:00:00,GHCND:US1MOCW0009,79
965,",,N,",PRCP,2017-06-05T00:00:00,GHCND:US1MOCW0012,33
966,",,N,",PRCP,2017-06-05T00:00:00,GHCND:US1MOCW0017,277
967,",,N,",PRCP,2017-06-05T00:00:00,GHCND:US1MOFSA051,155
968,",,7,0700",PRCP,2017-06-05T00:00:00,GHCND:USC00234271,147
969,",,7,",SNOW,2017-06-05T00:00:00,GHCND:USC00234271,0
970,",,7,",SNWD,2017-06-05T00:00:00,GHCND:USC00234271,0
971,",,7,0700",TMAX,2017-06-05T00:00:00,GHCND:USC00234271,294
972,",,7,0700",TMIN,2017-06-05T00:00:00,GHCND:USC00234271,189
973,",,7,0700",TOBS,2017-06-05T00:00:00,GHCND:USC00234271,194
974,",,7,",WT01,2017-06-05T00:00:00,GHCND:USC00234271,1
975,",,W,",AWND,2017-06-05T00:00:00,GHCND:USW00003963,15
976,"T,,W,",PRCP,2017-06-05T00:00:00,GHCND:USW00003963,0
977,",,W,",SNOW,2017-06-05T00:00:00,GHCND:USW00003963,0
978,",,W,",SNWD,2017-06-05T00:00:00,GHCND:USW00003963,0
979,",,W,",TMAX,2017-06-05T00:00:00,GHCND:USW00003963,333
980,",,W,",TMIN,2017-06-05T00:00:00,GHCND:USW00003963,206
981,",,W,",WDF2,2017-06-05T00:00:00,GHCND:USW00003963,270
982,",,W,",WDF5,2017-06-05T00:00:00,GHCND:USW00003963,270
983,",,W,",WSF2,2017-06-05T00:00:00,GHCND:USW00003963,116
984,",,W,",WSF5,2017-06-05T00:00:00,GHCND:USW00003963,161
985,",,W,",WT01,2017-06-05T00:00:00,GHCND:USW00003963,1
986,",,W,",WT02,2017-06-05T00:00:00,GHCND:USW00003963,1
987,",,W,",WT03,2017-06-05T00:00:00,GHCND:USW00003963,1
988,",,N,",PRCP,2017-06-06T00:00:00,GHCND:US1MOBN0007,0
989,",,N,",SNOW,2017-06-06T00:00:00,GHCND:US1MOBN0007,0
990,",,N,",PRCP,2017-06-06T00:00:00,GHCND:US1MOBN0032,0
991,",,N,",SNOW,2017-06-06T00:00:00,GHCND:US1MOBN0032,0
992,",,N,",PRCP,2017-06-06T00:00:00,GHCND:US1MOCE0009,3
993,",,N,",PRCP,2017-06-06T00:00:00,GHCND:US1MOCE0017,0
994,",,N,",SNOW,2017-06-06T00:00:00,GHCND:US1MOCE0017,0
995,",,N,",SNWD,2017-06-06T00:00:00,GHCND:US1MOCE0017,0
996,",,N,",WESD,2017-06-06T00:00:00,GHCND:US1MOCE0017,0
997,",,N,",WESF,2017-06-06T00:00:00,GHCND:US1MOCE0017,0
998,",,N,",PRCP,2017-06-06T00:00:00,GHCND:US1MOCW0009,0
999,",,N,",SNOW,2017-06-06T00:00:00,GHCND:US1MOCW0009,0
0,",,N,",PRCP,2017-06-06T00:00:00,GHCND:US1MOCW0012,0
1,",,N,",PRCP,2017-06-06T00:00:00,GHCND:US1MOFSA051,5
2,",,7,0700",PRCP,2017-06-06T00:00:00,GHCND:USC00234271,28
3,",,7,",SNOW,2017-06-06T00:00:00,GHCND:USC00234271,0
4,",,7,",SNWD,2017-06-06T00:00:00,GHCND:USC00234271,0
5,",,7,0700",TMAX,2017-06-06T00:00:00,GHCND:USC00234271,311
6,",,7,0700",TMIN,2017-06-06T00:00:00,GHCND:USC00234271,172
7,",,7,0700",TOBS,2017-06-06T00:00:00,GHCND:USC00234271,178
8,",,W,",AWND,2017-06-06T00:00:00,GHCND:USW00003963,35
9,",,W,",PRCP,2017-06-06T00:00:00,GHCND:USW00003963,0
10,",,W,",SNOW,2017-06-06T00:00:00,GHCND:USW00003963,0
11,",,W,",SNWD,2017-06-06T00:00:00,GHCND:USW00003963,0
12,",,W,",TMAX,2017-06-06T00:00:00,GHCND:USW00003963,294
13,",,W,",TMIN,2017-06-06T00:00:00,GHCND:USW00003963,194
14,",,W,",WDF2,2017-06-06T00:00:00,GHCND:USW00003963,40
15,",,W,",WDF5,2017-06-06T00:00:00,GHCND:USW00003963,70
16,",,W,",WSF2,2017-06-06T00:00:00,GHCND:USW00003963,54
17,",,W,",WSF5,2017-06-06T00:00:00,GHCND:USW00003963,103
18,",,N,",PRCP,2017-06-07T00:00:00,GHCND:US1MOBN0007,0
19,",,N,",SNOW,2017-06-07T00:00:00,GHCND:US1MOBN0007,0
20,",,N,",PRCP,2017-06-07T00:00:00,GHCND:US1MOBN0032,0
21,",,N,",SNOW,2017-06-07T00:00:00,GHCND:US1MOBN0032,0
22,",,N,",PRCP,2017-06-07T00:00:00,GHCND:US1MOCE0007,0
23,",,N,",SNOW,2017-06-07T00:00:00,GHCND:US1MOCE0007,0
24,",,N,",PRCP,2017-06-07T00:00:00,GHCND:US1MOCE0009,0
25,",,N,",SNOW,2017-06-07T00:00:00,GHCND:US1MOCE0009,0
26,",,N,",PRCP,2017-06-07T00:00:00,GHCND:US1MOCE0017,0
27,",,N,",SNOW,2017-06-07T00:00:00,GHCND:US1MOCE0017,0
28,",,N,",SNWD,2017-06-07T00:00:00,GHCND:US1MOCE0017,0
29,",,N,",WESD,2017-06-07T00:00:00,GHCND:US1MOCE0017,0
30,",,N,",WESF,2017-06-07T00:00:00,GHCND:US1MOCE0017,0
31,",,N,",PRCP,2017-06-07T00:00:00,GHCND:US1MOCW0009,0
32,",,N,",SNOW,2017-06-07T00:00:00,GHCND:US1MOCW0009,0
33,",,N,",PRCP,2017-06-07T00:00:00,GHCND:US1MOCW0012,0
34,",,N,",PRCP,2017-06-07T00:00:00,GHCND:US1MOFSA051,0
35,",,N,",SNOW,2017-06-07T00:00:00,GHCND:US1MOFSA051,0
36,",,7,0700",PRCP,2017-06-07T00:00:00,GHCND:USC00234271,0
37,",,7,",SNOW,2017-06-07T00:00:00,GHCND:USC00234271,0
38,",,7,",SNWD,2017-06-07T00:00:00,GHCND:USC00234271,0
39,",,7,0700",TMAX,2017-06-07T00:00:00,GHCND:USC00234271,261
40,",,7,0700",TMIN,2017-06-07T00:00:00,GHCND:USC00234271,139
41,",,7,0700",TOBS,2017-06-07T00:00:00,GHCND:USC00234271,156
42,",,W,",AWND,2017-06-07T00:00:00,GHCND:USW00003963,27
43,",,W,",PRCP,2017-06-07T00:00:00,GHCND:USW00003963,0
44,",,W,",SNOW,2017-06-07T00:00:00,GHCND:USW00003963,0
45,",,W,",SNWD,2017-06-07T00:00:00,GHCND:USW00003963,0
46,",,W,",TMAX,2017-06-07T00:00:00,GHCND:USW00003963,283
47,",,W,",TMIN,2017-06-07T00:00:00,GHCND:USW00003963,139
48,",,W,",WDF2,2017-06-07T00:00:00,GHCND:USW00003963,350
49,",,W,",WDF5,2017-06-07T00:00:00,GHCND:USW00003963,360
50,",,W,",WSF2,2017-06-07T00:00:00,GHCND:USW00003963,72
51,",,W,",WSF5,2017-06-07T00:00:00,GHCND:USW00003963,98
52,",,N,",PRCP,2017-06-08T00:00:00,GHCND:US1MOBN0007,0
53,",,N,",SNOW,2017-06-08T00:00:00,GHCND:US1MOBN0007,0
54,",,N,",PRCP,2017-06-08T00:00:00,GHCND:US1MOBN0032,0
55,",,N,",SNOW,2017-06-08T00:00:00,GHCND:US1MOBN0032,0
56,",,N,",PRCP,2017-06-08T00:00:00,GHCND:US1MOCE0007,0
57,",,N,",SNOW,2017-06-08T00:00:00,GHCND:US1MOCE0007,0
58,",,N,",PRCP,2017-06-08T00:00:00,GHCND:US1MOCE0009,0
59,",,N,",SNOW,2017-06-08T00:00:00,GHCND:US1MOCE0009,0
60,",,N,",PRCP,2017-06-08T00:00:00,GHCND:US1MOCE0017,0
61,",,N,",SNOW,2017-06-08T00:00:00,GHCND:US1MOCE0017,0
62,",,N,",SNWD,2017-06-08T00:00:00,GHCND:US1MOCE0017,0
63,",,N,",WESD,2017-06-08T00:00:00,GHCND:US1MOCE0017,0
64,",,N,",WESF,2017-06-08T00:00:00,GHCND:US1MOCE0017,0
65,",,N,",PRCP,2017-06-08T00:00:00,GHCND:US1MOCW0009,0
66,",,N,",SNOW,2017-06-08T00:00:00,GHCND:US1MOCW0009,0
67,",,N,",PRCP,2017-06-08T00:00:00,GHCND:US1MOCW0012,0
68,",,N,",PRCP,2017-06-08T00:00:00,GHCND:US1MOFSA051,0
69,",,N,",SNOW,2017-06-08T00:00:00,GHCND:US1MOFSA051,0
70,",,7,0700",PRCP,2017-06-08T00:00:00,GHCND:USC00234271,0
71,",,7,",SNOW,2017-06-08T00:00:00,GHCND:USC00234271,0
72,",,7,",SNWD,2017-06-08T00:00:00,GHCND:USC00234271,0
73,",,7,0700",TMAX,2017-06-08T00:00:00,GHCND:USC00234271,261
74,",,7,0700",TMIN,2017-06-08T00:00:00,GHCND:USC00234271,122
75,",,7,0700",TOBS,2017-06-08T00:00:00,GHCND:USC00234271,161
76,",,W,",AWND,2017-06-08T00:00:00,GHCND:USW00003963,14
77,",,W,",PRCP,2017-06-08T00:00:00,GHCND:USW00003963,0
78,",,W,",SNOW,2017-06-08T00:00:00,GHCND:USW00003963,0
79,",,W,",SNWD,2017-06-08T00:00:00,GHCND:USW00003963,0
80,",,W,",TMAX,2017-06-08T00:00:00,GHCND:USW00003963,289
81,",,W,",TMIN,2017-06-08T00:00:00,GHCND:USW00003963,122
82,",,W,",WDF2,2017-06-08T00:00:00,GHCND:USW00003963,250
83,",,W,",WDF5,2017-06-08T00:00:00,GHCND:USW00003963,120
84,",,W,",WSF2,2017-06-08T00:00:00,GHCND:USW00003963,40
85,",,W,",WSF5,2017-06-08T00:00:00,GHCND:USW00003963,63
86,",,N,",PRCP,2017-06-09T00:00:00,GHCND:US1MOBN0007,0
87,",,N,",SNOW,2017-06-09T00:00:00,GHCND:US1MOBN0007,0
88,",,N,",PRCP,2017-06-09T00:00:00,GHCND:US1MOBN0032,0
89,",,N,",SNOW,2017-06-09T00:00:00,GHCND:US1MOBN0032,0
90,",,N,",PRCP,2017-06-09T00:00:00,GHCND:US1MOCE0007,0
91,",,N,",SNOW,2017-06-09T00:00:00,GHCND:US1MOCE0007,0
92,",,N,",PRCP,2017-06-09T00:00:00,GHCND:US1MOCE0009,0
93,",,N,",SNOW,2017-06-09T00:00:00,GHCND:US1MOCE0009,0
94,",,N,",PRCP,2017-06-09T00:00:00,GHCND:US1MOCE0017,0
95,",,N,",SNOW,2017-06-09T00:00:00,GHCND:US1MOCE0017,0
96,",,N,",SNWD,2017-06-09T00:00:00,GHCND:US1MOCE0017,0
97,",,N,",WESD,2017-06-09T00:00:00,GHCND:US1MOCE0017,0
98,",,N,",WESF,2017-06-09T00:00:00,GHCND:US1MOCE0017,0
99,",,N,",PRCP,2017-06-09T00:00:00,GHCND:US1MOCW0009,0
100,",,N,",SNOW,2017-06-09T00:00:00,GHCND:US1MOCW0009,0
101,",,N,",PRCP,2017-06-09T00:00:00,GHCND:US1MOCW0012,0
102,",,N,",PRCP,2017-06-09T00:00:00,GHCND:US1MOFSA051,0
103,",,N,",SNOW,2017-06-09T00:00:00,GHCND:US1MOFSA051,0
104,",,7,0700",PRCP,2017-06-09T00:00:00,GHCND:USC00234271,0
105,",,7,",SNOW,2017-06-09T00:00:00,GHCND:USC00234271,0
106,",,7,",SNWD,2017-06-09T00:00:00,GHCND:USC00234271,0
107,",,7,0700",TMAX,2017-06-09T00:00:00,GHCND:USC00234271,272
108,",,7,0700",TMIN,2017-06-09T00:00:00,GHCND:USC00234271,144
109,",,7,0700",TOBS,2017-06-09T00:00:00,GHCND:USC00234271,178
110,",,W,",AWND,2017-06-09T00:00:00,GHCND:USW00003963,26
111,",,W,",PRCP,2017-06-09T00:00:00,GHCND:USW00003963,0
112,",,W,",SNOW,2017-06-09T00:00:00,GHCND:USW00003963,0
113,",,W,",SNWD,2017-06-09T00:00:00,GHCND:USW00003963,0
114,",,W,",TMAX,2017-06-09T00:00:00,GHCND:USW00003963,300
115,",,W,",TMIN,2017-06-09T00:00:00,GHCND:USW00003963,150
116,",,W,",WDF2,2017-06-09T00:00:00,GHCND:USW00003963,230
117,",,W,",WDF5,2017-06-09T00:00:00,GHCND:USW00003963,220
118,",,W,",WSF2,2017-06-09T00:00:00,GHCND:USW00003963,63
119,",,W,",WSF5,2017-06-09T00:00:00,GHCND:USW00003963,81
120,",,N,",PRCP,2017-06-10T00:00:00,GHCND:US1MOBN0007,0
121,",,N,",SNOW,2017-06-10T00:00:00,GHCND:US1MOBN0007,0
122,",,N,",PRCP,2017-06-10T00:00:00,GHCND:US1MOBN0032,0
123,",,N,",SNOW,2017-06-10T00:00:00,GHCND:US1MOBN0032,0
124,",,N,",PRCP,2017-06-10T00:00:00,GHCND:US1MOCE0007,0
125,",,N,",SNOW,2017-06-10T00:00:00,GHCND:US1MOCE0007,0
126,",,N,",PRCP,2017-06-10T00:00:00,GHCND:US1MOCE0009,0
127,",,N,",SNOW,2017-06-10T00:00:00,GHCND:US1MOCE0009,0
128,",,N,",PRCP,2017-06-10T00:00:00,GHCND:US1MOCE0017,0
129,",,N,",PRCP,2017-06-10T00:00:00,GHCND:US1MOCW0009,0
130,",,N,",SNOW,2017-06-10T00:00:00,GHCND:US1MOCW0009,0
131,",,N,",PRCP,2017-06-10T00:00:00,GHCND:US1MOCW0012,0
132,",,N,",PRCP,2017-06-10T00:00:00,GHCND:US1MOFSA051,0
133,",,N,",SNOW,2017-06-10T00:00:00,GHCND:US1MOFSA051,0
134,",,7,0700",PRCP,2017-06-10T00:00:00,GHCND:USC00234271,0
135,",,7,",SNOW,2017-06-10T00:00:00,GHCND:USC00234271,0
136,",,7,",SNWD,2017-06-10T00:00:00,GHCND:USC00234271,0
137,",,7,0700",TMAX,2017-06-10T00:00:00,GHCND:USC00234271,283
138,",,7,0700",TMIN,2017-06-10T00:00:00,GHCND:USC00234271,178
139,",,7,0700",TOBS,2017-06-10T00:00:00,GHCND:USC00234271,183
140,",,W,",AWND,2017-06-10T00:00:00,GHCND:USW00003963,43
141,",,W,",PRCP,2017-06-10T00:00:00,GHCND:USW00003963,0
142,",,W,",SNOW,2017-06-10T00:00:00,GHCND:USW00003963,0
143,",,W,",SNWD,2017-06-10T00:00:00,GHCND:USW00003963,0
144,",,W,",TMAX,2017-06-10T00:00:00,GHCND:USW00003963,317
145,",,W,",TMIN,2017-06-10T00:00:00,GHCND:USW00003963,194
146,",,W,",WDF2,2017-06-10T00:00:00,GHCND:USW00003963,180
147,",,W,",WDF5,2017-06-10T00:00:00,GHCND:USW00003963,190
148,",,W,",WSF2,2017-06-10T00:00:00,GHCND:USW00003963,98
149,",,W,",WSF5,2017-06-10T00:00:00,GHCND:USW00003963,125
150,",,N,",PRCP,2017-06-11T00:00:00,GHCND:US1MOBN0007,0
151,",,N,",SNOW,2017-06-11T00:00:00,GHCND:US1MOBN0007,0
152,",,N,",PRCP,2017-06-11T00:00:00,GHCND:US1MOBN0032,0
153,",,N,",SNOW,2017-06-11T00:00:00,GHCND:US1MOBN0032,0
154,",,N,",PRCP,2017-06-11T00:00:00,GHCND:US1MOCE0007,0
155,",,N,",SNOW,2017-06-11T00:00:00,GHCND:US1MOCE0007,0
156,",,N,",PRCP,2017-06-11T00:00:00,GHCND:US1MOCE0009,0
157,",,N,",SNOW,2017-06-11T00:00:00,GHCND:US1MOCE0009,0
158,",,N,",PRCP,2017-06-11T00:00:00,GHCND:US1MOCE0017,0
159,",,N,",SNOW,2017-06-11T00:00:00,GHCND:US1MOCE0017,0
160,",,N,",SNWD,2017-06-11T00:00:00,GHCND:US1MOCE0017,0
161,",,N,",WESD,2017-06-11T00:00:00,GHCND:US1MOCE0017,0
162,",,N,",WESF,2017-06-11T00:00:00,GHCND:US1MOCE0017,0
163,",,N,",PRCP,2017-06-11T00:00:00,GHCND:US1MOCW0009,0
164,",,N,",SNOW,2017-06-11T00:00:00,GHCND:US1MOCW0009,0
165,",,N,",PRCP,2017-06-11T00:00:00,GHCND:US1MOCW0012,0
166,",,N,",PRCP,2017-06-11T00:00:00,GHCND:US1MOFSA051,0
167,",,N,",SNOW,2017-06-11T00:00:00,GHCND:US1MOFSA051,0
168,",,7,0700",PRCP,2017-06-11T00:00:00,GHCND:USC00234271,0
169,",,7,",SNOW,2017-06-11T00:00:00,GHCND:USC00234271,0
170,",,7,",SNWD,2017-06-11T00:00:00,GHCND:USC00234271,0
171,",,7,0700",TMAX,2017-06-11T00:00:00,GHCND:USC00234271,294
172,",,7,0700",TMIN,2017-06-11T00:00:00,GHCND:USC00234271,183
173,",,7,0700",TOBS,2017-06-11T00:00:00,GHCND:USC00234271,206
174,",,W,",AWND,2017-06-11T00:00:00,GHCND:USW00003963,43
175,",,W,",PRCP,2017-06-11T00:00:00,GHCND:USW00003963,0
176,",,W,",SNOW,2017-06-11T00:00:00,GHCND:USW00003963,0
177,",,W,",SNWD,2017-06-11T00:00:00,GHCND:USW00003963,0
178,",,W,",TMAX,2017-06-11T00:00:00,GHCND:USW00003963,328
179,",,W,",TMIN,2017-06-11T00:00:00,GHCND:USW00003963,211
180,",,W,",WDF2,2017-06-11T00:00:00,GHCND:USW00003963,180
181,",,W,",WDF5,2017-06-11T00:00:00,GHCND:USW00003963,190
182,",,W,",WSF2,2017-06-11T00:00:00,GHCND:USW00003963,98
183,",,W,",WSF5,2017-06-11T00:00:00,GHCND:USW00003963,130
184,",,N,",PRCP,2017-06-12T00:00:00,GHCND:US1MOBN0007,0
185,",,N,",SNOW,2017-06-12T00:00:00,GHCND:US1MOBN0007,0
186,",,N,",PRCP,2017-06-12T00:00:00,GHCND:US1MOBN0032,0
187,",,N,",SNOW,2017-06-12T00:00:00,GHCND:US1MOBN0032,0
188,",,N,",PRCP,2017-06-12T00:00:00,GHCND:US1MOCE0007,0
189,",,N,",SNOW,2017-06-12T00:00:00,GHCND:US1MOCE0007,0
190,",,N,",PRCP,2017-06-12T00:00:00,GHCND:US1MOCE0009,0
191,",,N,",SNOW,2017-06-12T00:00:00,GHCND:US1MOCE0009,0
192,",,N,",PRCP,2017-06-12T00:00:00,GHCND:US1MOCE0017,0
193,",,N,",SNOW,2017-06-12T00:00:00,GHCND:US1MOCE0017,0
194,",,N,",SNWD,2017-06-12T00:00:00,GHCND:US1MOCE0017,0
195,",,N,",WESD,2017-06-12T00:00:00,GHCND:US1MOCE0017,0
196,",,N,",WESF,2017-06-12T00:00:00,GHCND:US1MOCE0017,0
197,",,N,",PRCP,2017-06-12T00:00:00,GHCND:US1MOCW0009,0
198,",,N,",SNOW,2017-06-12T00:00:00,GHCND:US1MOCW0009,0
199,",,N,",PRCP,2017-06-12T00:00:00,GHCND:US1MOCW0012,0
200,",,N,",PRCP,2017-06-12T00:00:00,GHCND:US1MOFSA051,0
201,",,N,",SNOW,2017-06-12T00:00:00,GHCND:US1MOFSA051,0
202,",,7,0700",PRCP,2017-06-12T00:00:00,GHCND:USC00234271,0
203,",,7,",SNOW,2017-06-12T00:00:00,GHCND:USC00234271,0
204,",,7,",SNWD,2017-06-12T00:00:00,GHCND:USC00234271,0
205,",,7,0700",TMAX,2017-06-12T00:00:00,GHCND:USC00234271,311
206,",,7,0700",TMIN,2017-06-12T00:00:00,GHCND:USC00234271,206
207,",,7,0700",TOBS,2017-06-12T00:00:00,GHCND:USC00234271,217
208,",,W,",AWND,2017-06-12T00:00:00,GHCND:USW00003963,37
209,",,W,",PRCP,2017-06-12T00:00:00,GHCND:USW00003963,0
210,",,W,",SNOW,2017-06-12T00:00:00,GHCND:USW00003963,0
211,",,W,",SNWD,2017-06-12T00:00:00,GHCND:USW00003963,0
212,",,W,",TMAX,2017-06-12T00:00:00,GHCND:USW00003963,344
213,",,W,",TMIN,2017-06-12T00:00:00,GHCND:USW00003963,206
214,",,W,",WDF2,2017-06-12T00:00:00,GHCND:USW00003963,170
215,",,W,",WDF5,2017-06-12T00:00:00,GHCND:USW00003963,160
216,",,W,",WSF2,2017-06-12T00:00:00,GHCND:USW00003963,76
217,",,W,",WSF5,2017-06-12T00:00:00,GHCND:USW00003963,103
218,",,N,",PRCP,2017-06-13T00:00:00,GHCND:US1MOBN0007,0
219,",,N,",SNOW,2017-06-13T00:00:00,GHCND:US1MOBN0007,0
220,",,N,",PRCP,2017-06-13T00:00:00,GHCND:US1MOBN0032,0
221,",,N,",SNOW,2017-06-13T00:00:00,GHCND:US1MOBN0032,0
222,",,N,",PRCP,2017-06-13T00:00:00,GHCND:US1MOCE0007,0
223,",,N,",SNOW,2017-06-13T00:00:00,GHCND:US1MOCE0007,0
224,",,N,",PRCP,2017-06-13T00:00:00,GHCND:US1MOCE0009,0
225,",,N,",SNOW,2017-06-13T00:00:00,GHCND:US1MOCE0009,0
226,",,N,",PRCP,2017-06-13T00:00:00,GHCND:US1MOCE0017,0
227,",,N,",SNOW,2017-06-13T00:00:00,GHCND:US1MOCE0017,0
228,",,N,",SNWD,2017-06-13T00:00:00,GHCND:US1MOCE0017,0
229,",,N,",WESD,2017-06-13T00:00:00,GHCND:US1MOCE0017,0
230,",,N,",WESF,2017-06-13T00:00:00,GHCND:US1MOCE0017,0
231,",,N,",PRCP,2017-06-13T00:00:00,GHCND:US1MOCW0009,0
232,",,N,",SNOW,2017-06-13T00:00:00,GHCND:US1MOCW0009,0
233,",,N,",PRCP,2017-06-13T00:00:00,GHCND:US1MOCW0012,0
234,",,N,",PRCP,2017-06-13T00:00:00,GHCND:US1MOFSA051,0
235,",,N,",SNOW,2017-06-13T00:00:00,GHCND:US1MOFSA051,0
236,",,7,0700",PRCP,2017-06-13T00:00:00,GHCND:USC00234271,0
237,",,7,",SNOW,2017-06-13T00:00:00,GHCND:USC00234271,0
238,",,7,",SNWD,2017-06-13T00:00:00,GHCND:USC00234271,0
239,",,7,0700",TMAX,2017-06-13T00:00:00,GHCND:USC00234271,333
240,",,7,0700",TMIN,2017-06-13T00:00:00,GHCND:USC00234271,217
241,",,7,0700",TOBS,2017-06-13T00:00:00,GHCND:USC00234271,228
242,",,W,",AWND,2017-06-13T00:00:00,GHCND:USW00003963,42
243,",,W,",PRCP,2017-06-13T00:00:00,GHCND:USW00003963,0
244,",,W,",SNOW,2017-06-13T00:00:00,GHCND:USW00003963,0
245,",,W,",SNWD,2017-06-13T00:00:00,GHCND:USW00003963,0
246,",,W,",TMAX,2017-06-13T00:00:00,GHCND:USW00003963,344
247,",,W,",TMIN,2017-06-13T00:00:00,GHCND:USW00003963,250
248,",,W,",WDF2,2017-06-13T00:00:00,GHCND:USW00003963,170
249,",,W,",WDF5,2017-06-13T00:00:00,GHCND:USW00003963,170
250,",,W,",WSF2,2017-06-13T00:00:00,GHCND:USW00003963,94
251,",,W,",WSF5,2017-06-13T00:00:00,GHCND:USW00003963,121
252,",,N,",PRCP,2017-06-14T00:00:00,GHCND:US1MOBN0007,0
253,",,N,",SNOW,2017-06-14T00:00:00,GHCND:US1MOBN0007,0
254,",,N,",PRCP,2017-06-14T00:00:00,GHCND:US1MOBN0032,0
255,",,N,",SNOW,2017-06-14T00:00:00,GHCND:US1MOBN0032,0
256,",,N,",PRCP,2017-06-14T00:00:00,GHCND:US1MOCE0007,0
257,",,N,",SNOW,2017-06-14T00:00:00,GHCND:US1MOCE0007,0
258,",,N,",PRCP,2017-06-14T00:00:00,GHCND:US1MOCE0009,0
259,",,N,",SNOW,2017-06-14T00:00:00,GHCND:US1MOCE0009,0
260,",,N,",PRCP,2017-06-14T00:00:00,GHCND:US1MOCE0017,0
261,",,N,",SNOW,2017-06-14T00:00:00,GHCND:US1MOCE0017,0
262,",,N,",SNWD,2017-06-14T00:00:00,GHCND:US1MOCE0017,0
263,",,N,",WESD,2017-06-14T00:00:00,GHCND:US1MOCE0017,0
264,",,N,",WESF,2017-06-14T00:00:00,GHCND:US1MOCE0017,0
265,",,N,",PRCP,2017-06-14T00:00:00,GHCND:US1MOCW0012,0
266,",,N,",PRCP,2017-06-14T00:00:00,GHCND:US1MOFSA051,0
267,",,N,",SNOW,2017-06-14T00:00:00,GHCND:US1MOFSA051,0
268,",,7,0700",PRCP,2017-06-14T00:00:00,GHCND:USC00234271,0
269,",,7,",SNOW,2017-06-14T00:00:00,GHCND:USC00234271,0
270,",,7,",SNWD,2017-06-14T00:00:00,GHCND:USC00234271,0
271,",,7,0700",TMAX,2017-06-14T00:00:00,GHCND:USC00234271,322
272,",,7,0700",TMIN,2017-06-14T00:00:00,GHCND:USC00234271,228
273,",,7,0700",TOBS,2017-06-14T00:00:00,GHCND:USC00234271,244
274,",,W,",AWND,2017-06-14T00:00:00,GHCND:USW00003963,39
275,"T,,W,",PRCP,2017-06-14T00:00:00,GHCND:USW00003963,0
276,",,W,",SNOW,2017-06-14T00:00:00,GHCND:USW00003963,0
277,",,W,",SNWD,2017-06-14T00:00:00,GHCND:USW00003963,0
278,",,W,",TMAX,2017-06-14T00:00:00,GHCND:USW00003963,339
279,",,W,",TMIN,2017-06-14T00:00:00,GHCND:USW00003963,256
280,",,W,",WDF2,2017-06-14T00:00:00,GHCND:USW00003963,210
281,",,W,",WDF5,2017-06-14T00:00:00,GHCND:USW00003963,200
282,",,W,",WSF2,2017-06-14T00:00:00,GHCND:USW00003963,89
283,",,W,",WSF5,2017-06-14T00:00:00,GHCND:USW00003963,116
284,",,W,",WT03,2017-06-14T00:00:00,GHCND:USW00003963,1
285,",,N,",PRCP,2017-06-15T00:00:00,GHCND:US1MOBN0007,432
286,",,N,",PRCP,2017-06-15T00:00:00,GHCND:US1MOBN0032,282
287,",,N,",PRCP,2017-06-15T00:00:00,GHCND:US1MOCE0007,196
288,",,N,",PRCP,2017-06-15T00:00:00,GHCND:US1MOCE0009,254
289,",,N,",PRCP,2017-06-15T00:00:00,GHCND:US1MOCE0017,191
290,",,N,",SNOW,2017-06-15T00:00:00,GHCND:US1MOCE0017,0
291,",,N,",SNWD,2017-06-15T00:00:00,GHCND:US1MOCE0017,0
292,",,N,",WESD,2017-06-15T00:00:00,GHCND:US1MOCE0017,0
293,",,N,",WESF,2017-06-15T00:00:00,GHCND:US1MOCE0017,0
294,",,N,",PRCP,2017-06-15T00:00:00,GHCND:US1MOCW0012,295
295,",,N,",PRCP,2017-06-15T00:00:00,GHCND:US1MOCW0017,241
296,",,N,",PRCP,2017-06-15T00:00:00,GHCND:US1MOFSA051,305
297,",,7,0700",PRCP,2017-06-15T00:00:00,GHCND:USC00234271,183
298,",,7,",SNOW,2017-06-15T00:00:00,GHCND:USC00234271,0
299,",,7,",SNWD,2017-06-15T00:00:00,GHCND:USC00234271,0
300,",,7,0700",TMAX,2017-06-15T00:00:00,GHCND:USC00234271,322
301,",,7,0700",TMIN,2017-06-15T00:00:00,GHCND:USC00234271,172
302,",,7,0700",TOBS,2017-06-15T00:00:00,GHCND:USC00234271,178
303,",,7,",WT03,2017-06-15T00:00:00,GHCND:USC00234271,1
304,",,W,",AWND,2017-06-15T00:00:00,GHCND:USW00003963,35
305,",,W,",PRCP,2017-06-15T00:00:00,GHCND:USW00003963,170
306,",,W,",SNOW,2017-06-15T00:00:00,GHCND:USW00003963,0
307,",,W,",SNWD,2017-06-15T00:00:00,GHCND:USW00003963,0
308,",,W,",TMAX,2017-06-15T00:00:00,GHCND:USW00003963,350
309,",,W,",TMIN,2017-06-15T00:00:00,GHCND:USW00003963,189
310,",,W,",WDF2,2017-06-15T00:00:00,GHCND:USW00003963,160
311,",,W,",WDF5,2017-06-15T00:00:00,GHCND:USW00003963,170
312,",,W,",WSF2,2017-06-15T00:00:00,GHCND:USW00003963,143
313,",,W,",WSF5,2017-06-15T00:00:00,GHCND:USW00003963,170
314,",,W,",WT01,2017-06-15T00:00:00,GHCND:USW00003963,1
315,",,W,",WT03,2017-06-15T00:00:00,GHCND:USW00003963,1
316,",,N,",PRCP,2017-06-16T00:00:00,GHCND:US1MOBN0007,0
317,",,N,",SNOW,2017-06-16T00:00:00,GHCND:US1MOBN0007,0
318,",,N,",PRCP,2017-06-16T00:00:00,GHCND:US1MOBN0032,3
319,",,N,",PRCP,2017-06-16T00:00:00,GHCND:US1MOCE0007,0
320,",,N,",SNOW,2017-06-16T00:00:00,GHCND:US1MOCE0007,0
321,",,N,",PRCP,2017-06-16T00:00:00,GHCND:US1MOCE0009,0
322,",,N,",SNOW,2017-06-16T00:00:00,GHCND:US1MOCE0009,0
323,",,N,",PRCP,2017-06-16T00:00:00,GHCND:US1MOCE0017,0
324,",,N,",SNOW,2017-06-16T00:00:00,GHCND:US1MOCE0017,0
325,",,N,",SNWD,2017-06-16T00:00:00,GHCND:US1MOCE0017,0
326,",,N,",WESD,2017-06-16T00:00:00,GHCND:US1MOCE0017,0
327,",,N,",WESF,2017-06-16T00:00:00,GHCND:US1MOCE0017,0
328,",,N,",PRCP,2017-06-16T00:00:00,GHCND:US1MOCW0012,0
329,",,N,",PRCP,2017-06-16T00:00:00,GHCND:US1MOFSA051,0
330,",,N,",SNOW,2017-06-16T00:00:00,GHCND:US1MOFSA051,0
331,",,7,0700",PRCP,2017-06-16T00:00:00,GHCND:USC00234271,0
332,",,7,",SNOW,2017-06-16T00:00:00,GHCND:USC00234271,0
333,",,7,",SNWD,2017-06-16T00:00:00,GHCND:USC00234271,0
334,",,7,0700",TMAX,2017-06-16T00:00:00,GHCND:USC00234271,322
335,",,7,0700",TMIN,2017-06-16T00:00:00,GHCND:USC00234271,178
336,",,7,0700",TOBS,2017-06-16T00:00:00,GHCND:USC00234271,239
337,",,W,",AWND,2017-06-16T00:00:00,GHCND:USW00003963,29
338,",,W,",PRCP,2017-06-16T00:00:00,GHCND:USW00003963,0
339,",,W,",SNOW,2017-06-16T00:00:00,GHCND:USW00003963,0
340,",,W,",SNWD,2017-06-16T00:00:00,GHCND:USW00003963,0
341,",,W,",TMAX,2017-06-16T00:00:00,GHCND:USW00003963,339
342,",,W,",TMIN,2017-06-16T00:00:00,GHCND:USW00003963,239
343,",,W,",WDF2,2017-06-16T00:00:00,GHCND:USW00003963,160
344,",,W,",WDF5,2017-06-16T00:00:00,GHCND:USW00003963,170
345,",,W,",WSF2,2017-06-16T00:00:00,GHCND:USW00003963,63
346,",,W,",WSF5,2017-06-16T00:00:00,GHCND:USW00003963,85
347,",,N,",PRCP,2017-06-17T00:00:00,GHCND:US1MOBN0007,56
348,",,N,",PRCP,2017-06-17T00:00:00,GHCND:US1MOBN0032,94
349,",,N,",PRCP,2017-06-17T00:00:00,GHCND:US1MOCE0007,71
350,",,N,",PRCP,2017-06-17T00:00:00,GHCND:US1MOCE0009,51
351,",,N,",PRCP,2017-06-17T00:00:00,GHCND:US1MOCE0017,81
352,",,N,",SNOW,2017-06-17T00:00:00,GHCND:US1MOCE0017,0
353,",,N,",SNWD,2017-06-17T00:00:00,GHCND:US1MOCE0017,0
354,",,N,",WESD,2017-06-17T00:00:00,GHCND:US1MOCE0017,0
355,",,N,",WESF,2017-06-17T00:00:00,GHCND:US1MOCE0017,0
356,",,N,",PRCP,2017-06-17T00:00:00,GHCND:US1MOCW0012,53
357,",,N,",PRCP,2017-06-17T00:00:00,GHCND:US1MOFSA051,41
358,",,7,0700",PRCP,2017-06-17T00:00:00,GHCND:USC00234271,53
359,",,7,",SNOW,2017-06-17T00:00:00,GHCND:USC00234271,0
360,",,7,",SNWD,2017-06-17T00:00:00,GHCND:USC00234271,0
361,",,7,0700",TMAX,2017-06-17T00:00:00,GHCND:USC00234271,317
362,",,7,0700",TMIN,2017-06-17T00:00:00,GHCND:USC00234271,194
363,",,7,0700",TOBS,2017-06-17T00:00:00,GHCND:USC00234271,194
364,",,7,",WT03,2017-06-17T00:00:00,GHCND:USC00234271,1
365,",,W,",AWND,2017-06-17T00:00:00,GHCND:USW00003963,40
366,",,W,",PRCP,2017-06-17T00:00:00,GHCND:USW00003963,226
367,",,W,",SNOW,2017-06-17T00:00:00,GHCND:USW00003963,0
368,",,W,",SNWD,2017-06-17T00:00:00,GHCND:USW00003963,0
369,",,W,",TMAX,2017-06-17T00:00:00,GHCND:USW00003963,328
370,",,W,",TMIN,2017-06-17T00:00:00,GHCND:USW00003963,217
371,",,W,",WDF2,2017-06-17T00:00:00,GHCND:USW00003963,280
372,",,W,",WDF5,2017-06-17T00:00:00,GHCND:USW00003963,290
373,",,W,",WSF2,2017-06-17T00:00:00,GHCND:USW00003963,161
374,",,W,",WSF5,2017-06-17T00:00:00,GHCND:USW00003963,219
375,",,W,",WT01,2017-06-17T00:00:00,GHCND:USW00003963,1
376,",,W,",WT03,2017-06-17T00:00:00,GHCND:USW00003963,1
377,",,N,",PRCP,2017-06-18T00:00:00,GHCND:US1MOBN0007,231
378,",,N,",PRCP,2017-06-18T00:00:00,GHCND:US1MOBN0032,259
379,",,N,",PRCP,2017-06-18T00:00:00,GHCND:US1MOCE0007,229
380,",,N,",PRCP,2017-06-18T00:00:00,GHCND:US1MOCE0009,325
381,",,N,",PRCP,2017-06-18T00:00:00,GHCND:US1MOCE0017,404
382,",,N,",SNOW,2017-06-18T00:00:00,GHCND:US1MOCE0017,0
383,",,N,",SNWD,2017-06-18T00:00:00,GHCND:US1MOCE0017,0
384,",,N,",WESD,2017-06-18T00:00:00,GHCND:US1MOCE0017,0
385,",,N,",WESF,2017-06-18T00:00:00,GHCND:US1MOCE0017,0
386,",,N,",PRCP,2017-06-18T00:00:00,GHCND:US1MOCW0012,241
387,",,N,",PRCP,2017-06-18T00:00:00,GHCND:US1MOCW0017,216
388,",,N,",PRCP,2017-06-18T00:00:00,GHCND:US1MOFSA051,419
389,",,7,0700",PRCP,2017-06-18T00:00:00,GHCND:USC00234271,318
390,",,7,",SNOW,2017-06-18T00:00:00,GHCND:USC00234271,0
391,",,7,",SNWD,2017-06-18T00:00:00,GHCND:USC00234271,0
392,",,7,0700",TMAX,2017-06-18T00:00:00,GHCND:USC00234271,306
393,",,7,0700",TMIN,2017-06-18T00:00:00,GHCND:USC00234271,194
394,",,7,0700",TOBS,2017-06-18T00:00:00,GHCND:USC00234271,200
395,",,7,",WT03,2017-06-18T00:00:00,GHCND:USC00234271,1
396,",,W,",AWND,2017-06-18T00:00:00,GHCND:USW00003963,28
397,",,W,",PRCP,2017-06-18T00:00:00,GHCND:USW00003963,135
398,",,W,",SNOW,2017-06-18T00:00:00,GHCND:USW00003963,0
399,",,W,",SNWD,2017-06-18T00:00:00,GHCND:USW00003963,0
400,",,W,",TMAX,2017-06-18T00:00:00,GHCND:USW00003963,283
401,",,W,",TMIN,2017-06-18T00:00:00,GHCND:USW00003963,194
402,",,W,",WDF2,2017-06-18T00:00:00,GHCND:USW00003963,260
403,",,W,",WDF5,2017-06-18T00:00:00,GHCND:USW00003963,300
404,",,W,",WSF2,2017-06-18T00:00:00,GHCND:USW00003963,81
405,",,W,",WSF5,2017-06-18T00:00:00,GHCND:USW00003963,134
406,",,W,",WT01,2017-06-18T00:00:00,GHCND:USW00003963,1
407,",,W,",WT03,2017-06-18T00:00:00,GHCND:USW00003963,1
408,",,N,",PRCP,2017-06-19T00:00:00,GHCND:US1MOBN0007,0
409,",,N,",SNOW,2017-06-19T00:00:00,GHCND:US1MOBN0007,0
410,",,N,",PRCP,2017-06-19T00:00:00,GHCND:US1MOBN0032,0
411,",,N,",SNOW,2017-06-19T00:00:00,GHCND:US1MOBN0032,0
412,",,N,",PRCP,2017-06-19T00:00:00,GHCND:US1MOCE0007,5
413,"T,,N,",PRCP,2017-06-19T00:00:00,GHCND:US1MOCE0009,0
414,",,N,",PRCP,2017-06-19T00:00:00,GHCND:US1MOCE0017,5
415,",,N,",SNOW,2017-06-19T00:00:00,GHCND:US1MOCE0017,0
416,",,N,",SNWD,2017-06-19T00:00:00,GHCND:US1MOCE0017,0
417,",,N,",WESD,2017-06-19T00:00:00,GHCND:US1MOCE0017,0
418,",,N,",WESF,2017-06-19T00:00:00,GHCND:US1MOCE0017,0
419,",,N,",PRCP,2017-06-19T00:00:00,GHCND:US1MOCW0012,0
420,",,N,",PRCP,2017-06-19T00:00:00,GHCND:US1MOFSA051,0
421,",,N,",SNOW,2017-06-19T00:00:00,GHCND:US1MOFSA051,0
422,",,7,0700",PRCP,2017-06-19T00:00:00,GHCND:USC00234271,0
423,",,7,",SNOW,2017-06-19T00:00:00,GHCND:USC00234271,0
424,",,7,",SNWD,2017-06-19T00:00:00,GHCND:USC00234271,0
425,",,7,0700",TMAX,2017-06-19T00:00:00,GHCND:USC00234271,267
426,",,7,0700",TMIN,2017-06-19T00:00:00,GHCND:USC00234271,161
427,",,7,0700",TOBS,2017-06-19T00:00:00,GHCND:USC00234271,183
428,",,W,",AWND,2017-06-19T00:00:00,GHCND:USW00003963,28
429,",,W,",PRCP,2017-06-19T00:00:00,GHCND:USW00003963,0
430,",,W,",SNOW,2017-06-19T00:00:00,GHCND:USW00003963,0
431,",,W,",SNWD,2017-06-19T00:00:00,GHCND:USW00003963,0
432,",,W,",TMAX,2017-06-19T00:00:00,GHCND:USW00003963,294
433,",,W,",TMIN,2017-06-19T00:00:00,GHCND:USW00003963,167
434,",,W,",WDF2,2017-06-19T00:00:00,GHCND:USW00003963,270
435,",,W,",WDF5,2017-06-19T00:00:00,GHCND:USW00003963,260
436,",,W,",WSF2,2017-06-19T00:00:00,GHCND:USW00003963,94
437,",,W,",WSF5,2017-06-19T00:00:00,GHCND:USW00003963,116
438,",,N,",PRCP,2017-06-20T00:00:00,GHCND:US1MOBN0007,0
439,",,N,",SNOW,2017-06-20T00:00:00,GHCND:US1MOBN0007,0
440,",,N,",PRCP,2017-06-20T00:00:00,GHCND:US1MOBN0032,0
441,",,N,",SNOW,2017-06-20T00:00:00,GHCND:US1MOBN0032,0
442,",,N,",PRCP,2017-06-20T00:00:00,GHCND:US1MOCE0007,0
443,",,N,",SNOW,2017-06-20T00:00:00,GHCND:US1MOCE0007,0
444,"T,,N,",PRCP,2017-06-20T00:00:00,GHCND:US1MOCE0009,0
445,",,N,",PRCP,2017-06-20T00:00:00,GHCND:US1MOCE0017,0
446,",,N,",SNOW,2017-06-20T00:00:00,GHCND:US1MOCE0017,0
447,",,N,",SNWD,2017-06-20T00:00:00,GHCND:US1MOCE0017,0
448,",,N,",WESD,2017-06-20T00:00:00,GHCND:US1MOCE0017,0
449,",,N,",WESF,2017-06-20T00:00:00,GHCND:US1MOCE0017,0
450,",,N,",PRCP,2017-06-20T00:00:00,GHCND:US1MOCW0012,0
451,",,N,",PRCP,2017-06-20T00:00:00,GHCND:US1MOFSA051,0
452,",,N,",SNOW,2017-06-20T00:00:00,GHCND:US1MOFSA051,0
453,",,7,0700",PRCP,2017-06-20T00:00:00,GHCND:USC00234271,0
454,",,7,",SNOW,2017-06-20T00:00:00,GHCND:USC00234271,0
455,",,7,",SNWD,2017-06-20T00:00:00,GHCND:USC00234271,0
456,",,7,0700",TMAX,2017-06-20T00:00:00,GHCND:USC00234271,289
457,",,7,0700",TMIN,2017-06-20T00:00:00,GHCND:USC00234271,178
458,",,7,0700",TOBS,2017-06-20T00:00:00,GHCND:USC00234271,200
459,",,W,",AWND,2017-06-20T00:00:00,GHCND:USW00003963,26
460,",,W,",PRCP,2017-06-20T00:00:00,GHCND:USW00003963,0
461,",,W,",SNOW,2017-06-20T00:00:00,GHCND:USW00003963,0
462,",,W,",SNWD,2017-06-20T00:00:00,GHCND:USW00003963,0
463,",,W,",TMAX,2017-06-20T00:00:00,GHCND:USW00003963,322
464,",,W,",TMIN,2017-06-20T00:00:00,GHCND:USW00003963,172
465,",,W,",WDF2,2017-06-20T00:00:00,GHCND:USW00003963,220
466,",,W,",WDF5,2017-06-20T00:00:00,GHCND:USW00003963,230
467,",,W,",WSF2,2017-06-20T00:00:00,GHCND:USW00003963,76
468,",,W,",WSF5,2017-06-20T00:00:00,GHCND:USW00003963,94
469,",,N,",PRCP,2017-06-21T00:00:00,GHCND:US1MOBN0007,0
470,",,N,",SNOW,2017-06-21T00:00:00,GHCND:US1MOBN0007,0
471,",,N,",PRCP,2017-06-21T00:00:00,GHCND:US1MOBN0032,0
472,",,N,",SNOW,2017-06-21T00:00:00,GHCND:US1MOBN0032,0
473,",,N,",PRCP,2017-06-21T00:00:00,GHCND:US1MOCE0007,0
474,",,N,",SNOW,2017-06-21T00:00:00,GHCND:US1MOCE0007,0
475,",,N,",PRCP,2017-06-21T00:00:00,GHCND:US1MOCE0009,0
476,",,N,",SNOW,2017-06-21T00:00:00,GHCND:US1MOCE0009,0
477,",,N,",PRCP,2017-06-21T00:00:00,GHCND:US1MOCE0017,0
478,",,N,",SNOW,2017-06-21T00:00:00,GHCND:US1MOCE0017,0
479,",,N,",SNWD,2017-06-21T00:00:00,GHCND:US1MOCE0017,0
480,",,N,",WESD,2017-06-21T00:00:00,GHCND:US1MOCE0017,0
481,",,N,",WESF,2017-06-21T00:00:00,GHCND:US1MOCE0017,0
482,",,N,",PRCP,2017-06-21T00:00:00,GHCND:US1MOCW0009,0
483,",,N,",SNOW,2017-06-21T00:00:00,GHCND:US1MOCW0009,0
484,",,N,",PRCP,2017-06-21T00:00:00,GHCND:US1MOCW0012,0
485,",,N,",PRCP,2017-06-21T00:00:00,GHCND:US1MOFSA051,0
486,",,N,",SNOW,2017-06-21T00:00:00,GHCND:US1MOFSA051,0
487,",,7,0700",PRCP,2017-06-21T00:00:00,GHCND:USC00234271,0
488,",,7,",SNOW,2017-06-21T00:00:00,GHCND:USC00234271,0
489,",,7,",SNWD,2017-06-21T00:00:00,GHCND:USC00234271,0
490,",,7,0700",TMAX,2017-06-21T00:00:00,GHCND:USC00234271,317
491,",,7,0700",TMIN,2017-06-21T00:00:00,GHCND:USC00234271,200
492,",,7,0700",TOBS,2017-06-21T00:00:00,GHCND:USC00234271,211
493,",,W,",AWND,2017-06-21T00:00:00,GHCND:USW00003963,32
494,",,W,",PRCP,2017-06-21T00:00:00,GHCND:USW00003963,0
495,",,W,",SNOW,2017-06-21T00:00:00,GHCND:USW00003963,0
496,",,W,",SNWD,2017-06-21T00:00:00,GHCND:USW00003963,0
497,",,W,",TMAX,2017-06-21T00:00:00,GHCND:USW00003963,333
498,",,W,",TMIN,2017-06-21T00:00:00,GHCND:USW00003963,206
499,",,W,",WDF2,2017-06-21T00:00:00,GHCND:USW00003963,180
500,",,W,",WDF5,2017-06-21T00:00:00,GHCND:USW00003963,160
501,",,W,",WSF2,2017-06-21T00:00:00,GHCND:USW00003963,67
502,",,W,",WSF5,2017-06-21T00:00:00,GHCND:USW00003963,85
503,",,N,",PRCP,2017-06-22T00:00:00,GHCND:US1MOBN0007,0
504,",,N,",SNOW,2017-06-22T00:00:00,GHCND:US1MOBN0007,0
505,",,N,",PRCP,2017-06-22T00:00:00,GHCND:US1MOBN0032,0
506,",,N,",SNOW,2017-06-22T00:00:00,GHCND:US1MOBN0032,0
507,",,N,",PRCP,2017-06-22T00:00:00,GHCND:US1MOCE0007,0
508,",,N,",SNOW,2017-06-22T00:00:00,GHCND:US1MOCE0007,0
509,",,N,",PRCP,2017-06-22T00:00:00,GHCND:US1MOCE0009,0
510,",,N,",SNOW,2017-06-22T00:00:00,GHCND:US1MOCE0009,0
511,",,N,",PRCP,2017-06-22T00:00:00,GHCND:US1MOCE0017,0
512,",,N,",SNOW,2017-06-22T00:00:00,GHCND:US1MOCE0017,0
513,",,N,",SNWD,2017-06-22T00:00:00,GHCND:US1MOCE0017,0
514,",,N,",WESD,2017-06-22T00:00:00,GHCND:US1MOCE0017,0
515,",,N,",WESF,2017-06-22T00:00:00,GHCND:US1MOCE0017,0
516,",,N,",PRCP,2017-06-22T00:00:00,GHCND:US1MOCW0009,0
517,",,N,",SNOW,2017-06-22T00:00:00,GHCND:US1MOCW0009,0
518,",,N,",PRCP,2017-06-22T00:00:00,GHCND:US1MOCW0012,0
519,",,N,",PRCP,2017-06-22T00:00:00,GHCND:US1MOFSA051,0
520,",,N,",SNOW,2017-06-22T00:00:00,GHCND:US1MOFSA051,0
521,",,7,0700",PRCP,2017-06-22T00:00:00,GHCND:USC00234271,0
522,",,7,",SNOW,2017-06-22T00:00:00,GHCND:USC00234271,0
523,",,7,",SNWD,2017-06-22T00:00:00,GHCND:USC00234271,0
524,",,7,0700",TMAX,2017-06-22T00:00:00,GHCND:USC00234271,328
525,",,7,0700",TMIN,2017-06-22T00:00:00,GHCND:USC00234271,211
526,",,7,0700",TOBS,2017-06-22T00:00:00,GHCND:USC00234271,228
527,",,W,",AWND,2017-06-22T00:00:00,GHCND:USW00003963,33
528,",,W,",PRCP,2017-06-22T00:00:00,GHCND:USW00003963,0
529,",,W,",SNOW,2017-06-22T00:00:00,GHCND:USW00003963,0
530,",,W,",SNWD,2017-06-22T00:00:00,GHCND:USW00003963,0
531,",,W,",TMAX,2017-06-22T00:00:00,GHCND:USW00003963,306
532,",,W,",TMIN,2017-06-22T00:00:00,GHCND:USW00003963,217
533,",,W,",WDF2,2017-06-22T00:00:00,GHCND:USW00003963,180
534,",,W,",WDF5,2017-06-22T00:00:00,GHCND:USW00003963,160
535,",,W,",WSF2,2017-06-22T00:00:00,GHCND:USW00003963,72
536,",,W,",WSF5,2017-06-22T00:00:00,GHCND:USW00003963,94
537,",,N,",PRCP,2017-06-23T00:00:00,GHCND:US1MOBN0007,3
538,",,N,",PRCP,2017-06-23T00:00:00,GHCND:US1MOBN0032,0
539,",,N,",SNOW,2017-06-23T00:00:00,GHCND:US1MOBN0032,0
540,",,N,",PRCP,2017-06-23T00:00:00,GHCND:US1MOCE0007,0
541,",,N,",SNOW,2017-06-23T00:00:00,GHCND:US1MOCE0007,0
542,",,N,",PRCP,2017-06-23T00:00:00,GHCND:US1MOCE0009,0
543,",,N,",SNOW,2017-06-23T00:00:00,GHCND:US1MOCE0009,0
544,",,N,",PRCP,2017-06-23T00:00:00,GHCND:US1MOCE0017,0
545,",,N,",SNOW,2017-06-23T00:00:00,GHCND:US1MOCE0017,0
546,",,N,",SNWD,2017-06-23T00:00:00,GHCND:US1MOCE0017,0
547,",,N,",WESD,2017-06-23T00:00:00,GHCND:US1MOCE0017,0
548,",,N,",WESF,2017-06-23T00:00:00,GHCND:US1MOCE0017,0
549,",,N,",PRCP,2017-06-23T00:00:00,GHCND:US1MOCW0009,8
550,",,N,",PRCP,2017-06-23T00:00:00,GHCND:US1MOCW0012,5
551,"T,,N,",PRCP,2017-06-23T00:00:00,GHCND:US1MOFSA051,0
552,",,7,0700",PRCP,2017-06-23T00:00:00,GHCND:USC00234271,0
553,",,7,",SNOW,2017-06-23T00:00:00,GHCND:USC00234271,0
554,",,7,",SNWD,2017-06-23T00:00:00,GHCND:USC00234271,0
555,",,7,0700",TMAX,2017-06-23T00:00:00,GHCND:USC00234271,300
556,",,7,0700",TMIN,2017-06-23T00:00:00,GHCND:USC00234271,211
557,",,7,0700",TOBS,2017-06-23T00:00:00,GHCND:USC00234271,217
558,",,W,",AWND,2017-06-23T00:00:00,GHCND:USW00003963,33
559,",,W,",PRCP,2017-06-23T00:00:00,GHCND:USW00003963,3
560,",,W,",SNOW,2017-06-23T00:00:00,GHCND:USW00003963,0
561,",,W,",SNWD,2017-06-23T00:00:00,GHCND:USW00003963,0
562,",,W,",TMAX,2017-06-23T00:00:00,GHCND:USW00003963,294
563,",,W,",TMIN,2017-06-23T00:00:00,GHCND:USW00003963,194
564,",,W,",WDF2,2017-06-23T00:00:00,GHCND:USW00003963,360
565,",,W,",WDF5,2017-06-23T00:00:00,GHCND:USW00003963,350
566,",,W,",WSF2,2017-06-23T00:00:00,GHCND:USW00003963,107
567,",,W,",WSF5,2017-06-23T00:00:00,GHCND:USW00003963,139
568,",,N,",PRCP,2017-06-24T00:00:00,GHCND:US1MOBN0007,0
569,",,N,",SNOW,2017-06-24T00:00:00,GHCND:US1MOBN0007,0
570,",,N,",PRCP,2017-06-24T00:00:00,GHCND:US1MOBN0032,0
571,",,N,",SNOW,2017-06-24T00:00:00,GHCND:US1MOBN0032,0
572,"T,,N,",PRCP,2017-06-24T00:00:00,GHCND:US1MOCE0007,0
573,",,N,",PRCP,2017-06-24T00:00:00,GHCND:US1MOCE0009,3
574,",,N,",PRCP,2017-06-24T00:00:00,GHCND:US1MOCE0017,8
575,",,N,",SNOW,2017-06-24T00:00:00,GHCND:US1MOCE0017,0
576,",,N,",SNWD,2017-06-24T00:00:00,GHCND:US1MOCE0017,0
577,",,N,",WESD,2017-06-24T00:00:00,GHCND:US1MOCE0017,0
578,",,N,",WESF,2017-06-24T00:00:00,GHCND:US1MOCE0017,0
579,"T,,N,",PRCP,2017-06-24T00:00:00,GHCND:US1MOCW0009,0
580,",,N,",PRCP,2017-06-24T00:00:00,GHCND:US1MOCW0012,0
581,",,N,",PRCP,2017-06-24T00:00:00,GHCND:US1MOFSA051,0
582,",,N,",SNOW,2017-06-24T00:00:00,GHCND:US1MOFSA051,0
583,",,7,0700",PRCP,2017-06-24T00:00:00,GHCND:USC00234271,0
584,",,7,",SNOW,2017-06-24T00:00:00,GHCND:USC00234271,0
585,",,7,",SNWD,2017-06-24T00:00:00,GHCND:USC00234271,0
586,",,7,0700",TMAX,2017-06-24T00:00:00,GHCND:USC00234271,283
587,",,7,0700",TMIN,2017-06-24T00:00:00,GHCND:USC00234271,156
588,",,7,0700",TOBS,2017-06-24T00:00:00,GHCND:USC00234271,178
589,",,W,",AWND,2017-06-24T00:00:00,GHCND:USW00003963,27
590,",,W,",PRCP,2017-06-24T00:00:00,GHCND:USW00003963,0
591,",,W,",SNOW,2017-06-24T00:00:00,GHCND:USW00003963,0
592,",,W,",SNWD,2017-06-24T00:00:00,GHCND:USW00003963,0
593,",,W,",TMAX,2017-06-24T00:00:00,GHCND:USW00003963,261
594,",,W,",TMIN,2017-06-24T00:00:00,GHCND:USW00003963,150
595,",,W,",WDF2,2017-06-24T00:00:00,GHCND:USW00003963,300
596,",,W,",WDF5,2017-06-24T00:00:00,GHCND:USW00003963,290
597,",,W,",WSF2,2017-06-24T00:00:00,GHCND:USW00003963,81
598,",,W,",WSF5,2017-06-24T00:00:00,GHCND:USW00003963,116
599,",,N,",PRCP,2017-06-25T00:00:00,GHCND:US1MOBN0007,0
600,",,N,",SNOW,2017-06-25T00:00:00,GHCND:US1MOBN0007,0
601,",,N,",PRCP,2017-06-25T00:00:00,GHCND:US1MOBN0032,0
602,",,N,",SNOW,2017-06-25T00:00:00,GHCND:US1MOBN0032,0
603,",,N,",PRCP,2017-06-25T00:00:00,GHCND:US1MOCE0007,0
604,",,N,",SNOW,2017-06-25T00:00:00,GHCND:US1MOCE0007,0
605,",,N,",PRCP,2017-06-25T00:00:00,GHCND:US1MOCE0017,0
606,",,N,",SNOW,2017-06-25T00:00:00,GHCND:US1MOCE0017,0
607,",,N,",SNWD,2017-06-25T00:00:00,GHCND:US1MOCE0017,0
608,",,N,",WESD,2017-06-25T00:00:00,GHCND:US1MOCE0017,0
609,",,N,",WESF,2017-06-25T00:00:00,GHCND:US1MOCE0017,0
610,",,N,",PRCP,2017-06-25T00:00:00,GHCND:US1MOCW0009,0
611,",,N,",SNOW,2017-06-25T00:00:00,GHCND:US1MOCW0009,0
612,",,N,",PRCP,2017-06-25T00:00:00,GHCND:US1MOCW0012,0
613,",,N,",PRCP,2017-06-25T00:00:00,GHCND:US1MOFSA051,0
614,",,N,",SNOW,2017-06-25T00:00:00,GHCND:US1MOFSA051,0
615,",,7,0700",PRCP,2017-06-25T00:00:00,GHCND:USC00234271,0
616,",,7,",SNOW,2017-06-25T00:00:00,GHCND:USC00234271,0
617,",,7,",SNWD,2017-06-25T00:00:00,GHCND:USC00234271,0
618,",,7,0700",TMAX,2017-06-25T00:00:00,GHCND:USC00234271,256
619,",,7,0700",TMIN,2017-06-25T00:00:00,GHCND:USC00234271,156
620,",,7,0700",TOBS,2017-06-25T00:00:00,GHCND:USC00234271,167
621,",,W,",AWND,2017-06-25T00:00:00,GHCND:USW00003963,28
622,",,W,",PRCP,2017-06-25T00:00:00,GHCND:USW00003963,0
623,",,W,",SNOW,2017-06-25T00:00:00,GHCND:USW00003963,0
624,",,W,",SNWD,2017-06-25T00:00:00,GHCND:USW00003963,0
625,",,W,",TMAX,2017-06-25T00:00:00,GHCND:USW00003963,278
626,",,W,",TMIN,2017-06-25T00:00:00,GHCND:USW00003963,144
627,",,W,",WDF2,2017-06-25T00:00:00,GHCND:USW00003963,310
628,",,W,",WDF5,2017-06-25T00:00:00,GHCND:USW00003963,310
629,",,W,",WSF2,2017-06-25T00:00:00,GHCND:USW00003963,72
630,",,W,",WSF5,2017-06-25T00:00:00,GHCND:USW00003963,98
631,",,N,",PRCP,2017-06-26T00:00:00,GHCND:US1MOBN0007,0
632,",,N,",SNOW,2017-06-26T00:00:00,GHCND:US1MOBN0007,0
633,",,N,",PRCP,2017-06-26T00:00:00,GHCND:US1MOBN0032,0
634,",,N,",SNOW,2017-06-26T00:00:00,GHCND:US1MOBN0032,0
635,",,N,",PRCP,2017-06-26T00:00:00,GHCND:US1MOCE0007,0
636,",,N,",SNOW,2017-06-26T00:00:00,GHCND:US1MOCE0007,0
637,",,N,",PRCP,2017-06-26T00:00:00,GHCND:US1MOCE0009,0
638,",,N,",SNOW,2017-06-26T00:00:00,GHCND:US1MOCE0009,0
639,",,N,",PRCP,2017-06-26T00:00:00,GHCND:US1MOCE0017,0
640,",,N,",SNOW,2017-06-26T00:00:00,GHCND:US1MOCE0017,0
641,",,N,",SNWD,2017-06-26T00:00:00,GHCND:US1MOCE0017,0
642,",,N,",WESD,2017-06-26T00:00:00,GHCND:US1MOCE0017,0
643,",,N,",WESF,2017-06-26T00:00:00,GHCND:US1MOCE0017,0
644,",,N,",PRCP,2017-06-26T00:00:00,GHCND:US1MOCW0009,0
645,",,N,",SNOW,2017-06-26T00:00:00,GHCND:US1MOCW0009,0
646,",,N,",PRCP,2017-06-26T00:00:00,GHCND:US1MOCW0012,0
647,",,N,",PRCP,2017-06-26T00:00:00,GHCND:US1MOFSA051,0
648,",,N,",SNOW,2017-06-26T00:00:00,GHCND:US1MOFSA051,0
649,",,7,0700",PRCP,2017-06-26T00:00:00,GHCND:USC00234271,0
650,",,7,",SNOW,2017-06-26T00:00:00,GHCND:USC00234271,0
651,",,7,",SNWD,2017-06-26T00:00:00,GHCND:USC00234271,0
652,",,7,0700",TMAX,2017-06-26T00:00:00,GHCND:USC00234271,267
653,",,7,0700",TMIN,2017-06-26T00:00:00,GHCND:USC00234271,122
654,",,7,0700",TOBS,2017-06-26T00:00:00,GHCND:USC00234271,133
655,",,W,",AWND,2017-06-26T00:00:00,GHCND:USW00003963,17
656,",,W,",PRCP,2017-06-26T00:00:00,GHCND:USW00003963,46
657,",,W,",SNOW,2017-06-26T00:00:00,GHCND:USW00003963,0
658,",,W,",SNWD,2017-06-26T00:00:00,GHCND:USW00003963,0
659,",,W,",TMAX,2017-06-26T00:00:00,GHCND:USW00003963,256
660,",,W,",TMIN,2017-06-26T00:00:00,GHCND:USW00003963,117
661,",,W,",WDF2,2017-06-26T00:00:00,GHCND:USW00003963,340
662,",,W,",WDF5,2017-06-26T00:00:00,GHCND:USW00003963,340
663,",,W,",WSF2,2017-06-26T00:00:00,GHCND:USW00003963,89
664,",,W,",WSF5,2017-06-26T00:00:00,GHCND:USW00003963,116
665,",,W,",WT01,2017-06-26T00:00:00,GHCND:USW00003963,1
666,",,W,",WT02,2017-06-26T00:00:00,GHCND:USW00003963,1
667,",,N,",PRCP,2017-06-27T00:00:00,GHCND:US1MOBN0007,38
668,",,N,",PRCP,2017-06-27T00:00:00,GHCND:US1MOBN0032,43
669,",,N,",PRCP,2017-06-27T00:00:00,GHCND:US1MOCE0007,33
670,",,N,",PRCP,2017-06-27T00:00:00,GHCND:US1MOCE0009,53
671,",,N,",PRCP,2017-06-27T00:00:00,GHCND:US1MOCE0017,48
672,",,N,",SNOW,2017-06-27T00:00:00,GHCND:US1MOCE0017,0
673,",,N,",SNWD,2017-06-27T00:00:00,GHCND:US1MOCE0017,0
674,",,N,",WESD,2017-06-27T00:00:00,GHCND:US1MOCE0017,0
675,",,N,",WESF,2017-06-27T00:00:00,GHCND:US1MOCE0017,0
676,",,N,",PRCP,2017-06-27T00:00:00,GHCND:US1MOCW0009,51
677,",,N,",PRCP,2017-06-27T00:00:00,GHCND:US1MOCW0012,56
678,",,N,",PRCP,2017-06-27T00:00:00,GHCND:US1MOFSA051,28
679,",,7,0700",PRCP,2017-06-27T00:00:00,GHCND:USC00234271,41
680,",,7,",SNOW,2017-06-27T00:00:00,GHCND:USC00234271,0
681,",,7,",SNWD,2017-06-27T00:00:00,GHCND:USC00234271,0
682,",,7,0700",TMAX,2017-06-27T00:00:00,GHCND:USC00234271,244
683,",,7,0700",TMIN,2017-06-27T00:00:00,GHCND:USC00234271,133
684,",,7,0700",TOBS,2017-06-27T00:00:00,GHCND:USC00234271,139
685,",,W,",AWND,2017-06-27T00:00:00,GHCND:USW00003963,28
686,",,W,",PRCP,2017-06-27T00:00:00,GHCND:USW00003963,0
687,",,W,",SNOW,2017-06-27T00:00:00,GHCND:USW00003963,0
688,",,W,",SNWD,2017-06-27T00:00:00,GHCND:USW00003963,0
689,",,W,",TMAX,2017-06-27T00:00:00,GHCND:USW00003963,278
690,",,W,",TMIN,2017-06-27T00:00:00,GHCND:USW00003963,133
691,",,W,",WDF2,2017-06-27T00:00:00,GHCND:USW00003963,120
692,",,W,",WDF5,2017-06-27T00:00:00,GHCND:USW00003963,150
693,",,W,",WSF2,2017-06-27T00:00:00,GHCND:USW00003963,58
694,",,W,",WSF5,2017-06-27T00:00:00,GHCND:USW00003963,81
695,",,W,",WT01,2017-06-27T00:00:00,GHCND:USW00003963,1
696,",,W,",WT02,2017-06-27T00:00:00,GHCND:USW00003963,1
697,",,N,",PRCP,2017-06-28T00:00:00,GHCND:US1MOBN0007,0
698,",,N,",SNOW,2017-06-28T00:00:00,GHCND:US1MOBN0007,0
699,",,N,",PRCP,2017-06-28T00:00:00,GHCND:US1MOBN0032,0
700,",,N,",SNOW,2017-06-28T00:00:00,GHCND:US1MOBN0032,0
701,",,N,",PRCP,2017-06-28T00:00:00,GHCND:US1MOCE0007,0
702,",,N,",SNOW,2017-06-28T00:00:00,GHCND:US1MOCE0007,0
703,",,N,",PRCP,2017-06-28T00:00:00,GHCND:US1MOCE0009,0
704,",,N,",SNOW,2017-06-28T00:00:00,GHCND:US1MOCE0009,0
705,",,N,",PRCP,2017-06-28T00:00:00,GHCND:US1MOCE0017,0
706,",,N,",SNOW,2017-06-28T00:00:00,GHCND:US1MOCE0017,0
707,",,N,",SNWD,2017-06-28T00:00:00,GHCND:US1MOCE0017,0
708,",,N,",WESD,2017-06-28T00:00:00,GHCND:US1MOCE0017,0
709,",,N,",WESF,2017-06-28T00:00:00,GHCND:US1MOCE0017,0
710,",,N,",PRCP,2017-06-28T00:00:00,GHCND:US1MOCW0009,0
711,",,N,",SNOW,2017-06-28T00:00:00,GHCND:US1MOCW0009,0
712,",,N,",PRCP,2017-06-28T00:00:00,GHCND:US1MOCW0012,0
713,",,N,",PRCP,2017-06-28T00:00:00,GHCND:US1MOFSA051,0
714,",,N,",SNOW,2017-06-28T00:00:00,GHCND:US1MOFSA051,0
715,",,7,0700",PRCP,2017-06-28T00:00:00,GHCND:USC00234271,0
716,",,7,",SNOW,2017-06-28T00:00:00,GHCND:USC00234271,0
717,",,7,",SNWD,2017-06-28T00:00:00,GHCND:USC00234271,0
718,",,7,0700",TMAX,2017-06-28T00:00:00,GHCND:USC00234271,267
719,",,7,0700",TMIN,2017-06-28T00:00:00,GHCND:USC00234271,139
720,",,7,0700",TOBS,2017-06-28T00:00:00,GHCND:USC00234271,206
721,",,W,",AWND,2017-06-28T00:00:00,GHCND:USW00003963,47
722,",,W,",PRCP,2017-06-28T00:00:00,GHCND:USW00003963,0
723,",,W,",SNOW,2017-06-28T00:00:00,GHCND:USW00003963,0
724,",,W,",SNWD,2017-06-28T00:00:00,GHCND:USW00003963,0
725,",,W,",TMAX,2017-06-28T00:00:00,GHCND:USW00003963,317
726,",,W,",TMIN,2017-06-28T00:00:00,GHCND:USW00003963,206
727,",,W,",WDF2,2017-06-28T00:00:00,GHCND:USW00003963,180
728,",,W,",WDF5,2017-06-28T00:00:00,GHCND:USW00003963,160
729,",,W,",WSF2,2017-06-28T00:00:00,GHCND:USW00003963,107
730,",,W,",WSF5,2017-06-28T00:00:00,GHCND:USW00003963,139
731,",,N,",PRCP,2017-06-29T00:00:00,GHCND:US1MOBN0007,25
732,",,N,",PRCP,2017-06-29T00:00:00,GHCND:US1MOBN0032,53
733,",,N,",PRCP,2017-06-29T00:00:00,GHCND:US1MOCE0007,0
734,",,N,",SNOW,2017-06-29T00:00:00,GHCND:US1MOCE0007,0
735,",,N,",PRCP,2017-06-29T00:00:00,GHCND:US1MOCE0009,0
736,",,N,",SNOW,2017-06-29T00:00:00,GHCND:US1MOCE0009,0
737,",,N,",PRCP,2017-06-29T00:00:00,GHCND:US1MOCE0017,0
738,",,N,",SNOW,2017-06-29T00:00:00,GHCND:US1MOCE0017,0
739,",,N,",SNWD,2017-06-29T00:00:00,GHCND:US1MOCE0017,0
740,",,N,",WESD,2017-06-29T00:00:00,GHCND:US1MOCE0017,0
741,",,N,",WESF,2017-06-29T00:00:00,GHCND:US1MOCE0017,0
742,",,N,",PRCP,2017-06-29T00:00:00,GHCND:US1MOCW0009,25
743,",,N,",PRCP,2017-06-29T00:00:00,GHCND:US1MOCW0012,56
744,",,N,",PRCP,2017-06-29T00:00:00,GHCND:US1MOFSA051,0
745,",,N,",SNOW,2017-06-29T00:00:00,GHCND:US1MOFSA051,0
746,",,7,0700",PRCP,2017-06-29T00:00:00,GHCND:USC00234271,0
747,",,7,",SNOW,2017-06-29T00:00:00,GHCND:USC00234271,0
748,",,7,",SNWD,2017-06-29T00:00:00,GHCND:USC00234271,0
749,",,7,0700",TMAX,2017-06-29T00:00:00,GHCND:USC00234271,311
750,",,7,0700",TMIN,2017-06-29T00:00:00,GHCND:USC00234271,206
751,",,7,0700",TOBS,2017-06-29T00:00:00,GHCND:USC00234271,211
752,",,W,",AWND,2017-06-29T00:00:00,GHCND:USW00003963,39
753,",,W,",PRCP,2017-06-29T00:00:00,GHCND:USW00003963,25
754,",,W,",SNOW,2017-06-29T00:00:00,GHCND:USW00003963,0
755,",,W,",SNWD,2017-06-29T00:00:00,GHCND:USW00003963,0
756,",,W,",TMAX,2017-06-29T00:00:00,GHCND:USW00003963,294
757,",,W,",TMIN,2017-06-29T00:00:00,GHCND:USW00003963,206
758,",,W,",WDF2,2017-06-29T00:00:00,GHCND:USW00003963,290
759,",,W,",WDF5,2017-06-29T00:00:00,GHCND:USW00003963,330
760,",,W,",WSF2,2017-06-29T00:00:00,GHCND:USW00003963,107
761,",,W,",WSF5,2017-06-29T00:00:00,GHCND:USW00003963,134
762,",,W,",WT01,2017-06-29T00:00:00,GHCND:USW00003963,1
763,",,W,",WT03,2017-06-29T00:00:00,GHCND:USW00003963,1
764,",,N,",PRCP,2017-06-30T00:00:00,GHCND:US1MOBN0007,89
765,",,N,",PRCP,2017-06-30T00:00:00,GHCND:US1MOBN0032,147
766,",,N,",PRCP,2017-06-30T00:00:00,GHCND:US1MOCE0007,198
767,",,N,",PRCP,2017-06-30T00:00:00,GHCND:US1MOCE0009,102
768,",,N,",PRCP,2017-06-30T00:00:00,GHCND:US1MOCE0017,94
769,",,N,",SNOW,2017-06-30T00:00:00,GHCND:US1MOCE0017,0
770,",,N,",SNWD,2017-06-30T00:00:00,GHCND:US1MOCE0017,0
771,",,N,",WESD,2017-06-30T00:00:00,GHCND:US1MOCE0017,0
772,",,N,",WESF,2017-06-30T00:00:00,GHCND:US1MOCE0017,0
773,",,N,",PRCP,2017-06-30T00:00:00,GHCND:US1MOCW0009,130
774,",,N,",PRCP,2017-06-30T00:00:00,GHCND:US1MOCW0012,127
775,",,N,",PRCP,2017-06-30T00:00:00,GHCND:US1MOFSA051,107
776,",,7,0700",PRCP,2017-06-30T00:00:00,GHCND:USC00234271,137
777,",,7,",SNOW,2017-06-30T00:00:00,GHCND:USC00234271,0
778,",,7,",SNWD,2017-06-30T00:00:00,GHCND:USC00234271,0
779,",,7,0700",TMAX,2017-06-30T00:00:00,GHCND:USC00234271,289
780,",,7,0700",TMIN,2017-06-30T00:00:00,GHCND:USC00234271,178
781,",,7,0700",TOBS,2017-06-30T00:00:00,GHCND:USC00234271,178
782,",,7,",WT03,2017-06-30T00:00:00,GHCND:USC00234271,1
783,",,W,",AWND,2017-06-30T00:00:00,GHCND:USW00003963,29
784,",,W,",PRCP,2017-06-30T00:00:00,GHCND:USW00003963,104
785,",,W,",SNOW,2017-06-30T00:00:00,GHCND:USW00003963,0
786,",,W,",SNWD,2017-06-30T00:00:00,GHCND:USW00003963,0
787,",,W,",TMAX,2017-06-30T00:00:00,GHCND:USW00003963,289
788,",,W,",TMIN,2017-06-30T00:00:00,GHCND:USW00003963,189
789,",,W,",WDF2,2017-06-30T00:00:00,GHCND:USW00003963,360
790,",,W,",WDF5,2017-06-30T00:00:00,GHCND:USW00003963,350
791,",,W,",WSF2,2017-06-30T00:00:00,GHCND:USW00003963,134
792,",,W,",WSF5,2017-06-30T00:00:00,GHCND:USW00003963,174
793,",,W,",WT01,2017-06-30T00:00:00,GHCND:USW00003963,1
794,",,W,",WT03,2017-06-30T00:00:00,GHCND:USW00003963,1
795,",,N,",PRCP,2017-07-01T00:00:00,GHCND:US1MOBN0007,10
796,",,N,",PRCP,2017-07-01T00:00:00,GHCND:US1MOBN0032,71
797,",,N,",PRCP,2017-07-01T00:00:00,GHCND:US1MOCE0007,8
798,",,N,",PRCP,2017-07-01T00:00:00,GHCND:US1MOCE0009,69
799,",,N,",PRCP,2017-07-01T00:00:00,GHCND:US1MOCE0017,30
800,",,N,",SNOW,2017-07-01T00:00:00,GHCND:US1MOCE0017,0
801,",,N,",SNWD,2017-07-01T00:00:00,GHCND:US1MOCE0017,0
802,",,N,",WESD,2017-07-01T00:00:00,GHCND:US1MOCE0017,0
803,",,N,",WESF,2017-07-01T00:00:00,GHCND:US1MOCE0017,0
804,",,N,",PRCP,2017-07-01T00:00:00,GHCND:US1MOCW0009,13
805,",,N,",PRCP,2017-07-01T00:00:00,GHCND:US1MOCW0012,10
806,",,N,",PRCP,2017-07-01T00:00:00,GHCND:US1MOFSA051,79
807,",,7,0700",PRCP,2017-07-01T00:00:00,GHCND:USC00234271,13
808,",,7,",SNOW,2017-07-01T00:00:00,GHCND:USC00234271,0
809,",,7,",SNWD,2017-07-01T00:00:00,GHCND:USC00234271,0
810,",,7,0700",TMAX,2017-07-01T00:00:00,GHCND:USC00234271,289
811,",,7,0700",TMIN,2017-07-01T00:00:00,GHCND:USC00234271,178
812,",,7,0700",TOBS,2017-07-01T00:00:00,GHCND:USC00234271,194
813,",,W,",AWND,2017-07-01T00:00:00,GHCND:USW00003963,16
814,",,W,",PRCP,2017-07-01T00:00:00,GHCND:USW00003963,0
815,",,W,",SNOW,2017-07-01T00:00:00,GHCND:USW00003963,0
816,",,W,",SNWD,2017-07-01T00:00:00,GHCND:USW00003963,0
817,",,W,",TMAX,2017-07-01T00:00:00,GHCND:USW00003963,294
818,",,W,",TMIN,2017-07-01T00:00:00,GHCND:USW00003963,189
819,",,W,",WDF2,2017-07-01T00:00:00,GHCND:USW00003963,320
820,",,W,",WDF5,2017-07-01T00:00:00,GHCND:USW00003963,330
821,",,W,",WSF2,2017-07-01T00:00:00,GHCND:USW00003963,54
822,",,W,",WSF5,2017-07-01T00:00:00,GHCND:USW00003963,76
823,",,N,",PRCP,2017-07-02T00:00:00,GHCND:US1MOBN0007,0
824,",,N,",SNOW,2017-07-02T00:00:00,GHCND:US1MOBN0007,0
825,",,N,",PRCP,2017-07-02T00:00:00,GHCND:US1MOBN0032,0
826,",,N,",SNOW,2017-07-02T00:00:00,GHCND:US1MOBN0032,0
827,",,N,",PRCP,2017-07-02T00:00:00,GHCND:US1MOCE0007,0
828,",,N,",SNOW,2017-07-02T00:00:00,GHCND:US1MOCE0007,0
829,",,N,",PRCP,2017-07-02T00:00:00,GHCND:US1MOCE0009,0
830,",,N,",SNOW,2017-07-02T00:00:00,GHCND:US1MOCE0009,0
831,",,N,",PRCP,2017-07-02T00:00:00,GHCND:US1MOCE0017,0
832,",,N,",SNOW,2017-07-02T00:00:00,GHCND:US1MOCE0017,0
833,",,N,",SNWD,2017-07-02T00:00:00,GHCND:US1MOCE0017,0
834,",,N,",WESD,2017-07-02T00:00:00,GHCND:US1MOCE0017,0
835,",,N,",WESF,2017-07-02T00:00:00,GHCND:US1MOCE0017,0
836,",,N,",PRCP,2017-07-02T00:00:00,GHCND:US1MOCW0009,0
837,",,N,",SNOW,2017-07-02T00:00:00,GHCND:US1MOCW0009,0
838,",,N,",PRCP,2017-07-02T00:00:00,GHCND:US1MOCW0012,0
839,",,N,",PRCP,2017-07-02T00:00:00,GHCND:US1MOFSA051,0
840,",,N,",SNOW,2017-07-02T00:00:00,GHCND:US1MOFSA051,0
841,",,7,0700",PRCP,2017-07-02T00:00:00,GHCND:USC00234271,0
842,",,7,",SNOW,2017-07-02T00:00:00,GHCND:USC00234271,0
843,",,7,",SNWD,2017-07-02T00:00:00,GHCND:USC00234271,0
844,",,7,0700",TMAX,2017-07-02T00:00:00,GHCND:USC00234271,289
845,",,7,0700",TMIN,2017-07-02T00:00:00,GHCND:USC00234271,172
846,",,7,0700",TOBS,2017-07-02T00:00:00,GHCND:USC00234271,189
847,",,W,",AWND,2017-07-02T00:00:00,GHCND:USW00003963,17
848,",,W,",PRCP,2017-07-02T00:00:00,GHCND:USW00003963,0
849,",,W,",SNOW,2017-07-02T00:00:00,GHCND:USW00003963,0
850,",,W,",SNWD,2017-07-02T00:00:00,GHCND:USW00003963,0
851,",,W,",TMAX,2017-07-02T00:00:00,GHCND:USW00003963,317
852,",,W,",TMIN,2017-07-02T00:00:00,GHCND:USW00003963,167
853,",,W,",WDF2,2017-07-02T00:00:00,GHCND:USW00003963,180
854,",,W,",WDF5,2017-07-02T00:00:00,GHCND:USW00003963,160
855,",,W,",WSF2,2017-07-02T00:00:00,GHCND:USW00003963,45
856,",,W,",WSF5,2017-07-02T00:00:00,GHCND:USW00003963,63
857,",,W,",WT01,2017-07-02T00:00:00,GHCND:USW00003963,1
858,",,N,",PRCP,2017-07-03T00:00:00,GHCND:US1MOBN0007,0
859,",,N,",SNOW,2017-07-03T00:00:00,GHCND:US1MOBN0007,0
860,",,N,",PRCP,2017-07-03T00:00:00,GHCND:US1MOBN0032,0
861,",,N,",SNOW,2017-07-03T00:00:00,GHCND:US1MOBN0032,0
862,",,N,",PRCP,2017-07-03T00:00:00,GHCND:US1MOCE0007,0
863,",,N,",SNOW,2017-07-03T00:00:00,GHCND:US1MOCE0007,0
864,",,N,",PRCP,2017-07-03T00:00:00,GHCND:US1MOCE0009,0
865,",,N,",SNOW,2017-07-03T00:00:00,GHCND:US1MOCE0009,0
866,",,N,",PRCP,2017-07-03T00:00:00,GHCND:US1MOCE0017,0
867,",,N,",SNOW,2017-07-03T00:00:00,GHCND:US1MOCE0017,0
868,",,N,",SNWD,2017-07-03T00:00:00,GHCND:US1MOCE0017,0
869,",,N,",WESD,2017-07-03T00:00:00,GHCND:US1MOCE0017,0
870,",,N,",WESF,2017-07-03T00:00:00,GHCND:US1MOCE0017,0
871,",,N,",PRCP,2017-07-03T00:00:00,GHCND:US1MOCW0009,0
872,",,N,",SNOW,2017-07-03T00:00:00,GHCND:US1MOCW0009,0
873,",,N,",PRCP,2017-07-03T00:00:00,GHCND:US1MOCW0012,0
874,",,N,",PRCP,2017-07-03T00:00:00,GHCND:US1MOFSA051,0
875,",,N,",SNOW,2017-07-03T00:00:00,GHCND:US1MOFSA051,0
876,",,7,0700",PRCP,2017-07-03T00:00:00,GHCND:USC00234271,0
877,",,7,",SNOW,2017-07-03T00:00:00,GHCND:USC00234271,0
878,",,7,",SNWD,2017-07-03T00:00:00,GHCND:USC00234271,0
879,",,7,0700",TMAX,2017-07-03T00:00:00,GHCND:USC00234271,306
880,",,7,0700",TMIN,2017-07-03T00:00:00,GHCND:USC00234271,189
881,",,7,0700",TOBS,2017-07-03T00:00:00,GHCND:USC00234271,206
882,",,W,",AWND,2017-07-03T00:00:00,GHCND:USW00003963,16
883,",,W,",PRCP,2017-07-03T00:00:00,GHCND:USW00003963,0
884,",,W,",SNOW,2017-07-03T00:00:00,GHCND:USW00003963,0
885,",,W,",SNWD,2017-07-03T00:00:00,GHCND:USW00003963,0
886,",,W,",TMAX,2017-07-03T00:00:00,GHCND:USW00003963,339
887,",,W,",TMIN,2017-07-03T00:00:00,GHCND:USW00003963,189
888,",,W,",WDF2,2017-07-03T00:00:00,GHCND:USW00003963,90
889,",,W,",WDF5,2017-07-03T00:00:00,GHCND:USW00003963,70
890,",,W,",WSF2,2017-07-03T00:00:00,GHCND:USW00003963,63
891,",,W,",WSF5,2017-07-03T00:00:00,GHCND:USW00003963,76
892,",,N,",PRCP,2017-07-04T00:00:00,GHCND:US1MOBN0007,0
893,",,N,",SNOW,2017-07-04T00:00:00,GHCND:US1MOBN0007,0
894,",,N,",PRCP,2017-07-04T00:00:00,GHCND:US1MOBN0032,0
895,",,N,",SNOW,2017-07-04T00:00:00,GHCND:US1MOBN0032,0
896,",,N,",PRCP,2017-07-04T00:00:00,GHCND:US1MOCE0007,0
897,",,N,",SNOW,2017-07-04T00:00:00,GHCND:US1MOCE0007,0
898,",,N,",PRCP,2017-07-04T00:00:00,GHCND:US1MOCE0009,0
899,",,N,",SNOW,2017-07-04T00:00:00,GHCND:US1MOCE0009,0
900,",,N,",PRCP,2017-07-04T00:00:00,GHCND:US1MOCE0017,0
901,",,N,",SNOW,2017-07-04T00:00:00,GHCND:US1MOCE0017,0
902,",,N,",SNWD,2017-07-04T00:00:00,GHCND:US1MOCE0017,0
903,",,N,",WESD,2017-07-04T00:00:00,GHCND:US1MOCE0017,0
904,",,N,",WESF,2017-07-04T00:00:00,GHCND:US1MOCE0017,0
905,",,N,",PRCP,2017-07-04T00:00:00,GHCND:US1MOCW0009,0
906,",,N,",SNOW,2017-07-04T00:00:00,GHCND:US1MOCW0009,0
907,",,N,",PRCP,2017-07-04T00:00:00,GHCND:US1MOCW0012,0
908,",,N,",SNOW,2017-07-04T00:00:00,GHCND:US1MOCW0012,0
909,",,N,",PRCP,2017-07-04T00:00:00,GHCND:US1MOFSA051,0
910,",,N,",SNOW,2017-07-04T00:00:00,GHCND:US1MOFSA051,0
911,",,7,0700",PRCP,2017-07-04T00:00:00,GHCND:USC00234271,0
912,",,7,",SNOW,2017-07-04T00:00:00,GHCND:USC00234271,0
913,",,7,",SNWD,2017-07-04T00:00:00,GHCND:USC00234271,0
914,",,7,0700",TMAX,2017-07-04T00:00:00,GHCND:USC00234271,317
915,",,7,0700",TMIN,2017-07-04T00:00:00,GHCND:USC00234271,206
916,",,7,0700",TOBS,2017-07-04T00:00:00,GHCND:USC00234271,217
917,",,W,",AWND,2017-07-04T00:00:00,GHCND:USW00003963,25
918,",,W,",PRCP,2017-07-04T00:00:00,GHCND:USW00003963,0
919,",,W,",SNOW,2017-07-04T00:00:00,GHCND:USW00003963,0
920,",,W,",SNWD,2017-07-04T00:00:00,GHCND:USW00003963,0
921,",,W,",TMAX,2017-07-04T00:00:00,GHCND:USW00003963,278
922,",,W,",TMIN,2017-07-04T00:00:00,GHCND:USW00003963,200
923,",,W,",WDF2,2017-07-04T00:00:00,GHCND:USW00003963,50
924,",,W,",WDF5,2017-07-04T00:00:00,GHCND:USW00003963,50
925,",,W,",WSF2,2017-07-04T00:00:00,GHCND:USW00003963,58
926,",,W,",WSF5,2017-07-04T00:00:00,GHCND:USW00003963,72
927,",,N,",PRCP,2017-07-05T00:00:00,GHCND:US1MOBN0007,76
928,",,N,",PRCP,2017-07-05T00:00:00,GHCND:US1MOBN0032,43
929,",,N,",PRCP,2017-07-05T00:00:00,GHCND:US1MOCE0007,99
930,",,N,",PRCP,2017-07-05T00:00:00,GHCND:US1MOCE0009,23
931,",,N,",PRCP,2017-07-05T00:00:00,GHCND:US1MOCE0017,46
932,",,N,",SNOW,2017-07-05T00:00:00,GHCND:US1MOCE0017,0
933,",,N,",SNWD,2017-07-05T00:00:00,GHCND:US1MOCE0017,0
934,",,N,",WESD,2017-07-05T00:00:00,GHCND:US1MOCE0017,0
935,",,N,",WESF,2017-07-05T00:00:00,GHCND:US1MOCE0017,0
936,",,N,",PRCP,2017-07-05T00:00:00,GHCND:US1MOCW0009,91
937,",,N,",PRCP,2017-07-05T00:00:00,GHCND:US1MOCW0012,66
938,",,N,",PRCP,2017-07-05T00:00:00,GHCND:US1MOCW0017,51
939,",,N,",PRCP,2017-07-05T00:00:00,GHCND:US1MOFSA051,165
940,",,7,0700",PRCP,2017-07-05T00:00:00,GHCND:USC00234271,61
941,",,7,",SNOW,2017-07-05T00:00:00,GHCND:USC00234271,0
942,",,7,",SNWD,2017-07-05T00:00:00,GHCND:USC00234271,0
943,",,7,0700",TMAX,2017-07-05T00:00:00,GHCND:USC00234271,267
944,",,7,0700",TMIN,2017-07-05T00:00:00,GHCND:USC00234271,211
945,",,7,0700",TOBS,2017-07-05T00:00:00,GHCND:USC00234271,211
946,",,W,",AWND,2017-07-05T00:00:00,GHCND:USW00003963,34
947,",,W,",PRCP,2017-07-05T00:00:00,GHCND:USW00003963,376
948,",,W,",SNOW,2017-07-05T00:00:00,GHCND:USW00003963,0
949,",,W,",SNWD,2017-07-05T00:00:00,GHCND:USW00003963,0
950,",,W,",TMAX,2017-07-05T00:00:00,GHCND:USW00003963,250
951,",,W,",TMIN,2017-07-05T00:00:00,GHCND:USW00003963,217
952,",,W,",WDF2,2017-07-05T00:00:00,GHCND:USW00003963,70
953,",,W,",WDF5,2017-07-05T00:00:00,GHCND:USW00003963,70
954,",,W,",WSF2,2017-07-05T00:00:00,GHCND:USW00003963,81
955,",,W,",WSF5,2017-07-05T00:00:00,GHCND:USW00003963,103
956,",,W,",WT01,2017-07-05T00:00:00,GHCND:USW00003963,1
957,",,W,",WT03,2017-07-05T00:00:00,GHCND:USW00003963,1
958,",,N,",PRCP,2017-07-06T00:00:00,GHCND:US1MOBN0007,279
959,",,N,",PRCP,2017-07-06T00:00:00,GHCND:US1MOBN0032,427
960,",,N,",PRCP,2017-07-06T00:00:00,GHCND:US1MOCE0007,445
961,",,N,",PRCP,2017-07-06T00:00:00,GHCND:US1MOCE0009,310
962,",,N,",PRCP,2017-07-06T00:00:00,GHCND:US1MOCE0017,246
963,",,N,",SNOW,2017-07-06T00:00:00,GHCND:US1MOCE0017,0
964,",,N,",SNWD,2017-07-06T00:00:00,GHCND:US1MOCE0017,0
965,",,N,",WESD,2017-07-06T00:00:00,GHCND:US1MOCE0017,0
966,",,N,",WESF,2017-07-06T00:00:00,GHCND:US1MOCE0017,0
967,",,N,",PRCP,2017-07-06T00:00:00,GHCND:US1MOCW0009,315
968,",,N,",PRCP,2017-07-06T00:00:00,GHCND:US1MOCW0012,236
969,",,N,",PRCP,2017-07-06T00:00:00,GHCND:US1MOCW0017,386
970,",,N,",PRCP,2017-07-06T00:00:00,GHCND:US1MOFSA051,434
971,",,7,0700",PRCP,2017-07-06T00:00:00,GHCND:USC00234271,318
972,",,7,",SNOW,2017-07-06T00:00:00,GHCND:USC00234271,0
973,",,7,",SNWD,2017-07-06T00:00:00,GHCND:USC00234271,0
974,",,7,0700",TMAX,2017-07-06T00:00:00,GHCND:USC00234271,244
975,",,7,0700",TMIN,2017-07-06T00:00:00,GHCND:USC00234271,200
976,",,7,0700",TOBS,2017-07-06T00:00:00,GHCND:USC00234271,206
977,",,W,",AWND,2017-07-06T00:00:00,GHCND:USW00003963,15
978,",,W,",PRCP,2017-07-06T00:00:00,GHCND:USW00003963,0
979,",,W,",SNOW,2017-07-06T00:00:00,GHCND:USW00003963,0
980,",,W,",SNWD,2017-07-06T00:00:00,GHCND:USW00003963,0
981,",,W,",TMAX,2017-07-06T00:00:00,GHCND:USW00003963,317
982,",,W,",TMIN,2017-07-06T00:00:00,GHCND:USW00003963,211
983,",,W,",WDF2,2017-07-06T00:00:00,GHCND:USW00003963,310
984,",,W,",WDF5,2017-07-06T00:00:00,GHCND:USW00003963,320
985,",,W,",WSF2,2017-07-06T00:00:00,GHCND:USW00003963,40
986,",,W,",WSF5,2017-07-06T00:00:00,GHCND:USW00003963,54
987,",,W,",WT01,2017-07-06T00:00:00,GHCND:USW00003963,1
988,",,N,",PRCP,2017-07-07T00:00:00,GHCND:US1MOBN0007,0
989,",,N,",SNOW,2017-07-07T00:00:00,GHCND:US1MOBN0007,0
990,",,N,",PRCP,2017-07-07T00:00:00,GHCND:US1MOBN0032,0
991,",,N,",SNOW,2017-07-07T00:00:00,GHCND:US1MOBN0032,0
992,",,N,",PRCP,2017-07-07T00:00:00,GHCND:US1MOCE0007,0
993,",,N,",SNOW,2017-07-07T00:00:00,GHCND:US1MOCE0007,0
994,",,N,",PRCP,2017-07-07T00:00:00,GHCND:US1MOCE0009,0
995,",,N,",SNOW,2017-07-07T00:00:00,GHCND:US1MOCE0009,0
996,",,N,",PRCP,2017-07-07T00:00:00,GHCND:US1MOCE0017,0
997,",,N,",SNOW,2017-07-07T00:00:00,GHCND:US1MOCE0017,0
998,",,N,",SNWD,2017-07-07T00:00:00,GHCND:US1MOCE0017,0
999,",,N,",WESD,2017-07-07T00:00:00,GHCND:US1MOCE0017,0
0,",,N,",WESF,2017-07-07T00:00:00,GHCND:US1MOCE0017,0
1,",,N,",PRCP,2017-07-07T00:00:00,GHCND:US1MOCW0009,0
2,",,N,",SNOW,2017-07-07T00:00:00,GHCND:US1MOCW0009,0
3,",,N,",PRCP,2017-07-07T00:00:00,GHCND:US1MOCW0012,0
4,",,N,",PRCP,2017-07-07T00:00:00,GHCND:US1MOFSA051,0
5,",,N,",SNOW,2017-07-07T00:00:00,GHCND:US1MOFSA051,0
6,",,7,0700",PRCP,2017-07-07T00:00:00,GHCND:USC00234271,0
7,",,7,",SNOW,2017-07-07T00:00:00,GHCND:USC00234271,0
8,",,7,",SNWD,2017-07-07T00:00:00,GHCND:USC00234271,0
9,",,7,0700",TMAX,2017-07-07T00:00:00,GHCND:USC00234271,311
10,",,7,0700",TMIN,2017-07-07T00:00:00,GHCND:USC00234271,206
11,",,7,0700",TOBS,2017-07-07T00:00:00,GHCND:USC00234271,228
12,",,W,",AWND,2017-07-07T00:00:00,GHCND:USW00003963,27
13,"T,,W,",PRCP,2017-07-07T00:00:00,GHCND:USW00003963,0
14,",,W,",SNOW,2017-07-07T00:00:00,GHCND:USW00003963,0
15,",,W,",SNWD,2017-07-07T00:00:00,GHCND:USW00003963,0
16,",,W,",TMAX,2017-07-07T00:00:00,GHCND:USW00003963,328
17,",,W,",TMIN,2017-07-07T00:00:00,GHCND:USW00003963,211
18,",,W,",WDF2,2017-07-07T00:00:00,GHCND:USW00003963,280
19,",,W,",WDF5,2017-07-07T00:00:00,GHCND:USW00003963,290
20,",,W,",WSF2,2017-07-07T00:00:00,GHCND:USW00003963,89
21,",,W,",WSF5,2017-07-07T00:00:00,GHCND:USW00003963,103
22,",,W,",WT01,2017-07-07T00:00:00,GHCND:USW00003963,1
23,",,W,",WT03,2017-07-07T00:00:00,GHCND:USW00003963,1
24,",,N,",PRCP,2017-07-08T00:00:00,GHCND:US1MOBN0007,0
25,",,N,",SNOW,2017-07-08T00:00:00,GHCND:US1MOBN0007,0
26,",,N,",PRCP,2017-07-08T00:00:00,GHCND:US1MOBN0032,0
27,",,N,",SNOW,2017-07-08T00:00:00,GHCND:US1MOBN0032,0
28,",,N,",PRCP,2017-07-08T00:00:00,GHCND:US1MOCE0007,0
29,",,N,",SNOW,2017-07-08T00:00:00,GHCND:US1MOCE0007,0
30,"T,,N,",PRCP,2017-07-08T00:00:00,GHCND:US1MOCE0009,0
31,",,N,",PRCP,2017-07-08T00:00:00,GHCND:US1MOCE0017,0
32,",,N,",SNOW,2017-07-08T00:00:00,GHCND:US1MOCE0017,0
33,",,N,",SNWD,2017-07-08T00:00:00,GHCND:US1MOCE0017,0
34,",,N,",WESD,2017-07-08T00:00:00,GHCND:US1MOCE0017,0
35,",,N,",WESF,2017-07-08T00:00:00,GHCND:US1MOCE0017,0
36,",,N,",PRCP,2017-07-08T00:00:00,GHCND:US1MOCW0009,0
37,",,N,",SNOW,2017-07-08T00:00:00,GHCND:US1MOCW0009,0
38,",,N,",PRCP,2017-07-08T00:00:00,GHCND:US1MOCW0012,0
39,",,N,",PRCP,2017-07-08T00:00:00,GHCND:US1MOFSA051,0
40,",,N,",SNOW,2017-07-08T00:00:00,GHCND:US1MOFSA051,0
41,",,7,0700",PRCP,2017-07-08T00:00:00,GHCND:USC00234271,0
42,",,7,",SNOW,2017-07-08T00:00:00,GHCND:USC00234271,0
43,",,7,",SNWD,2017-07-08T00:00:00,GHCND:USC00234271,0
44,",,7,0700",TMAX,2017-07-08T00:00:00,GHCND:USC00234271,322
45,",,7,0700",TMIN,2017-07-08T00:00:00,GHCND:USC00234271,189
46,",,7,0700",TOBS,2017-07-08T00:00:00,GHCND:USC00234271,211
47,",,W,",AWND,2017-07-08T00:00:00,GHCND:USW00003963,12
48,",,W,",PRCP,2017-07-08T00:00:00,GHCND:USW00003963,0
49,",,W,",SNOW,2017-07-08T00:00:00,GHCND:USW00003963,0
50,",,W,",SNWD,2017-07-08T00:00:00,GHCND:USW00003963,0
51,",,W,",TMAX,2017-07-08T00:00:00,GHCND:USW00003963,322
52,",,W,",TMIN,2017-07-08T00:00:00,GHCND:USW00003963,178
53,",,W,",WDF2,2017-07-08T00:00:00,GHCND:USW00003963,300
54,",,W,",WDF5,2017-07-08T00:00:00,GHCND:USW00003963,290
55,",,W,",WSF2,2017-07-08T00:00:00,GHCND:USW00003963,45
56,",,W,",WSF5,2017-07-08T00:00:00,GHCND:USW00003963,63
57,",,N,",PRCP,2017-07-09T00:00:00,GHCND:US1MOBN0007,0
58,",,N,",SNOW,2017-07-09T00:00:00,GHCND:US1MOBN0007,0
59,",,N,",PRCP,2017-07-09T00:00:00,GHCND:US1MOBN0032,0
60,",,N,",SNOW,2017-07-09T00:00:00,GHCND:US1MOBN0032,0
61,",,N,",PRCP,2017-07-09T00:00:00,GHCND:US1MOCE0007,0
62,",,N,",SNOW,2017-07-09T00:00:00,GHCND:US1MOCE0007,0
63,",,N,",PRCP,2017-07-09T00:00:00,GHCND:US1MOCE0009,0
64,",,N,",SNOW,2017-07-09T00:00:00,GHCND:US1MOCE0009,0
65,",,N,",PRCP,2017-07-09T00:00:00,GHCND:US1MOCE0017,0
66,",,N,",SNOW,2017-07-09T00:00:00,GHCND:US1MOCE0017,0
67,",,N,",SNWD,2017-07-09T00:00:00,GHCND:US1MOCE0017,0
68,",,N,",WESD,2017-07-09T00:00:00,GHCND:US1MOCE0017,0
69,",,N,",WESF,2017-07-09T00:00:00,GHCND:US1MOCE0017,0
70,",,N,",PRCP,2017-07-09T00:00:00,GHCND:US1MOCW0009,0
71,",,N,",SNOW,2017-07-09T00:00:00,GHCND:US1MOCW0009,0
72,",,N,",PRCP,2017-07-09T00:00:00,GHCND:US1MOCW0012,0
73,",,N,",PRCP,2017-07-09T00:00:00,GHCND:US1MOFSA051,0
74,",,N,",SNOW,2017-07-09T00:00:00,GHCND:US1MOFSA051,0
75,",,7,0700",PRCP,2017-07-09T00:00:00,GHCND:USC00234271,0
76,",,7,",SNOW,2017-07-09T00:00:00,GHCND:USC00234271,0
77,",,7,",SNWD,2017-07-09T00:00:00,GHCND:USC00234271,0
78,",,7,0700",TMAX,2017-07-09T00:00:00,GHCND:USC00234271,322
79,",,7,0700",TMIN,2017-07-09T00:00:00,GHCND:USC00234271,189
80,",,7,0700",TOBS,2017-07-09T00:00:00,GHCND:USC00234271,222
81,",,W,",AWND,2017-07-09T00:00:00,GHCND:USW00003963,28
82,",,W,",PRCP,2017-07-09T00:00:00,GHCND:USW00003963,0
83,",,W,",SNOW,2017-07-09T00:00:00,GHCND:USW00003963,0
84,",,W,",SNWD,2017-07-09T00:00:00,GHCND:USW00003963,0
85,",,W,",TMAX,2017-07-09T00:00:00,GHCND:USW00003963,333
86,",,W,",TMIN,2017-07-09T00:00:00,GHCND:USW00003963,194
87,",,W,",WDF2,2017-07-09T00:00:00,GHCND:USW00003963,240
88,",,W,",WDF5,2017-07-09T00:00:00,GHCND:USW00003963,240
89,",,W,",WSF2,2017-07-09T00:00:00,GHCND:USW00003963,72
90,",,W,",WSF5,2017-07-09T00:00:00,GHCND:USW00003963,89
91,",,N,",PRCP,2017-07-10T00:00:00,GHCND:US1MOBN0007,0
92,",,N,",SNOW,2017-07-10T00:00:00,GHCND:US1MOBN0007,0
93,",,N,",PRCP,2017-07-10T00:00:00,GHCND:US1MOBN0032,0
94,",,N,",SNOW,2017-07-10T00:00:00,GHCND:US1MOBN0032,0
95,",,N,",PRCP,2017-07-10T00:00:00,GHCND:US1MOCE0007,0
96,",,N,",SNOW,2017-07-10T00:00:00,GHCND:US1MOCE0007,0
97,",,N,",PRCP,2017-07-10T00:00:00,GHCND:US1MOCE0009,0
98,",,N,",SNOW,2017-07-10T00:00:00,GHCND:US1MOCE0009,0
99,",,N,",PRCP,2017-07-10T00:00:00,GHCND:US1MOCE0017,0
100,",,N,",SNOW,2017-07-10T00:00:00,GHCND:US1MOCE0017,0
101,",,N,",SNWD,2017-07-10T00:00:00,GHCND:US1MOCE0017,0
102,",,N,",WESD,2017-07-10T00:00:00,GHCND:US1MOCE0017,0
103,",,N,",WESF,2017-07-10T00:00:00,GHCND:US1MOCE0017,0
104,",,N,",PRCP,2017-07-10T00:00:00,GHCND:US1MOCW0009,0
105,",,N,",SNOW,2017-07-10T00:00:00,GHCND:US1MOCW0009,0
106,",,N,",PRCP,2017-07-10T00:00:00,GHCND:US1MOCW0012,0
107,",,N,",PRCP,2017-07-10T00:00:00,GHCND:US1MOFSA051,0
108,",,N,",SNOW,2017-07-10T00:00:00,GHCND:US1MOFSA051,0
109,",,7,0700",PRCP,2017-07-10T00:00:00,GHCND:USC00234271,0
110,",,7,",SNOW,2017-07-10T00:00:00,GHCND:USC00234271,0
111,",,7,",SNWD,2017-07-10T00:00:00,GHCND:USC00234271,0
112,",,7,0700",TMAX,2017-07-10T00:00:00,GHCND:USC00234271,328
113,",,7,0700",TMIN,2017-07-10T00:00:00,GHCND:USC00234271,222
114,",,7,0700",TOBS,2017-07-10T00:00:00,GHCND:USC00234271,233
115,",,W,",AWND,2017-07-10T00:00:00,GHCND:USW00003963,41
116,",,W,",PRCP,2017-07-10T00:00:00,GHCND:USW00003963,0
117,",,W,",SNOW,2017-07-10T00:00:00,GHCND:USW00003963,0
118,",,W,",SNWD,2017-07-10T00:00:00,GHCND:USW00003963,0
119,",,W,",TMAX,2017-07-10T00:00:00,GHCND:USW00003963,339
120,",,W,",TMIN,2017-07-10T00:00:00,GHCND:USW00003963,239
121,",,W,",WDF2,2017-07-10T00:00:00,GHCND:USW00003963,220
122,",,W,",WDF5,2017-07-10T00:00:00,GHCND:USW00003963,210
123,",,W,",WSF2,2017-07-10T00:00:00,GHCND:USW00003963,94
124,",,W,",WSF5,2017-07-10T00:00:00,GHCND:USW00003963,121
125,",,N,",PRCP,2017-07-11T00:00:00,GHCND:US1MOBN0007,0
126,",,N,",SNOW,2017-07-11T00:00:00,GHCND:US1MOBN0007,0
127,",,N,",PRCP,2017-07-11T00:00:00,GHCND:US1MOBN0032,0
128,",,N,",SNOW,2017-07-11T00:00:00,GHCND:US1MOBN0032,0
129,",,N,",PRCP,2017-07-11T00:00:00,GHCND:US1MOCE0007,0
130,",,N,",SNOW,2017-07-11T00:00:00,GHCND:US1MOCE0007,0
131,",,N,",PRCP,2017-07-11T00:00:00,GHCND:US1MOCE0009,0
132,",,N,",SNOW,2017-07-11T00:00:00,GHCND:US1MOCE0009,0
133,",,N,",PRCP,2017-07-11T00:00:00,GHCND:US1MOCE0017,0
134,",,N,",SNOW,2017-07-11T00:00:00,GHCND:US1MOCE0017,0
135,",,N,",SNWD,2017-07-11T00:00:00,GHCND:US1MOCE0017,0
136,",,N,",WESD,2017-07-11T00:00:00,GHCND:US1MOCE0017,0
137,",,N,",WESF,2017-07-11T00:00:00,GHCND:US1MOCE0017,0
138,",,N,",PRCP,2017-07-11T00:00:00,GHCND:US1MOCW0009,0
139,",,N,",SNOW,2017-07-11T00:00:00,GHCND:US1MOCW0009,0
140,",,N,",PRCP,2017-07-11T00:00:00,GHCND:US1MOCW0012,0
141,",,N,",PRCP,2017-07-11T00:00:00,GHCND:US1MOFSA051,0
142,",,N,",SNOW,2017-07-11T00:00:00,GHCND:US1MOFSA051,0
143,",,7,0700",PRCP,2017-07-11T00:00:00,GHCND:USC00234271,0
144,",,7,",SNOW,2017-07-11T00:00:00,GHCND:USC00234271,0
145,",,7,",SNWD,2017-07-11T00:00:00,GHCND:USC00234271,0
146,",,7,0700",TMAX,2017-07-11T00:00:00,GHCND:USC00234271,333
147,",,7,0700",TMIN,2017-07-11T00:00:00,GHCND:USC00234271,233
148,",,7,0700",TOBS,2017-07-11T00:00:00,GHCND:USC00234271,239
149,",,W,",AWND,2017-07-11T00:00:00,GHCND:USW00003963,37
150,",,W,",PRCP,2017-07-11T00:00:00,GHCND:USW00003963,0
151,",,W,",SNOW,2017-07-11T00:00:00,GHCND:USW00003963,0
152,",,W,",SNWD,2017-07-11T00:00:00,GHCND:USW00003963,0
153,",,W,",TMAX,2017-07-11T00:00:00,GHCND:USW00003963,344
154,",,W,",TMIN,2017-07-11T00:00:00,GHCND:USW00003963,244
155,",,W,",WDF2,2017-07-11T00:00:00,GHCND:USW00003963,210
156,",,W,",WDF5,2017-07-11T00:00:00,GHCND:USW00003963,180
157,",,W,",WSF2,2017-07-11T00:00:00,GHCND:USW00003963,72
158,",,W,",WSF5,2017-07-11T00:00:00,GHCND:USW00003963,89
159,",,N,",PRCP,2017-07-12T00:00:00,GHCND:US1MOBN0007,0
160,",,N,",SNOW,2017-07-12T00:00:00,GHCND:US1MOBN0007,0
161,",,N,",PRCP,2017-07-12T00:00:00,GHCND:US1MOBN0032,0
162,",,N,",SNOW,2017-07-12T00:00:00,GHCND:US1MOBN0032,0
163,",,N,",PRCP,2017-07-12T00:00:00,GHCND:US1MOCE0007,0
164,",,N,",SNOW,2017-07-12T00:00:00,GHCND:US1MOCE0007,0
165,",,N,",PRCP,2017-07-12T00:00:00,GHCND:US1MOCE0009,0
166,",,N,",SNOW,2017-07-12T00:00:00,GHCND:US1MOCE0009,0
167,",,N,",PRCP,2017-07-12T00:00:00,GHCND:US1MOCE0017,0
168,",,N,",SNOW,2017-07-12T00:00:00,GHCND:US1MOCE0017,0
169,",,N,",SNWD,2017-07-12T00:00:00,GHCND:US1MOCE0017,0
170,",,N,",WESD,2017-07-12T00:00:00,GHCND:US1MOCE0017,0
171,",,N,",WESF,2017-07-12T00:00:00,GHCND:US1MOCE0017,0
172,",,N,",PRCP,2017-07-12T00:00:00,GHCND:US1MOCW0009,0
173,",,N,",SNOW,2017-07-12T00:00:00,GHCND:US1MOCW0009,0
174,",,N,",PRCP,2017-07-12T00:00:00,GHCND:US1MOCW0012,0
175,",,N,",PRCP,2017-07-12T00:00:00,GHCND:US1MOFSA051,0
176,",,N,",SNOW,2017-07-12T00:00:00,GHCND:US1MOFSA051,0
177,",,7,0700",PRCP,2017-07-12T00:00:00,GHCND:USC00234271,0
178,",,7,",SNOW,2017-07-12T00:00:00,GHCND:USC00234271,0
179,",,7,",SNWD,2017-07-12T00:00:00,GHCND:USC00234271,0
180,",,7,0700",TMAX,2017-07-12T00:00:00,GHCND:USC00234271,339
181,",,7,0700",TMIN,2017-07-12T00:00:00,GHCND:USC00234271,239
182,",,7,0700",TOBS,2017-07-12T00:00:00,GHCND:USC00234271,244
183,",,W,",AWND,2017-07-12T00:00:00,GHCND:USW00003963,34
184,",,W,",PRCP,2017-07-12T00:00:00,GHCND:USW00003963,0
185,",,W,",SNOW,2017-07-12T00:00:00,GHCND:USW00003963,0
186,",,W,",SNWD,2017-07-12T00:00:00,GHCND:USW00003963,0
187,",,W,",TMAX,2017-07-12T00:00:00,GHCND:USW00003963,356
188,",,W,",TMIN,2017-07-12T00:00:00,GHCND:USW00003963,244
189,",,W,",WDF2,2017-07-12T00:00:00,GHCND:USW00003963,230
190,",,W,",WDF5,2017-07-12T00:00:00,GHCND:USW00003963,220
191,",,W,",WSF2,2017-07-12T00:00:00,GHCND:USW00003963,76
192,",,W,",WSF5,2017-07-12T00:00:00,GHCND:USW00003963,103
193,",,N,",PRCP,2017-07-13T00:00:00,GHCND:US1MOBN0007,0
194,",,N,",SNOW,2017-07-13T00:00:00,GHCND:US1MOBN0007,0
195,",,N,",PRCP,2017-07-13T00:00:00,GHCND:US1MOBN0032,0
196,",,N,",SNOW,2017-07-13T00:00:00,GHCND:US1MOBN0032,0
197,",,N,",PRCP,2017-07-13T00:00:00,GHCND:US1MOCE0007,0
198,",,N,",SNOW,2017-07-13T00:00:00,GHCND:US1MOCE0007,0
199,",,N,",PRCP,2017-07-13T00:00:00,GHCND:US1MOCE0009,0
200,",,N,",SNOW,2017-07-13T00:00:00,GHCND:US1MOCE0009,0
201,",,N,",PRCP,2017-07-13T00:00:00,GHCND:US1MOCE0017,0
202,",,N,",SNOW,2017-07-13T00:00:00,GHCND:US1MOCE0017,0
203,",,N,",SNWD,2017-07-13T00:00:00,GHCND:US1MOCE0017,0
204,",,N,",WESD,2017-07-13T00:00:00,GHCND:US1MOCE0017,0
205,",,N,",WESF,2017-07-13T00:00:00,GHCND:US1MOCE0017,0
206,",,N,",PRCP,2017-07-13T00:00:00,GHCND:US1MOCW0009,0
207,",,N,",SNOW,2017-07-13T00:00:00,GHCND:US1MOCW0009,0
208,",,N,",PRCP,2017-07-13T00:00:00,GHCND:US1MOCW0012,0
209,",,N,",PRCP,2017-07-13T00:00:00,GHCND:US1MOFSA051,0
210,",,N,",SNOW,2017-07-13T00:00:00,GHCND:US1MOFSA051,0
211,",,7,0700",PRCP,2017-07-13T00:00:00,GHCND:USC00234271,0
212,",,7,",SNOW,2017-07-13T00:00:00,GHCND:USC00234271,0
213,",,7,",SNWD,2017-07-13T00:00:00,GHCND:USC00234271,0
214,",,7,0700",TMAX,2017-07-13T00:00:00,GHCND:USC00234271,350
215,",,7,0700",TMIN,2017-07-13T00:00:00,GHCND:USC00234271,244
216,",,7,0700",TOBS,2017-07-13T00:00:00,GHCND:USC00234271,256
217,",,W,",AWND,2017-07-13T00:00:00,GHCND:USW00003963,23
218,",,W,",PRCP,2017-07-13T00:00:00,GHCND:USW00003963,43
219,",,W,",SNOW,2017-07-13T00:00:00,GHCND:USW00003963,0
220,",,W,",SNWD,2017-07-13T00:00:00,GHCND:USW00003963,0
221,",,W,",TMAX,2017-07-13T00:00:00,GHCND:USW00003963,328
222,",,W,",TMIN,2017-07-13T00:00:00,GHCND:USW00003963,222
223,",,W,",WDF2,2017-07-13T00:00:00,GHCND:USW00003963,290
224,",,W,",WDF5,2017-07-13T00:00:00,GHCND:USW00003963,280
225,",,W,",WSF2,2017-07-13T00:00:00,GHCND:USW00003963,130
226,",,W,",WSF5,2017-07-13T00:00:00,GHCND:USW00003963,170
227,",,W,",WT01,2017-07-13T00:00:00,GHCND:USW00003963,1
228,",,W,",WT03,2017-07-13T00:00:00,GHCND:USW00003963,1
229,",,N,",PRCP,2017-07-14T00:00:00,GHCND:US1MOBN0007,61
230,",,N,",PRCP,2017-07-14T00:00:00,GHCND:US1MOBN0032,145
231,",,N,",PRCP,2017-07-14T00:00:00,GHCND:US1MOCE0007,185
232,",,N,",PRCP,2017-07-14T00:00:00,GHCND:US1MOCE0009,198
233,",,N,",PRCP,2017-07-14T00:00:00,GHCND:US1MOCE0017,244
234,",,N,",SNOW,2017-07-14T00:00:00,GHCND:US1MOCE0017,0
235,",,N,",SNWD,2017-07-14T00:00:00,GHCND:US1MOCE0017,0
236,",,N,",WESD,2017-07-14T00:00:00,GHCND:US1MOCE0017,0
237,",,N,",WESF,2017-07-14T00:00:00,GHCND:US1MOCE0017,0
238,",,N,",PRCP,2017-07-14T00:00:00,GHCND:US1MOCW0009,74
239,",,N,",PRCP,2017-07-14T00:00:00,GHCND:US1MOCW0012,211
240,",,N,",PRCP,2017-07-14T00:00:00,GHCND:US1MOFSA051,79
241,",,7,0700",PRCP,2017-07-14T00:00:00,GHCND:USC00234271,104
242,",,7,",SNOW,2017-07-14T00:00:00,GHCND:USC00234271,0
243,",,7,",SNWD,2017-07-14T00:00:00,GHCND:USC00234271,0
244,",,7,0700",TMAX,2017-07-14T00:00:00,GHCND:USC00234271,328
245,",,7,0700",TMIN,2017-07-14T00:00:00,GHCND:USC00234271,217
246,",,7,0700",TOBS,2017-07-14T00:00:00,GHCND:USC00234271,228
247,",,W,",AWND,2017-07-14T00:00:00,GHCND:USW00003963,25
248,",,W,",PRCP,2017-07-14T00:00:00,GHCND:USW00003963,81
249,",,W,",SNOW,2017-07-14T00:00:00,GHCND:USW00003963,0
250,",,W,",SNWD,2017-07-14T00:00:00,GHCND:USW00003963,0
251,",,W,",TMAX,2017-07-14T00:00:00,GHCND:USW00003963,317
252,",,W,",TMIN,2017-07-14T00:00:00,GHCND:USW00003963,228
253,",,W,",WDF2,2017-07-14T00:00:00,GHCND:USW00003963,30
254,",,W,",WDF5,2017-07-14T00:00:00,GHCND:USW00003963,20
255,",,W,",WSF2,2017-07-14T00:00:00,GHCND:USW00003963,76
256,",,W,",WSF5,2017-07-14T00:00:00,GHCND:USW00003963,85
257,",,W,",WT01,2017-07-14T00:00:00,GHCND:USW00003963,1
258,",,W,",WT03,2017-07-14T00:00:00,GHCND:USW00003963,1
259,",,N,",PRCP,2017-07-15T00:00:00,GHCND:US1MOBN0007,0
260,",,N,",SNOW,2017-07-15T00:00:00,GHCND:US1MOBN0007,0
261,",,N,",PRCP,2017-07-15T00:00:00,GHCND:US1MOBN0032,0
262,",,N,",SNOW,2017-07-15T00:00:00,GHCND:US1MOBN0032,0
263,",,N,",PRCP,2017-07-15T00:00:00,GHCND:US1MOCE0007,38
264,",,N,",PRCP,2017-07-15T00:00:00,GHCND:US1MOCE0009,3
265,",,N,",PRCP,2017-07-15T00:00:00,GHCND:US1MOCE0017,41
266,",,N,",SNOW,2017-07-15T00:00:00,GHCND:US1MOCE0017,0
267,",,N,",SNWD,2017-07-15T00:00:00,GHCND:US1MOCE0017,0
268,",,N,",WESD,2017-07-15T00:00:00,GHCND:US1MOCE0017,0
269,",,N,",WESF,2017-07-15T00:00:00,GHCND:US1MOCE0017,0
270,",,N,",PRCP,2017-07-15T00:00:00,GHCND:US1MOCW0009,0
271,",,N,",SNOW,2017-07-15T00:00:00,GHCND:US1MOCW0009,0
272,",,N,",PRCP,2017-07-15T00:00:00,GHCND:US1MOCW0012,0
273,",,N,",PRCP,2017-07-15T00:00:00,GHCND:US1MOFSA051,0
274,",,N,",SNOW,2017-07-15T00:00:00,GHCND:US1MOFSA051,0
275,",,7,0700",PRCP,2017-07-15T00:00:00,GHCND:USC00234271,5
276,",,7,",SNOW,2017-07-15T00:00:00,GHCND:USC00234271,0
277,",,7,",SNWD,2017-07-15T00:00:00,GHCND:USC00234271,0
278,",,7,0700",TMAX,2017-07-15T00:00:00,GHCND:USC00234271,311
279,",,7,0700",TMIN,2017-07-15T00:00:00,GHCND:USC00234271,206
280,",,7,0700",TOBS,2017-07-15T00:00:00,GHCND:USC00234271,228
281,",,W,",AWND,2017-07-15T00:00:00,GHCND:USW00003963,16
282,",,W,",PRCP,2017-07-15T00:00:00,GHCND:USW00003963,0
283,",,W,",SNOW,2017-07-15T00:00:00,GHCND:USW00003963,0
284,",,W,",SNWD,2017-07-15T00:00:00,GHCND:USW00003963,0
285,",,W,",TMAX,2017-07-15T00:00:00,GHCND:USW00003963,317
286,",,W,",TMIN,2017-07-15T00:00:00,GHCND:USW00003963,206
287,",,W,",WDF2,2017-07-15T00:00:00,GHCND:USW00003963,60
288,",,W,",WDF5,2017-07-15T00:00:00,GHCND:USW00003963,90
289,",,W,",WSF2,2017-07-15T00:00:00,GHCND:USW00003963,54
290,",,W,",WSF5,2017-07-15T00:00:00,GHCND:USW00003963,76
291,",,N,",PRCP,2017-07-16T00:00:00,GHCND:US1MOBN0007,0
292,",,N,",SNOW,2017-07-16T00:00:00,GHCND:US1MOBN0007,0
293,",,N,",PRCP,2017-07-16T00:00:00,GHCND:US1MOBN0032,0
294,",,N,",SNOW,2017-07-16T00:00:00,GHCND:US1MOBN0032,0
295,",,N,",PRCP,2017-07-16T00:00:00,GHCND:US1MOCE0009,0
296,",,N,",SNOW,2017-07-16T00:00:00,GHCND:US1MOCE0009,0
297,",,N,",PRCP,2017-07-16T00:00:00,GHCND:US1MOCE0017,0
298,",,N,",SNOW,2017-07-16T00:00:00,GHCND:US1MOCE0017,0
299,",,N,",SNWD,2017-07-16T00:00:00,GHCND:US1MOCE0017,0
300,",,N,",WESD,2017-07-16T00:00:00,GHCND:US1MOCE0017,0
301,",,N,",WESF,2017-07-16T00:00:00,GHCND:US1MOCE0017,0
302,",,N,",PRCP,2017-07-16T00:00:00,GHCND:US1MOCW0009,0
303,",,N,",SNOW,2017-07-16T00:00:00,GHCND:US1MOCW0009,0
304,",,N,",PRCP,2017-07-16T00:00:00,GHCND:US1MOCW0012,0
305,",,N,",PRCP,2017-07-16T00:00:00,GHCND:US1MOFSA051,0
306,",,N,",SNOW,2017-07-16T00:00:00,GHCND:US1MOFSA051,0
307,",,7,0700",PRCP,2017-07-16T00:00:00,GHCND:USC00234271,0
308,",,7,",SNOW,2017-07-16T00:00:00,GHCND:USC00234271,0
309,",,7,",SNWD,2017-07-16T00:00:00,GHCND:USC00234271,0
310,",,7,0700",TMAX,2017-07-16T00:00:00,GHCND:USC00234271,306
311,",,7,0700",TMIN,2017-07-16T00:00:00,GHCND:USC00234271,200
312,",,7,0700",TOBS,2017-07-16T00:00:00,GHCND:USC00234271,233
313,",,W,",AWND,2017-07-16T00:00:00,GHCND:USW00003963,12
314,",,W,",PRCP,2017-07-16T00:00:00,GHCND:USW00003963,0
315,",,W,",SNOW,2017-07-16T00:00:00,GHCND:USW00003963,0
316,",,W,",SNWD,2017-07-16T00:00:00,GHCND:USW00003963,0
317,",,W,",TMAX,2017-07-16T00:00:00,GHCND:USW00003963,333
318,",,W,",TMIN,2017-07-16T00:00:00,GHCND:USW00003963,194
319,",,W,",WDF2,2017-07-16T00:00:00,GHCND:USW00003963,340
320,",,W,",WDF5,2017-07-16T00:00:00,GHCND:USW00003963,290
321,",,W,",WSF2,2017-07-16T00:00:00,GHCND:USW00003963,45
322,",,W,",WSF5,2017-07-16T00:00:00,GHCND:USW00003963,63
323,",,N,",PRCP,2017-07-17T00:00:00,GHCND:US1MOBN0007,0
324,",,N,",SNOW,2017-07-17T00:00:00,GHCND:US1MOBN0007,0
325,",,N,",PRCP,2017-07-17T00:00:00,GHCND:US1MOBN0032,0
326,",,N,",SNOW,2017-07-17T00:00:00,GHCND:US1MOBN0032,0
327,",,N,",PRCP,2017-07-17T00:00:00,GHCND:US1MOCE0007,0
328,",,N,",SNOW,2017-07-17T00:00:00,GHCND:US1MOCE0007,0
329,",,N,",PRCP,2017-07-17T00:00:00,GHCND:US1MOCE0009,0
330,",,N,",SNOW,2017-07-17T00:00:00,GHCND:US1MOCE0009,0
331,",,N,",PRCP,2017-07-17T00:00:00,GHCND:US1MOCE0017,0
332,",,N,",SNOW,2017-07-17T00:00:00,GHCND:US1MOCE0017,0
333,",,N,",SNWD,2017-07-17T00:00:00,GHCND:US1MOCE0017,0
334,",,N,",WESD,2017-07-17T00:00:00,GHCND:US1MOCE0017,0
335,",,N,",WESF,2017-07-17T00:00:00,GHCND:US1MOCE0017,0
336,",,N,",PRCP,2017-07-17T00:00:00,GHCND:US1MOCW0009,0
337,",,N,",SNOW,2017-07-17T00:00:00,GHCND:US1MOCW0009,0
338,",,N,",PRCP,2017-07-17T00:00:00,GHCND:US1MOCW0012,0
339,",,N,",PRCP,2017-07-17T00:00:00,GHCND:US1MOFSA051,0
340,",,N,",SNOW,2017-07-17T00:00:00,GHCND:US1MOFSA051,0
341,",,7,0700",PRCP,2017-07-17T00:00:00,GHCND:USC00234271,0
342,",,7,",SNOW,2017-07-17T00:00:00,GHCND:USC00234271,0
343,",,7,",SNWD,2017-07-17T00:00:00,GHCND:USC00234271,0
344,",,7,0700",TMAX,2017-07-17T00:00:00,GHCND:USC00234271,322
345,",,7,0700",TMIN,2017-07-17T00:00:00,GHCND:USC00234271,228
346,",,7,0700",TOBS,2017-07-17T00:00:00,GHCND:USC00234271,233
347,",,W,",AWND,2017-07-17T00:00:00,GHCND:USW00003963,12
348,",,W,",PRCP,2017-07-17T00:00:00,GHCND:USW00003963,0
349,",,W,",SNOW,2017-07-17T00:00:00,GHCND:USW00003963,0
350,",,W,",SNWD,2017-07-17T00:00:00,GHCND:USW00003963,0
351,",,W,",TMAX,2017-07-17T00:00:00,GHCND:USW00003963,350
352,",,W,",TMIN,2017-07-17T00:00:00,GHCND:USW00003963,222
353,",,W,",WDF2,2017-07-17T00:00:00,GHCND:USW00003963,70
354,",,W,",WDF5,2017-07-17T00:00:00,GHCND:USW00003963,80
355,",,W,",WSF2,2017-07-17T00:00:00,GHCND:USW00003963,45
356,",,W,",WSF5,2017-07-17T00:00:00,GHCND:USW00003963,63
357,",,N,",PRCP,2017-07-18T00:00:00,GHCND:US1MOBN0007,0
358,",,N,",SNOW,2017-07-18T00:00:00,GHCND:US1MOBN0007,0
359,",,N,",PRCP,2017-07-18T00:00:00,GHCND:US1MOBN0032,0
360,",,N,",SNOW,2017-07-18T00:00:00,GHCND:US1MOBN0032,0
361,",,N,",PRCP,2017-07-18T00:00:00,GHCND:US1MOCE0007,0
362,",,N,",SNOW,2017-07-18T00:00:00,GHCND:US1MOCE0007,0
363,",,N,",PRCP,2017-07-18T00:00:00,GHCND:US1MOCE0009,0
364,",,N,",SNOW,2017-07-18T00:00:00,GHCND:US1MOCE0009,0
365,",,N,",PRCP,2017-07-18T00:00:00,GHCND:US1MOCE0017,0
366,",,N,",SNOW,2017-07-18T00:00:00,GHCND:US1MOCE0017,0
367,",,N,",SNWD,2017-07-18T00:00:00,GHCND:US1MOCE0017,0
368,",,N,",WESD,2017-07-18T00:00:00,GHCND:US1MOCE0017,0
369,",,N,",WESF,2017-07-18T00:00:00,GHCND:US1MOCE0017,0
370,",,N,",PRCP,2017-07-18T00:00:00,GHCND:US1MOCW0009,0
371,",,N,",SNOW,2017-07-18T00:00:00,GHCND:US1MOCW0009,0
372,",,N,",PRCP,2017-07-18T00:00:00,GHCND:US1MOCW0012,0
373,",,N,",PRCP,2017-07-18T00:00:00,GHCND:US1MOFSA051,0
374,",,N,",SNOW,2017-07-18T00:00:00,GHCND:US1MOFSA051,0
375,",,7,0700",PRCP,2017-07-18T00:00:00,GHCND:USC00234271,0
376,",,7,",SNOW,2017-07-18T00:00:00,GHCND:USC00234271,0
377,",,7,",SNWD,2017-07-18T00:00:00,GHCND:USC00234271,0
378,",,7,0700",TMAX,2017-07-18T00:00:00,GHCND:USC00234271,339
379,",,7,0700",TMIN,2017-07-18T00:00:00,GHCND:USC00234271,233
380,",,7,0700",TOBS,2017-07-18T00:00:00,GHCND:USC00234271,239
381,",,W,",AWND,2017-07-18T00:00:00,GHCND:USW00003963,16
382,",,W,",PRCP,2017-07-18T00:00:00,GHCND:USW00003963,0
383,",,W,",SNOW,2017-07-18T00:00:00,GHCND:USW00003963,0
384,",,W,",SNWD,2017-07-18T00:00:00,GHCND:USW00003963,0
385,",,W,",TMAX,2017-07-18T00:00:00,GHCND:USW00003963,344
386,",,W,",TMIN,2017-07-18T00:00:00,GHCND:USW00003963,228
387,",,W,",WDF2,2017-07-18T00:00:00,GHCND:USW00003963,290
388,",,W,",WDF5,2017-07-18T00:00:00,GHCND:USW00003963,290
389,",,W,",WSF2,2017-07-18T00:00:00,GHCND:USW00003963,45
390,",,W,",WSF5,2017-07-18T00:00:00,GHCND:USW00003963,58
391,",,W,",WT01,2017-07-18T00:00:00,GHCND:USW00003963,1
392,",,N,",PRCP,2017-07-19T00:00:00,GHCND:US1MOBN0007,0
393,",,N,",SNOW,2017-07-19T00:00:00,GHCND:US1MOBN0007,0
394,",,N,",PRCP,2017-07-19T00:00:00,GHCND:US1MOBN0032,0
395,",,N,",SNOW,2017-07-19T00:00:00,GHCND:US1MOBN0032,0
396,",,N,",PRCP,2017-07-19T00:00:00,GHCND:US1MOCE0007,0
397,",,N,",SNOW,2017-07-19T00:00:00,GHCND:US1MOCE0007,0
398,",,N,",PRCP,2017-07-19T00:00:00,GHCND:US1MOCE0009,0
399,",,N,",SNOW,2017-07-19T00:00:00,GHCND:US1MOCE0009,0
400,",,N,",PRCP,2017-07-19T00:00:00,GHCND:US1MOCE0017,0
401,",,N,",SNOW,2017-07-19T00:00:00,GHCND:US1MOCE0017,0
402,",,N,",SNWD,2017-07-19T00:00:00,GHCND:US1MOCE0017,0
403,",,N,",WESD,2017-07-19T00:00:00,GHCND:US1MOCE0017,0
404,",,N,",WESF,2017-07-19T00:00:00,GHCND:US1MOCE0017,0
405,",,N,",PRCP,2017-07-19T00:00:00,GHCND:US1MOCW0009,0
406,",,N,",SNOW,2017-07-19T00:00:00,GHCND:US1MOCW0009,0
407,",,N,",PRCP,2017-07-19T00:00:00,GHCND:US1MOCW0012,0
408,",,N,",PRCP,2017-07-19T00:00:00,GHCND:US1MOFSA051,0
409,",,N,",SNOW,2017-07-19T00:00:00,GHCND:US1MOFSA051,0
410,",,7,0700",PRCP,2017-07-19T00:00:00,GHCND:USC00234271,0
411,",,7,",SNOW,2017-07-19T00:00:00,GHCND:USC00234271,0
412,",,7,",SNWD,2017-07-19T00:00:00,GHCND:USC00234271,0
413,",,7,0700",TMAX,2017-07-19T00:00:00,GHCND:USC00234271,339
414,",,7,0700",TMIN,2017-07-19T00:00:00,GHCND:USC00234271,233
415,",,7,0700",TOBS,2017-07-19T00:00:00,GHCND:USC00234271,244
416,",,W,",AWND,2017-07-19T00:00:00,GHCND:USW00003963,11
417,",,W,",PRCP,2017-07-19T00:00:00,GHCND:USW00003963,0
418,",,W,",SNOW,2017-07-19T00:00:00,GHCND:USW00003963,0
419,",,W,",SNWD,2017-07-19T00:00:00,GHCND:USW00003963,0
420,",,W,",TMAX,2017-07-19T00:00:00,GHCND:USW00003963,344
421,",,W,",TMIN,2017-07-19T00:00:00,GHCND:USW00003963,233
422,",,W,",WDF2,2017-07-19T00:00:00,GHCND:USW00003963,160
423,",,W,",WDF5,2017-07-19T00:00:00,GHCND:USW00003963,170
424,",,W,",WSF2,2017-07-19T00:00:00,GHCND:USW00003963,40
425,",,W,",WSF5,2017-07-19T00:00:00,GHCND:USW00003963,72
426,",,N,",PRCP,2017-07-20T00:00:00,GHCND:US1MOBN0007,0
427,",,N,",SNOW,2017-07-20T00:00:00,GHCND:US1MOBN0007,0
428,",,N,",PRCP,2017-07-20T00:00:00,GHCND:US1MOBN0032,0
429,",,N,",SNOW,2017-07-20T00:00:00,GHCND:US1MOBN0032,0
430,",,N,",PRCP,2017-07-20T00:00:00,GHCND:US1MOCE0009,0
431,",,N,",SNOW,2017-07-20T00:00:00,GHCND:US1MOCE0009,0
432,",,N,",PRCP,2017-07-20T00:00:00,GHCND:US1MOCE0017,0
433,",,N,",SNOW,2017-07-20T00:00:00,GHCND:US1MOCE0017,0
434,",,N,",SNWD,2017-07-20T00:00:00,GHCND:US1MOCE0017,0
435,",,N,",WESD,2017-07-20T00:00:00,GHCND:US1MOCE0017,0
436,",,N,",WESF,2017-07-20T00:00:00,GHCND:US1MOCE0017,0
437,",,N,",PRCP,2017-07-20T00:00:00,GHCND:US1MOCW0009,0
438,",,N,",SNOW,2017-07-20T00:00:00,GHCND:US1MOCW0009,0
439,",,N,",PRCP,2017-07-20T00:00:00,GHCND:US1MOCW0012,0
440,",,N,",PRCP,2017-07-20T00:00:00,GHCND:US1MOFSA051,0
441,",,N,",SNOW,2017-07-20T00:00:00,GHCND:US1MOFSA051,0
442,",,7,0700",PRCP,2017-07-20T00:00:00,GHCND:USC00234271,0
443,",,7,",SNOW,2017-07-20T00:00:00,GHCND:USC00234271,0
444,",,7,",SNWD,2017-07-20T00:00:00,GHCND:USC00234271,0
445,",,7,0700",TMAX,2017-07-20T00:00:00,GHCND:USC00234271,344
446,",,7,0700",TMIN,2017-07-20T00:00:00,GHCND:USC00234271,239
447,",,7,0700",TOBS,2017-07-20T00:00:00,GHCND:USC00234271,256
448,",,W,",AWND,2017-07-20T00:00:00,GHCND:USW00003963,21
449,",,W,",PRCP,2017-07-20T00:00:00,GHCND:USW00003963,0
450,",,W,",SNOW,2017-07-20T00:00:00,GHCND:USW00003963,0
451,",,W,",SNWD,2017-07-20T00:00:00,GHCND:USW00003963,0
452,",,W,",TMAX,2017-07-20T00:00:00,GHCND:USW00003963,367
453,",,W,",TMIN,2017-07-20T00:00:00,GHCND:USW00003963,239
454,",,W,",WDF2,2017-07-20T00:00:00,GHCND:USW00003963,280
455,",,W,",WDF5,2017-07-20T00:00:00,GHCND:USW00003963,290
456,",,W,",WSF2,2017-07-20T00:00:00,GHCND:USW00003963,72
457,",,W,",WSF5,2017-07-20T00:00:00,GHCND:USW00003963,94
458,",,N,",PRCP,2017-07-21T00:00:00,GHCND:US1MOBN0007,0
459,",,N,",SNOW,2017-07-21T00:00:00,GHCND:US1MOBN0007,0
460,",,N,",PRCP,2017-07-21T00:00:00,GHCND:US1MOBN0032,0
461,",,N,",SNOW,2017-07-21T00:00:00,GHCND:US1MOBN0032,0
462,",,N,",PRCP,2017-07-21T00:00:00,GHCND:US1MOCE0007,0
463,",,N,",SNOW,2017-07-21T00:00:00,GHCND:US1MOCE0007,0
464,",,N,",PRCP,2017-07-21T00:00:00,GHCND:US1MOCE0009,0
465,",,N,",SNOW,2017-07-21T00:00:00,GHCND:US1MOCE0009,0
466,",,N,",PRCP,2017-07-21T00:00:00,GHCND:US1MOCE0017,0
467,",,N,",SNOW,2017-07-21T00:00:00,GHCND:US1MOCE0017,0
468,",,N,",SNWD,2017-07-21T00:00:00,GHCND:US1MOCE0017,0
469,",,N,",WESD,2017-07-21T00:00:00,GHCND:US1MOCE0017,0
470,",,N,",WESF,2017-07-21T00:00:00,GHCND:US1MOCE0017,0
471,",,N,",PRCP,2017-07-21T00:00:00,GHCND:US1MOCW0012,0
472,",,N,",PRCP,2017-07-21T00:00:00,GHCND:US1MOFSA051,0
473,",,N,",SNOW,2017-07-21T00:00:00,GHCND:US1MOFSA051,0
474,",,7,0700",PRCP,2017-07-21T00:00:00,GHCND:USC00234271,0
475,",,7,",SNOW,2017-07-21T00:00:00,GHCND:USC00234271,0
476,",,7,",SNWD,2017-07-21T00:00:00,GHCND:USC00234271,0
477,",,7,0700",TMAX,2017-07-21T00:00:00,GHCND:USC00234271,367
478,",,7,0700",TMIN,2017-07-21T00:00:00,GHCND:USC00234271,244
479,",,7,0700",TOBS,2017-07-21T00:00:00,GHCND:USC00234271,261
480,",,W,",AWND,2017-07-21T00:00:00,GHCND:USW00003963,24
481,",,W,",PRCP,2017-07-21T00:00:00,GHCND:USW00003963,0
482,",,W,",SNOW,2017-07-21T00:00:00,GHCND:USW00003963,0
483,",,W,",SNWD,2017-07-21T00:00:00,GHCND:USW00003963,0
484,",,W,",TMAX,2017-07-21T00:00:00,GHCND:USW00003963,367
485,",,W,",TMIN,2017-07-21T00:00:00,GHCND:USW00003963,239
486,",,W,",WDF2,2017-07-21T00:00:00,GHCND:USW00003963,230
487,",,W,",WDF5,2017-07-21T00:00:00,GHCND:USW00003963,180
488,",,W,",WSF2,2017-07-21T00:00:00,GHCND:USW00003963,63
489,",,W,",WSF5,2017-07-21T00:00:00,GHCND:USW00003963,103
490,",,N,",PRCP,2017-07-22T00:00:00,GHCND:US1MOBN0007,0
491,",,N,",SNOW,2017-07-22T00:00:00,GHCND:US1MOBN0007,0
492,",,N,",PRCP,2017-07-22T00:00:00,GHCND:US1MOBN0032,0
493,",,N,",SNOW,2017-07-22T00:00:00,GHCND:US1MOBN0032,0
494,",,N,",PRCP,2017-07-22T00:00:00,GHCND:US1MOCE0007,0
495,",,N,",SNOW,2017-07-22T00:00:00,GHCND:US1MOCE0007,0
496,",,N,",PRCP,2017-07-22T00:00:00,GHCND:US1MOCE0009,0
497,",,N,",SNOW,2017-07-22T00:00:00,GHCND:US1MOCE0009,0
498,",,N,",PRCP,2017-07-22T00:00:00,GHCND:US1MOCE0017,0
499,",,N,",SNOW,2017-07-22T00:00:00,GHCND:US1MOCE0017,0
500,",,N,",SNWD,2017-07-22T00:00:00,GHCND:US1MOCE0017,0
501,",,N,",WESD,2017-07-22T00:00:00,GHCND:US1MOCE0017,0
502,",,N,",WESF,2017-07-22T00:00:00,GHCND:US1MOCE0017,0
503,",,N,",PRCP,2017-07-22T00:00:00,GHCND:US1MOCW0009,0
504,",,N,",SNOW,2017-07-22T00:00:00,GHCND:US1MOCW0009,0
505,",,N,",PRCP,2017-07-22T00:00:00,GHCND:US1MOCW0012,0
506,",,N,",PRCP,2017-07-22T00:00:00,GHCND:US1MOFSA051,0
507,",,N,",SNOW,2017-07-22T00:00:00,GHCND:US1MOFSA051,0
508,",,7,0700",PRCP,2017-07-22T00:00:00,GHCND:USC00234271,0
509,",,7,",SNOW,2017-07-22T00:00:00,GHCND:USC00234271,0
510,",,7,",SNWD,2017-07-22T00:00:00,GHCND:USC00234271,0
511,",,7,0700",TMAX,2017-07-22T00:00:00,GHCND:USC00234271,367
512,",,7,0700",TMIN,2017-07-22T00:00:00,GHCND:USC00234271,250
513,",,7,0700",TOBS,2017-07-22T00:00:00,GHCND:USC00234271,267
514,",,W,",AWND,2017-07-22T00:00:00,GHCND:USW00003963,32
515,",,W,",PRCP,2017-07-22T00:00:00,GHCND:USW00003963,0
516,",,W,",SNOW,2017-07-22T00:00:00,GHCND:USW00003963,0
517,",,W,",SNWD,2017-07-22T00:00:00,GHCND:USW00003963,0
518,",,W,",TMAX,2017-07-22T00:00:00,GHCND:USW00003963,383
519,",,W,",TMIN,2017-07-22T00:00:00,GHCND:USW00003963,261
520,",,W,",WDF2,2017-07-22T00:00:00,GHCND:USW00003963,250
521,",,W,",WDF5,2017-07-22T00:00:00,GHCND:USW00003963,240
522,",,W,",WSF2,2017-07-22T00:00:00,GHCND:USW00003963,81
523,",,W,",WSF5,2017-07-22T00:00:00,GHCND:USW00003963,116
524,",,W,",WT03,2017-07-22T00:00:00,GHCND:USW00003963,1
525,",,N,",PRCP,2017-07-23T00:00:00,GHCND:US1MOBN0007,147
526,",,N,",PRCP,2017-07-23T00:00:00,GHCND:US1MOBN0032,165
527,",,N,",PRCP,2017-07-23T00:00:00,GHCND:US1MOCE0007,46
528,",,N,",PRCP,2017-07-23T00:00:00,GHCND:US1MOCE0009,51
529,",,N,",PRCP,2017-07-23T00:00:00,GHCND:US1MOCE0017,48
530,",,N,",SNOW,2017-07-23T00:00:00,GHCND:US1MOCE0017,0
531,",,N,",SNWD,2017-07-23T00:00:00,GHCND:US1MOCE0017,0
532,",,N,",WESD,2017-07-23T00:00:00,GHCND:US1MOCE0017,0
533,",,N,",WESF,2017-07-23T00:00:00,GHCND:US1MOCE0017,0
534,",,N,",PRCP,2017-07-23T00:00:00,GHCND:US1MOCW0009,58
535,",,N,",PRCP,2017-07-23T00:00:00,GHCND:US1MOCW0012,66
536,",,N,",PRCP,2017-07-23T00:00:00,GHCND:US1MOFSA051,64
537,",,N,",SNOW,2017-07-23T00:00:00,GHCND:US1MOFSA051,0
538,",,7,0700",PRCP,2017-07-23T00:00:00,GHCND:USC00234271,58
539,",,7,",SNOW,2017-07-23T00:00:00,GHCND:USC00234271,0
540,",,7,",SNWD,2017-07-23T00:00:00,GHCND:USC00234271,0
541,",,7,0700",TMAX,2017-07-23T00:00:00,GHCND:USC00234271,383
542,",,7,0700",TMIN,2017-07-23T00:00:00,GHCND:USC00234271,206
543,",,7,0700",TOBS,2017-07-23T00:00:00,GHCND:USC00234271,211
544,",,7,",WT03,2017-07-23T00:00:00,GHCND:USC00234271,1
545,",,W,",AWND,2017-07-23T00:00:00,GHCND:USW00003963,21
546,",,W,",PRCP,2017-07-23T00:00:00,GHCND:USW00003963,64
547,",,W,",SNOW,2017-07-23T00:00:00,GHCND:USW00003963,0
548,",,W,",SNWD,2017-07-23T00:00:00,GHCND:USW00003963,0
549,",,W,",TMAX,2017-07-23T00:00:00,GHCND:USW00003963,333
550,",,W,",TMIN,2017-07-23T00:00:00,GHCND:USW00003963,217
551,",,W,",WDF2,2017-07-23T00:00:00,GHCND:USW00003963,280
552,",,W,",WDF5,2017-07-23T00:00:00,GHCND:USW00003963,290
553,",,W,",WSF2,2017-07-23T00:00:00,GHCND:USW00003963,170
554,",,W,",WSF5,2017-07-23T00:00:00,GHCND:USW00003963,237
555,",,W,",WT01,2017-07-23T00:00:00,GHCND:USW00003963,1
556,",,W,",WT03,2017-07-23T00:00:00,GHCND:USW00003963,1
557,",,N,",PRCP,2017-07-24T00:00:00,GHCND:US1MOBN0007,0
558,",,N,",SNOW,2017-07-24T00:00:00,GHCND:US1MOBN0007,0
559,",,N,",PRCP,2017-07-24T00:00:00,GHCND:US1MOBN0032,0
560,",,N,",SNOW,2017-07-24T00:00:00,GHCND:US1MOBN0032,0
561,",,N,",PRCP,2017-07-24T00:00:00,GHCND:US1MOCE0007,0
562,",,N,",SNOW,2017-07-24T00:00:00,GHCND:US1MOCE0007,0
563,",,N,",PRCP,2017-07-24T00:00:00,GHCND:US1MOCE0009,0
564,",,N,",SNOW,2017-07-24T00:00:00,GHCND:US1MOCE0009,0
565,",,N,",PRCP,2017-07-24T00:00:00,GHCND:US1MOCW0009,0
566,",,N,",SNOW,2017-07-24T00:00:00,GHCND:US1MOCW0009,0
567,",,N,",PRCP,2017-07-24T00:00:00,GHCND:US1MOCW0012,0
568,",,N,",PRCP,2017-07-24T00:00:00,GHCND:US1MOFSA051,0
569,",,N,",SNOW,2017-07-24T00:00:00,GHCND:US1MOFSA051,0
570,",,7,0700",PRCP,2017-07-24T00:00:00,GHCND:USC00234271,0
571,",,7,",SNOW,2017-07-24T00:00:00,GHCND:USC00234271,0
572,",,7,",SNWD,2017-07-24T00:00:00,GHCND:USC00234271,0
573,",,7,0700",TMIN,2017-07-24T00:00:00,GHCND:USC00234271,206
574,",,7,0700",TOBS,2017-07-24T00:00:00,GHCND:USC00234271,228
575,",,W,",AWND,2017-07-24T00:00:00,GHCND:USW00003963,16
576,",,W,",PRCP,2017-07-24T00:00:00,GHCND:USW00003963,0
577,",,W,",SNOW,2017-07-24T00:00:00,GHCND:USW00003963,0
578,",,W,",SNWD,2017-07-24T00:00:00,GHCND:USW00003963,0
579,",,W,",TMAX,2017-07-24T00:00:00,GHCND:USW00003963,317
580,",,W,",TMIN,2017-07-24T00:00:00,GHCND:USW00003963,222
581,",,W,",WDF2,2017-07-24T00:00:00,GHCND:USW00003963,60
582,",,W,",WDF5,2017-07-24T00:00:00,GHCND:USW00003963,50
583,",,W,",WSF2,2017-07-24T00:00:00,GHCND:USW00003963,54
584,",,W,",WSF5,2017-07-24T00:00:00,GHCND:USW00003963,67
585,",,N,",PRCP,2017-07-25T00:00:00,GHCND:US1MOBN0007,0
586,",,N,",SNOW,2017-07-25T00:00:00,GHCND:US1MOBN0007,0
587,",,N,",PRCP,2017-07-25T00:00:00,GHCND:US1MOBN0032,0
588,",,N,",SNOW,2017-07-25T00:00:00,GHCND:US1MOBN0032,0
589,",,N,",PRCP,2017-07-25T00:00:00,GHCND:US1MOCE0007,0
590,",,N,",SNOW,2017-07-25T00:00:00,GHCND:US1MOCE0007,0
591,",,N,",PRCP,2017-07-25T00:00:00,GHCND:US1MOCE0009,0
592,",,N,",SNOW,2017-07-25T00:00:00,GHCND:US1MOCE0009,0
593,",,N,",PRCP,2017-07-25T00:00:00,GHCND:US1MOCE0017,0
594,",,N,",SNOW,2017-07-25T00:00:00,GHCND:US1MOCE0017,0
595,",,N,",SNWD,2017-07-25T00:00:00,GHCND:US1MOCE0017,0
596,",,N,",WESD,2017-07-25T00:00:00,GHCND:US1MOCE0017,0
597,",,N,",WESF,2017-07-25T00:00:00,GHCND:US1MOCE0017,0
598,",,N,",PRCP,2017-07-25T00:00:00,GHCND:US1MOCW0009,0
599,",,N,",SNOW,2017-07-25T00:00:00,GHCND:US1MOCW0009,0
600,",,N,",PRCP,2017-07-25T00:00:00,GHCND:US1MOCW0012,0
601,",,N,",PRCP,2017-07-25T00:00:00,GHCND:US1MOFSA051,0
602,",,N,",SNOW,2017-07-25T00:00:00,GHCND:US1MOFSA051,0
603,",,7,0700",PRCP,2017-07-25T00:00:00,GHCND:USC00234271,0
604,",,7,",SNOW,2017-07-25T00:00:00,GHCND:USC00234271,0
605,",,7,",SNWD,2017-07-25T00:00:00,GHCND:USC00234271,0
606,",,7,0700",TMAX,2017-07-25T00:00:00,GHCND:USC00234271,317
607,",,7,0700",TMIN,2017-07-25T00:00:00,GHCND:USC00234271,206
608,",,7,0700",TOBS,2017-07-25T00:00:00,GHCND:USC00234271,211
609,",,W,",AWND,2017-07-25T00:00:00,GHCND:USW00003963,22
610,",,W,",PRCP,2017-07-25T00:00:00,GHCND:USW00003963,0
611,",,W,",SNOW,2017-07-25T00:00:00,GHCND:USW00003963,0
612,",,W,",SNWD,2017-07-25T00:00:00,GHCND:USW00003963,0
613,",,W,",TMAX,2017-07-25T00:00:00,GHCND:USW00003963,333
614,",,W,",TMIN,2017-07-25T00:00:00,GHCND:USW00003963,206
615,",,W,",WDF2,2017-07-25T00:00:00,GHCND:USW00003963,130
616,",,W,",WDF5,2017-07-25T00:00:00,GHCND:USW00003963,130
617,",,W,",WSF2,2017-07-25T00:00:00,GHCND:USW00003963,63
618,",,W,",WSF5,2017-07-25T00:00:00,GHCND:USW00003963,76
619,",,N,",PRCP,2017-07-26T00:00:00,GHCND:US1MOBN0007,0
620,",,N,",SNOW,2017-07-26T00:00:00,GHCND:US1MOBN0007,0
621,",,N,",PRCP,2017-07-26T00:00:00,GHCND:US1MOBN0032,0
622,",,N,",SNOW,2017-07-26T00:00:00,GHCND:US1MOBN0032,0
623,",,N,",PRCP,2017-07-26T00:00:00,GHCND:US1MOCE0007,0
624,",,N,",SNOW,2017-07-26T00:00:00,GHCND:US1MOCE0007,0
625,",,N,",PRCP,2017-07-26T00:00:00,GHCND:US1MOCE0009,0
626,",,N,",SNOW,2017-07-26T00:00:00,GHCND:US1MOCE0009,0
627,",,N,",PRCP,2017-07-26T00:00:00,GHCND:US1MOCW0009,0
628,",,N,",SNOW,2017-07-26T00:00:00,GHCND:US1MOCW0009,0
629,",,N,",PRCP,2017-07-26T00:00:00,GHCND:US1MOCW0012,0
630,",,N,",PRCP,2017-07-26T00:00:00,GHCND:US1MOFSA051,0
631,",,N,",SNOW,2017-07-26T00:00:00,GHCND:US1MOFSA051,0
632,",,7,0700",PRCP,2017-07-26T00:00:00,GHCND:USC00234271,0
633,",,7,",SNOW,2017-07-26T00:00:00,GHCND:USC00234271,0
634,",,7,",SNWD,2017-07-26T00:00:00,GHCND:USC00234271,0
635,",,7,0700",TMAX,2017-07-26T00:00:00,GHCND:USC00234271,328
636,",,7,0700",TMIN,2017-07-26T00:00:00,GHCND:USC00234271,206
637,",,7,0700",TOBS,2017-07-26T00:00:00,GHCND:USC00234271,239
638,",,W,",AWND,2017-07-26T00:00:00,GHCND:USW00003963,17
639,",,W,",PRCP,2017-07-26T00:00:00,GHCND:USW00003963,3
640,",,W,",SNOW,2017-07-26T00:00:00,GHCND:USW00003963,0
641,",,W,",SNWD,2017-07-26T00:00:00,GHCND:USW00003963,0
642,",,W,",TMAX,2017-07-26T00:00:00,GHCND:USW00003963,344
643,",,W,",TMIN,2017-07-26T00:00:00,GHCND:USW00003963,222
644,",,W,",WDF2,2017-07-26T00:00:00,GHCND:USW00003963,310
645,",,W,",WDF5,2017-07-26T00:00:00,GHCND:USW00003963,290
646,",,W,",WSF2,2017-07-26T00:00:00,GHCND:USW00003963,67
647,",,W,",WSF5,2017-07-26T00:00:00,GHCND:USW00003963,98
648,",,W,",WT01,2017-07-26T00:00:00,GHCND:USW00003963,1
649,",,W,",WT03,2017-07-26T00:00:00,GHCND:USW00003963,1
650,",,N,",PRCP,2017-07-27T00:00:00,GHCND:US1MOBN0007,185
651,",,N,",PRCP,2017-07-27T00:00:00,GHCND:US1MOBN0032,211
652,",,N,",PRCP,2017-07-27T00:00:00,GHCND:US1MOCE0007,373
653,",,N,",PRCP,2017-07-27T00:00:00,GHCND:US1MOCE0009,419
654,",,N,",PRCP,2017-07-27T00:00:00,GHCND:US1MOCE0017,452
655,",,N,",SNOW,2017-07-27T00:00:00,GHCND:US1MOCE0017,0
656,",,N,",SNWD,2017-07-27T00:00:00,GHCND:US1MOCE0017,0
657,",,N,",WESD,2017-07-27T00:00:00,GHCND:US1MOCE0017,0
658,",,N,",WESF,2017-07-27T00:00:00,GHCND:US1MOCE0017,0
659,",,N,",PRCP,2017-07-27T00:00:00,GHCND:US1MOCW0009,218
660,",,N,",PRCP,2017-07-27T00:00:00,GHCND:US1MOCW0012,178
661,",,N,",PRCP,2017-07-27T00:00:00,GHCND:US1MOCW0017,147
662,",,N,",PRCP,2017-07-27T00:00:00,GHCND:US1MOFSA051,333
663,",,7,0700",PRCP,2017-07-27T00:00:00,GHCND:USC00234271,368
664,",,7,",SNOW,2017-07-27T00:00:00,GHCND:USC00234271,0
665,",,7,",SNWD,2017-07-27T00:00:00,GHCND:USC00234271,0
666,",,7,0700",TMAX,2017-07-27T00:00:00,GHCND:USC00234271,339
667,",,7,0700",TMIN,2017-07-27T00:00:00,GHCND:USC00234271,217
668,",,7,0700",TOBS,2017-07-27T00:00:00,GHCND:USC00234271,228
669,",,7,",WT03,2017-07-27T00:00:00,GHCND:USC00234271,1
670,",,W,",AWND,2017-07-27T00:00:00,GHCND:USW00003963,17
671,",,W,",PRCP,2017-07-27T00:00:00,GHCND:USW00003963,399
672,",,W,",SNOW,2017-07-27T00:00:00,GHCND:USW00003963,0
673,",,W,",SNWD,2017-07-27T00:00:00,GHCND:USW00003963,0
674,",,W,",TMAX,2017-07-27T00:00:00,GHCND:USW00003963,283
675,",,W,",TMIN,2017-07-27T00:00:00,GHCND:USW00003963,228
676,",,W,",WDF2,2017-07-27T00:00:00,GHCND:USW00003963,280
677,",,W,",WDF5,2017-07-27T00:00:00,GHCND:USW00003963,280
678,",,W,",WSF2,2017-07-27T00:00:00,GHCND:USW00003963,94
679,",,W,",WSF5,2017-07-27T00:00:00,GHCND:USW00003963,125
680,",,W,",WT01,2017-07-27T00:00:00,GHCND:USW00003963,1
681,",,N,",PRCP,2017-07-28T00:00:00,GHCND:US1MOBN0007,25
682,",,N,",PRCP,2017-07-28T00:00:00,GHCND:US1MOBN0032,51
683,",,N,",PRCP,2017-07-28T00:00:00,GHCND:US1MOCE0007,46
684,",,N,",PRCP,2017-07-28T00:00:00,GHCND:US1MOCE0009,58
685,",,N,",PRCP,2017-07-28T00:00:00,GHCND:US1MOCE0017,119
686,",,N,",SNOW,2017-07-28T00:00:00,GHCND:US1MOCE0017,0
687,",,N,",SNWD,2017-07-28T00:00:00,GHCND:US1MOCE0017,0
688,",,N,",WESD,2017-07-28T00:00:00,GHCND:US1MOCE0017,0
689,",,N,",WESF,2017-07-28T00:00:00,GHCND:US1MOCE0017,0
690,",,N,",PRCP,2017-07-28T00:00:00,GHCND:US1MOCW0009,36
691,",,N,",PRCP,2017-07-28T00:00:00,GHCND:US1MOCW0012,41
692,",,N,",PRCP,2017-07-28T00:00:00,GHCND:US1MOFSA051,53
693,",,7,0700",PRCP,2017-07-28T00:00:00,GHCND:USC00234271,48
694,",,7,",SNOW,2017-07-28T00:00:00,GHCND:USC00234271,0
695,",,7,",SNWD,2017-07-28T00:00:00,GHCND:USC00234271,0
696,",,7,0700",TMAX,2017-07-28T00:00:00,GHCND:USC00234271,283
697,",,7,0700",TMIN,2017-07-28T00:00:00,GHCND:USC00234271,228
698,",,7,0700",TOBS,2017-07-28T00:00:00,GHCND:USC00234271,228
699,",,W,",AWND,2017-07-28T00:00:00,GHCND:USW00003963,28
700,",,W,",PRCP,2017-07-28T00:00:00,GHCND:USW00003963,0
701,",,W,",SNOW,2017-07-28T00:00:00,GHCND:USW00003963,0
702,",,W,",SNWD,2017-07-28T00:00:00,GHCND:USW00003963,0
703,",,W,",TMAX,2017-07-28T00:00:00,GHCND:USW00003963,294
704,",,W,",TMIN,2017-07-28T00:00:00,GHCND:USW00003963,228
705,",,W,",WDF2,2017-07-28T00:00:00,GHCND:USW00003963,360
706,",,W,",WDF5,2017-07-28T00:00:00,GHCND:USW00003963,360
707,",,W,",WSF2,2017-07-28T00:00:00,GHCND:USW00003963,72
708,",,W,",WSF5,2017-07-28T00:00:00,GHCND:USW00003963,94
709,",,N,",PRCP,2017-07-29T00:00:00,GHCND:US1MOBN0007,0
710,",,N,",SNOW,2017-07-29T00:00:00,GHCND:US1MOBN0007,0
711,",,N,",PRCP,2017-07-29T00:00:00,GHCND:US1MOBN0032,0
712,",,N,",SNOW,2017-07-29T00:00:00,GHCND:US1MOBN0032,0
713,",,N,",PRCP,2017-07-29T00:00:00,GHCND:US1MOCE0007,0
714,",,N,",SNOW,2017-07-29T00:00:00,GHCND:US1MOCE0007,0
715,",,N,",PRCP,2017-07-29T00:00:00,GHCND:US1MOCE0009,0
716,",,N,",SNOW,2017-07-29T00:00:00,GHCND:US1MOCE0009,0
717,",,N,",PRCP,2017-07-29T00:00:00,GHCND:US1MOCE0017,0
718,",,N,",SNOW,2017-07-29T00:00:00,GHCND:US1MOCE0017,0
719,",,N,",SNWD,2017-07-29T00:00:00,GHCND:US1MOCE0017,0
720,",,N,",WESD,2017-07-29T00:00:00,GHCND:US1MOCE0017,0
721,",,N,",WESF,2017-07-29T00:00:00,GHCND:US1MOCE0017,0
722,",,N,",PRCP,2017-07-29T00:00:00,GHCND:US1MOCW0009,0
723,",,N,",SNOW,2017-07-29T00:00:00,GHCND:US1MOCW0009,0
724,",,N,",PRCP,2017-07-29T00:00:00,GHCND:US1MOCW0012,0
725,",,N,",PRCP,2017-07-29T00:00:00,GHCND:US1MOFSA051,0
726,",,N,",SNOW,2017-07-29T00:00:00,GHCND:US1MOFSA051,0
727,",,7,0700",PRCP,2017-07-29T00:00:00,GHCND:USC00234271,0
728,",,7,",SNOW,2017-07-29T00:00:00,GHCND:USC00234271,0
729,",,7,",SNWD,2017-07-29T00:00:00,GHCND:USC00234271,0
730,",,7,0700",TMAX,2017-07-29T00:00:00,GHCND:USC00234271,289
731,",,7,0700",TMIN,2017-07-29T00:00:00,GHCND:USC00234271,183
732,",,7,0700",TOBS,2017-07-29T00:00:00,GHCND:USC00234271,189
733,",,W,",AWND,2017-07-29T00:00:00,GHCND:USW00003963,28
734,",,W,",PRCP,2017-07-29T00:00:00,GHCND:USW00003963,0
735,",,W,",SNOW,2017-07-29T00:00:00,GHCND:USW00003963,0
736,",,W,",SNWD,2017-07-29T00:00:00,GHCND:USW00003963,0
737,",,W,",TMAX,2017-07-29T00:00:00,GHCND:USW00003963,283
738,",,W,",TMIN,2017-07-29T00:00:00,GHCND:USW00003963,183
739,",,W,",WDF2,2017-07-29T00:00:00,GHCND:USW00003963,40
740,",,W,",WDF5,2017-07-29T00:00:00,GHCND:USW00003963,110
741,",,W,",WSF2,2017-07-29T00:00:00,GHCND:USW00003963,63
742,",,W,",WSF5,2017-07-29T00:00:00,GHCND:USW00003963,81
743,",,N,",PRCP,2017-07-30T00:00:00,GHCND:US1MOBN0007,0
744,",,N,",SNOW,2017-07-30T00:00:00,GHCND:US1MOBN0007,0
745,",,N,",PRCP,2017-07-30T00:00:00,GHCND:US1MOBN0032,0
746,",,N,",SNOW,2017-07-30T00:00:00,GHCND:US1MOBN0032,0
747,",,N,",PRCP,2017-07-30T00:00:00,GHCND:US1MOCE0007,0
748,",,N,",SNOW,2017-07-30T00:00:00,GHCND:US1MOCE0007,0
749,",,N,",PRCP,2017-07-30T00:00:00,GHCND:US1MOCE0009,0
750,",,N,",SNOW,2017-07-30T00:00:00,GHCND:US1MOCE0009,0
751,",,N,",PRCP,2017-07-30T00:00:00,GHCND:US1MOCE0017,0
752,",,N,",SNOW,2017-07-30T00:00:00,GHCND:US1MOCE0017,0
753,",,N,",SNWD,2017-07-30T00:00:00,GHCND:US1MOCE0017,0
754,",,N,",WESD,2017-07-30T00:00:00,GHCND:US1MOCE0017,0
755,",,N,",WESF,2017-07-30T00:00:00,GHCND:US1MOCE0017,0
756,",,N,",PRCP,2017-07-30T00:00:00,GHCND:US1MOCW0009,0
757,",,N,",SNOW,2017-07-30T00:00:00,GHCND:US1MOCW0009,0
758,",,N,",PRCP,2017-07-30T00:00:00,GHCND:US1MOCW0012,0
759,",,N,",PRCP,2017-07-30T00:00:00,GHCND:US1MOFSA051,0
760,",,N,",SNOW,2017-07-30T00:00:00,GHCND:US1MOFSA051,0
761,",,7,0700",PRCP,2017-07-30T00:00:00,GHCND:USC00234271,0
762,",,7,",SNOW,2017-07-30T00:00:00,GHCND:USC00234271,0
763,",,7,",SNWD,2017-07-30T00:00:00,GHCND:USC00234271,0
764,",,7,0700",TMAX,2017-07-30T00:00:00,GHCND:USC00234271,278
765,",,7,0700",TMIN,2017-07-30T00:00:00,GHCND:USC00234271,156
766,",,7,0700",TOBS,2017-07-30T00:00:00,GHCND:USC00234271,161
767,",,W,",AWND,2017-07-30T00:00:00,GHCND:USW00003963,24
768,",,W,",PRCP,2017-07-30T00:00:00,GHCND:USW00003963,0
769,",,W,",SNOW,2017-07-30T00:00:00,GHCND:USW00003963,0
770,",,W,",SNWD,2017-07-30T00:00:00,GHCND:USW00003963,0
771,",,W,",TMAX,2017-07-30T00:00:00,GHCND:USW00003963,283
772,",,W,",TMIN,2017-07-30T00:00:00,GHCND:USW00003963,144
773,",,W,",WDF2,2017-07-30T00:00:00,GHCND:USW00003963,140
774,",,W,",WDF5,2017-07-30T00:00:00,GHCND:USW00003963,150
775,",,W,",WSF2,2017-07-30T00:00:00,GHCND:USW00003963,58
776,",,W,",WSF5,2017-07-30T00:00:00,GHCND:USW00003963,72
777,",,N,",PRCP,2017-07-31T00:00:00,GHCND:US1MOBN0007,0
778,",,N,",SNOW,2017-07-31T00:00:00,GHCND:US1MOBN0007,0
779,",,N,",PRCP,2017-07-31T00:00:00,GHCND:US1MOBN0032,0
780,",,N,",SNOW,2017-07-31T00:00:00,GHCND:US1MOBN0032,0
781,",,N,",PRCP,2017-07-31T00:00:00,GHCND:US1MOCE0007,0
782,",,N,",SNOW,2017-07-31T00:00:00,GHCND:US1MOCE0007,0
783,",,N,",PRCP,2017-07-31T00:00:00,GHCND:US1MOCE0009,0
784,",,N,",SNOW,2017-07-31T00:00:00,GHCND:US1MOCE0009,0
785,",,N,",PRCP,2017-07-31T00:00:00,GHCND:US1MOCE0017,0
786,",,N,",SNOW,2017-07-31T00:00:00,GHCND:US1MOCE0017,0
787,",,N,",SNWD,2017-07-31T00:00:00,GHCND:US1MOCE0017,0
788,",,N,",WESD,2017-07-31T00:00:00,GHCND:US1MOCE0017,0
789,",,N,",WESF,2017-07-31T00:00:00,GHCND:US1MOCE0017,0
790,",,N,",PRCP,2017-07-31T00:00:00,GHCND:US1MOCW0009,0
791,",,N,",SNOW,2017-07-31T00:00:00,GHCND:US1MOCW0009,0
792,",,N,",PRCP,2017-07-31T00:00:00,GHCND:US1MOCW0012,0
793,",,N,",PRCP,2017-07-31T00:00:00,GHCND:US1MOFSA051,0
794,",,N,",SNOW,2017-07-31T00:00:00,GHCND:US1MOFSA051,0
795,",,7,0700",PRCP,2017-07-31T00:00:00,GHCND:USC00234271,0
796,",,7,",SNOW,2017-07-31T00:00:00,GHCND:USC00234271,0
797,",,7,",SNWD,2017-07-31T00:00:00,GHCND:USC00234271,0
798,",,7,0700",TMAX,2017-07-31T00:00:00,GHCND:USC00234271,272
799,",,7,0700",TMIN,2017-07-31T00:00:00,GHCND:USC00234271,161
800,",,7,0700",TOBS,2017-07-31T00:00:00,GHCND:USC00234271,183
801,",,W,",AWND,2017-07-31T00:00:00,GHCND:USW00003963,10
802,",,W,",PRCP,2017-07-31T00:00:00,GHCND:USW00003963,3
803,",,W,",SNOW,2017-07-31T00:00:00,GHCND:USW00003963,0
804,",,W,",SNWD,2017-07-31T00:00:00,GHCND:USW00003963,0
805,",,W,",TMAX,2017-07-31T00:00:00,GHCND:USW00003963,283
806,",,W,",TMIN,2017-07-31T00:00:00,GHCND:USW00003963,161
807,",,W,",WDF2,2017-07-31T00:00:00,GHCND:USW00003963,20
808,",,W,",WDF5,2017-07-31T00:00:00,GHCND:USW00003963,10
809,",,W,",WSF2,2017-07-31T00:00:00,GHCND:USW00003963,36
810,",,W,",WSF5,2017-07-31T00:00:00,GHCND:USW00003963,49
811,"T,,N,",PRCP,2017-08-01T00:00:00,GHCND:US1MOBN0007,0
812,"T,,N,",PRCP,2017-08-01T00:00:00,GHCND:US1MOBN0032,0
813,",,N,",PRCP,2017-08-01T00:00:00,GHCND:US1MOCE0007,5
814,"T,,N,",PRCP,2017-08-01T00:00:00,GHCND:US1MOCE0009,0
815,",,N,",SNOW,2017-08-01T00:00:00,GHCND:US1MOCE0009,0
816,",,N,",PRCP,2017-08-01T00:00:00,GHCND:US1MOCE0017,3
817,",,N,",SNOW,2017-08-01T00:00:00,GHCND:US1MOCE0017,0
818,",,N,",SNWD,2017-08-01T00:00:00,GHCND:US1MOCE0017,0
819,",,N,",WESD,2017-08-01T00:00:00,GHCND:US1MOCE0017,0
820,",,N,",WESF,2017-08-01T00:00:00,GHCND:US1MOCE0017,0
821,"T,,N,",PRCP,2017-08-01T00:00:00,GHCND:US1MOCW0009,0
822,",,N,",PRCP,2017-08-01T00:00:00,GHCND:US1MOCW0012,0
823,",,N,",PRCP,2017-08-01T00:00:00,GHCND:US1MOFSA051,0
824,",,N,",SNOW,2017-08-01T00:00:00,GHCND:US1MOFSA051,0
825,",,7,0700",PRCP,2017-08-01T00:00:00,GHCND:USC00234271,5
826,",,7,",SNOW,2017-08-01T00:00:00,GHCND:USC00234271,0
827,",,7,",SNWD,2017-08-01T00:00:00,GHCND:USC00234271,0
828,",,7,0700",TMAX,2017-08-01T00:00:00,GHCND:USC00234271,278
829,",,7,0700",TMIN,2017-08-01T00:00:00,GHCND:USC00234271,183
830,",,7,0700",TOBS,2017-08-01T00:00:00,GHCND:USC00234271,206
831,",,W,",AWND,2017-08-01T00:00:00,GHCND:USW00003963,15
832,"T,,W,",PRCP,2017-08-01T00:00:00,GHCND:USW00003963,0
833,",,W,",SNOW,2017-08-01T00:00:00,GHCND:USW00003963,0
834,",,W,",SNWD,2017-08-01T00:00:00,GHCND:USW00003963,0
835,",,W,",TMAX,2017-08-01T00:00:00,GHCND:USW00003963,294
836,",,W,",TMIN,2017-08-01T00:00:00,GHCND:USW00003963,206
837,",,W,",WDF2,2017-08-01T00:00:00,GHCND:USW00003963,290
838,",,W,",WDF5,2017-08-01T00:00:00,GHCND:USW00003963,310
839,",,W,",WSF2,2017-08-01T00:00:00,GHCND:USW00003963,54
840,",,W,",WSF5,2017-08-01T00:00:00,GHCND:USW00003963,58
841,",,N,",PRCP,2017-08-02T00:00:00,GHCND:US1MOBN0007,0
842,",,N,",SNOW,2017-08-02T00:00:00,GHCND:US1MOBN0007,0
843,",,N,",PRCP,2017-08-02T00:00:00,GHCND:US1MOBN0032,0
844,",,N,",SNOW,2017-08-02T00:00:00,GHCND:US1MOBN0032,0
845,",,N,",PRCP,2017-08-02T00:00:00,GHCND:US1MOCE0007,0
846,",,N,",SNOW,2017-08-02T00:00:00,GHCND:US1MOCE0007,0
847,",,N,",PRCP,2017-08-02T00:00:00,GHCND:US1MOCE0009,0
848,",,N,",SNOW,2017-08-02T00:00:00,GHCND:US1MOCE0009,0
849,",,N,",PRCP,2017-08-02T00:00:00,GHCND:US1MOCE0017,0
850,",,N,",SNOW,2017-08-02T00:00:00,GHCND:US1MOCE0017,0
851,",,N,",SNWD,2017-08-02T00:00:00,GHCND:US1MOCE0017,0
852,",,N,",WESD,2017-08-02T00:00:00,GHCND:US1MOCE0017,0
853,",,N,",WESF,2017-08-02T00:00:00,GHCND:US1MOCE0017,0
854,",,N,",PRCP,2017-08-02T00:00:00,GHCND:US1MOCW0009,0
855,",,N,",SNOW,2017-08-02T00:00:00,GHCND:US1MOCW0009,0
856,",,N,",PRCP,2017-08-02T00:00:00,GHCND:US1MOCW0012,0
857,",,N,",PRCP,2017-08-02T00:00:00,GHCND:US1MOFSA051,0
858,",,N,",SNOW,2017-08-02T00:00:00,GHCND:US1MOFSA051,0
859,",,7,0700",PRCP,2017-08-02T00:00:00,GHCND:USC00234271,0
860,",,7,",SNOW,2017-08-02T00:00:00,GHCND:USC00234271,0
861,",,7,",SNWD,2017-08-02T00:00:00,GHCND:USC00234271,0
862,",,7,0700",TMAX,2017-08-02T00:00:00,GHCND:USC00234271,300
863,",,7,0700",TMIN,2017-08-02T00:00:00,GHCND:USC00234271,200
864,",,7,0700",TOBS,2017-08-02T00:00:00,GHCND:USC00234271,200
865,",,W,",AWND,2017-08-02T00:00:00,GHCND:USW00003963,13
866,",,W,",PRCP,2017-08-02T00:00:00,GHCND:USW00003963,0
867,",,W,",SNOW,2017-08-02T00:00:00,GHCND:USW00003963,0
868,",,W,",SNWD,2017-08-02T00:00:00,GHCND:USW00003963,0
869,",,W,",TMAX,2017-08-02T00:00:00,GHCND:USW00003963,317
870,",,W,",TMIN,2017-08-02T00:00:00,GHCND:USW00003963,194
871,",,W,",WDF2,2017-08-02T00:00:00,GHCND:USW00003963,300
872,",,W,",WDF5,2017-08-02T00:00:00,GHCND:USW00003963,290
873,",,W,",WSF2,2017-08-02T00:00:00,GHCND:USW00003963,54
874,",,W,",WSF5,2017-08-02T00:00:00,GHCND:USW00003963,72
875,",,W,",WT01,2017-08-02T00:00:00,GHCND:USW00003963,1
876,",,N,",PRCP,2017-08-03T00:00:00,GHCND:US1MOBN0007,0
877,",,N,",SNOW,2017-08-03T00:00:00,GHCND:US1MOBN0007,0
878,",,N,",PRCP,2017-08-03T00:00:00,GHCND:US1MOBN0032,0
879,",,N,",SNOW,2017-08-03T00:00:00,GHCND:US1MOBN0032,0
880,",,N,",PRCP,2017-08-03T00:00:00,GHCND:US1MOCE0007,0
881,",,N,",SNOW,2017-08-03T00:00:00,GHCND:US1MOCE0007,0
882,",,N,",PRCP,2017-08-03T00:00:00,GHCND:US1MOCE0009,0
883,",,N,",SNOW,2017-08-03T00:00:00,GHCND:US1MOCE0009,0
884,",,N,",PRCP,2017-08-03T00:00:00,GHCND:US1MOCE0017,0
885,",,N,",SNOW,2017-08-03T00:00:00,GHCND:US1MOCE0017,0
886,",,N,",SNWD,2017-08-03T00:00:00,GHCND:US1MOCE0017,0
887,",,N,",WESD,2017-08-03T00:00:00,GHCND:US1MOCE0017,0
888,",,N,",WESF,2017-08-03T00:00:00,GHCND:US1MOCE0017,0
889,",,N,",PRCP,2017-08-03T00:00:00,GHCND:US1MOCW0009,0
890,",,N,",SNOW,2017-08-03T00:00:00,GHCND:US1MOCW0009,0
891,",,N,",PRCP,2017-08-03T00:00:00,GHCND:US1MOCW0012,0
892,",,N,",PRCP,2017-08-03T00:00:00,GHCND:US1MOFSA051,0
893,",,N,",SNOW,2017-08-03T00:00:00,GHCND:US1MOFSA051,0
894,",,7,0700",PRCP,2017-08-03T00:00:00,GHCND:USC00234271,0
895,",,7,",SNOW,2017-08-03T00:00:00,GHCND:USC00234271,0
896,",,7,",SNWD,2017-08-03T00:00:00,GHCND:USC00234271,0
897,",,7,0700",TMAX,2017-08-03T00:00:00,GHCND:USC00234271,317
898,",,7,0700",TMIN,2017-08-03T00:00:00,GHCND:USC00234271,200
899,",,7,0700",TOBS,2017-08-03T00:00:00,GHCND:USC00234271,211
900,",,W,",AWND,2017-08-03T00:00:00,GHCND:USW00003963,24
901,",,W,",PRCP,2017-08-03T00:00:00,GHCND:USW00003963,36
902,",,W,",SNOW,2017-08-03T00:00:00,GHCND:USW00003963,0
903,",,W,",SNWD,2017-08-03T00:00:00,GHCND:USW00003963,0
904,",,W,",TMAX,2017-08-03T00:00:00,GHCND:USW00003963,317
905,",,W,",TMIN,2017-08-03T00:00:00,GHCND:USW00003963,189
906,",,W,",WDF2,2017-08-03T00:00:00,GHCND:USW00003963,320
907,",,W,",WDF5,2017-08-03T00:00:00,GHCND:USW00003963,300
908,",,W,",WSF2,2017-08-03T00:00:00,GHCND:USW00003963,94
909,",,W,",WSF5,2017-08-03T00:00:00,GHCND:USW00003963,121
910,",,W,",WT01,2017-08-03T00:00:00,GHCND:USW00003963,1
911,",,W,",WT03,2017-08-03T00:00:00,GHCND:USW00003963,1
912,",,N,",PRCP,2017-08-04T00:00:00,GHCND:US1MOBN0007,0
913,",,N,",SNOW,2017-08-04T00:00:00,GHCND:US1MOBN0007,0
914,",,N,",PRCP,2017-08-04T00:00:00,GHCND:US1MOBN0032,0
915,",,N,",SNOW,2017-08-04T00:00:00,GHCND:US1MOBN0032,0
916,",,N,",PRCP,2017-08-04T00:00:00,GHCND:US1MOCE0007,30
917,",,N,",PRCP,2017-08-04T00:00:00,GHCND:US1MOCE0009,43
918,",,N,",PRCP,2017-08-04T00:00:00,GHCND:US1MOCE0017,117
919,",,N,",SNOW,2017-08-04T00:00:00,GHCND:US1MOCE0017,0
920,",,N,",SNWD,2017-08-04T00:00:00,GHCND:US1MOCE0017,0
921,",,N,",WESD,2017-08-04T00:00:00,GHCND:US1MOCE0017,0
922,",,N,",WESF,2017-08-04T00:00:00,GHCND:US1MOCE0017,0
923,",,N,",PRCP,2017-08-04T00:00:00,GHCND:US1MOCW0009,5
924,",,N,",PRCP,2017-08-04T00:00:00,GHCND:US1MOCW0012,8
925,",,N,",PRCP,2017-08-04T00:00:00,GHCND:US1MOFSA051,0
926,",,N,",SNOW,2017-08-04T00:00:00,GHCND:US1MOFSA051,0
927,",,7,0700",PRCP,2017-08-04T00:00:00,GHCND:USC00234271,15
928,",,7,",SNOW,2017-08-04T00:00:00,GHCND:USC00234271,0
929,",,7,",SNWD,2017-08-04T00:00:00,GHCND:USC00234271,0
930,",,7,0700",TMAX,2017-08-04T00:00:00,GHCND:USC00234271,317
931,",,7,0700",TMIN,2017-08-04T00:00:00,GHCND:USC00234271,150
932,",,7,0700",TOBS,2017-08-04T00:00:00,GHCND:USC00234271,156
933,",,W,",AWND,2017-08-04T00:00:00,GHCND:USW00003963,26
934,",,W,",PRCP,2017-08-04T00:00:00,GHCND:USW00003963,0
935,",,W,",SNOW,2017-08-04T00:00:00,GHCND:USW00003963,0
936,",,W,",SNWD,2017-08-04T00:00:00,GHCND:USW00003963,0
937,",,W,",TMAX,2017-08-04T00:00:00,GHCND:USW00003963,250
938,",,W,",TMIN,2017-08-04T00:00:00,GHCND:USW00003963,144
939,",,W,",WDF2,2017-08-04T00:00:00,GHCND:USW00003963,330
940,",,W,",WDF5,2017-08-04T00:00:00,GHCND:USW00003963,330
941,",,W,",WSF2,2017-08-04T00:00:00,GHCND:USW00003963,63
942,",,W,",WSF5,2017-08-04T00:00:00,GHCND:USW00003963,81
943,",,N,",PRCP,2017-08-05T00:00:00,GHCND:US1MOBN0007,0
944,",,N,",SNOW,2017-08-05T00:00:00,GHCND:US1MOBN0007,0
945,",,N,",PRCP,2017-08-05T00:00:00,GHCND:US1MOBN0032,0
946,",,N,",SNOW,2017-08-05T00:00:00,GHCND:US1MOBN0032,0
947,",,N,",PRCP,2017-08-05T00:00:00,GHCND:US1MOCE0007,0
948,",,N,",SNOW,2017-08-05T00:00:00,GHCND:US1MOCE0007,0
949,",,N,",PRCP,2017-08-05T00:00:00,GHCND:US1MOCE0017,0
950,",,N,",SNOW,2017-08-05T00:00:00,GHCND:US1MOCE0017,0
951,",,N,",SNWD,2017-08-05T00:00:00,GHCND:US1MOCE0017,0
952,",,N,",WESD,2017-08-05T00:00:00,GHCND:US1MOCE0017,0
953,",,N,",WESF,2017-08-05T00:00:00,GHCND:US1MOCE0017,0
954,",,N,",PRCP,2017-08-05T00:00:00,GHCND:US1MOCW0009,0
955,",,N,",SNOW,2017-08-05T00:00:00,GHCND:US1MOCW0009,0
956,",,N,",PRCP,2017-08-05T00:00:00,GHCND:US1MOCW0012,0
957,",,N,",PRCP,2017-08-05T00:00:00,GHCND:US1MOFSA051,0
958,",,N,",SNOW,2017-08-05T00:00:00,GHCND:US1MOFSA051,0
959,",,7,0700",PRCP,2017-08-05T00:00:00,GHCND:USC00234271,0
960,",,7,",SNOW,2017-08-05T00:00:00,GHCND:USC00234271,0
961,",,7,",SNWD,2017-08-05T00:00:00,GHCND:USC00234271,0
962,",,7,0700",TMAX,2017-08-05T00:00:00,GHCND:USC00234271,256
963,",,7,0700",TMIN,2017-08-05T00:00:00,GHCND:USC00234271,133
964,",,7,0700",TOBS,2017-08-05T00:00:00,GHCND:USC00234271,150
965,",,W,",AWND,2017-08-05T00:00:00,GHCND:USW00003963,31
966,",,W,",PRCP,2017-08-05T00:00:00,GHCND:USW00003963,345
967,",,W,",SNOW,2017-08-05T00:00:00,GHCND:USW00003963,0
968,",,W,",SNWD,2017-08-05T00:00:00,GHCND:USW00003963,0
969,",,W,",TMAX,2017-08-05T00:00:00,GHCND:USW00003963,222
970,",,W,",TMIN,2017-08-05T00:00:00,GHCND:USW00003963,117
971,",,W,",WDF2,2017-08-05T00:00:00,GHCND:USW00003963,140
972,",,W,",WDF5,2017-08-05T00:00:00,GHCND:USW00003963,140
973,",,W,",WSF2,2017-08-05T00:00:00,GHCND:USW00003963,72
974,",,W,",WSF5,2017-08-05T00:00:00,GHCND:USW00003963,98
975,",,W,",WT01,2017-08-05T00:00:00,GHCND:USW00003963,1
976,",,W,",WT03,2017-08-05T00:00:00,GHCND:USW00003963,1
977,",,N,",PRCP,2017-08-06T00:00:00,GHCND:US1MOBN0007,371
978,",,N,",PRCP,2017-08-06T00:00:00,GHCND:US1MOBN0032,333
979,",,N,",PRCP,2017-08-06T00:00:00,GHCND:US1MOCE0007,455
980,",,N,",PRCP,2017-08-06T00:00:00,GHCND:US1MOCE0017,592
981,",,N,",SNOW,2017-08-06T00:00:00,GHCND:US1MOCE0017,0
982,",,N,",SNWD,2017-08-06T00:00:00,GHCND:US1MOCE0017,0
983,",,N,",WESD,2017-08-06T00:00:00,GHCND:US1MOCE0017,0
984,",,N,",WESF,2017-08-06T00:00:00,GHCND:US1MOCE0017,0
985,",,N,",PRCP,2017-08-06T00:00:00,GHCND:US1MOCW0009,330
986,",,N,",PRCP,2017-08-06T00:00:00,GHCND:US1MOCW0012,485
987,",,N,",PRCP,2017-08-06T00:00:00,GHCND:US1MOCW0017,287
988,",,N,",PRCP,2017-08-06T00:00:00,GHCND:US1MOFSA051,526
989,",,7,0700",PRCP,2017-08-06T00:00:00,GHCND:USC00234271,465
990,",,7,",SNOW,2017-08-06T00:00:00,GHCND:USC00234271,0
991,",,7,",SNWD,2017-08-06T00:00:00,GHCND:USC00234271,0
992,",,7,0700",TMAX,2017-08-06T00:00:00,GHCND:USC00234271,217
993,",,7,0700",TMIN,2017-08-06T00:00:00,GHCND:USC00234271,150
994,",,7,0700",TOBS,2017-08-06T00:00:00,GHCND:USC00234271,183
995,",,7,",WT03,2017-08-06T00:00:00,GHCND:USC00234271,1
996,",,W,",AWND,2017-08-06T00:00:00,GHCND:USW00003963,26
997,",,W,",PRCP,2017-08-06T00:00:00,GHCND:USW00003963,94
998,",,W,",SNOW,2017-08-06T00:00:00,GHCND:USW00003963,0
999,",,W,",SNWD,2017-08-06T00:00:00,GHCND:USW00003963,0
0,",,W,",TMAX,2017-08-06T00:00:00,GHCND:USW00003963,244
1,",,W,",TMIN,2017-08-06T00:00:00,GHCND:USW00003963,189
2,",,W,",WDF2,2017-08-06T00:00:00,GHCND:USW00003963,180
3,",,W,",WDF5,2017-08-06T00:00:00,GHCND:USW00003963,180
4,",,W,",WSF2,2017-08-06T00:00:00,GHCND:USW00003963,72
5,",,W,",WSF5,2017-08-06T00:00:00,GHCND:USW00003963,94
6,",,W,",WT01,2017-08-06T00:00:00,GHCND:USW00003963,1
7,",,W,",WT03,2017-08-06T00:00:00,GHCND:USW00003963,1
8,",,N,",PRCP,2017-08-07T00:00:00,GHCND:US1MOBN0007,0
9,",,N,",SNOW,2017-08-07T00:00:00,GHCND:US1MOBN0007,0
10,",,N,",PRCP,2017-08-07T00:00:00,GHCND:US1MOBN0032,0
11,",,N,",SNOW,2017-08-07T00:00:00,GHCND:US1MOBN0032,0
12,",,N,",PRCP,2017-08-07T00:00:00,GHCND:US1MOCE0007,0
13,",,N,",SNOW,2017-08-07T00:00:00,GHCND:US1MOCE0007,0
14,",,N,",PRCP,2017-08-07T00:00:00,GHCND:US1MOCE0017,3
15,",,N,",SNOW,2017-08-07T00:00:00,GHCND:US1MOCE0017,0
16,",,N,",SNWD,2017-08-07T00:00:00,GHCND:US1MOCE0017,0
17,",,N,",WESD,2017-08-07T00:00:00,GHCND:US1MOCE0017,0
18,",,N,",WESF,2017-08-07T00:00:00,GHCND:US1MOCE0017,0
19,",,N,",PRCP,2017-08-07T00:00:00,GHCND:US1MOCW0009,3
20,",,N,",PRCP,2017-08-07T00:00:00,GHCND:US1MOCW0012,0
21,",,N,",PRCP,2017-08-07T00:00:00,GHCND:US1MOFSA051,0
22,",,N,",SNOW,2017-08-07T00:00:00,GHCND:US1MOFSA051,0
23,",,7,0700",PRCP,2017-08-07T00:00:00,GHCND:USC00234271,3
24,",,7,",SNOW,2017-08-07T00:00:00,GHCND:USC00234271,0
25,",,7,",SNWD,2017-08-07T00:00:00,GHCND:USC00234271,0
26,",,7,0700",TMAX,2017-08-07T00:00:00,GHCND:USC00234271,239
27,",,7,0700",TMIN,2017-08-07T00:00:00,GHCND:USC00234271,183
28,",,7,0700",TOBS,2017-08-07T00:00:00,GHCND:USC00234271,194
29,",,W,",AWND,2017-08-07T00:00:00,GHCND:USW00003963,20
30,",,W,",PRCP,2017-08-07T00:00:00,GHCND:USW00003963,0
31,",,W,",SNOW,2017-08-07T00:00:00,GHCND:USW00003963,0
32,",,W,",SNWD,2017-08-07T00:00:00,GHCND:USW00003963,0
33,",,W,",TMAX,2017-08-07T00:00:00,GHCND:USW00003963,278
34,",,W,",TMIN,2017-08-07T00:00:00,GHCND:USW00003963,178
35,",,W,",WDF2,2017-08-07T00:00:00,GHCND:USW00003963,10
36,",,W,",WDF5,2017-08-07T00:00:00,GHCND:USW00003963,10
37,",,W,",WSF2,2017-08-07T00:00:00,GHCND:USW00003963,63
38,",,W,",WSF5,2017-08-07T00:00:00,GHCND:USW00003963,81
39,",,W,",WT01,2017-08-07T00:00:00,GHCND:USW00003963,1
40,",,N,",PRCP,2017-08-08T00:00:00,GHCND:US1MOBN0007,0
41,",,N,",SNOW,2017-08-08T00:00:00,GHCND:US1MOBN0007,0
42,",,N,",PRCP,2017-08-08T00:00:00,GHCND:US1MOBN0032,0
43,",,N,",SNOW,2017-08-08T00:00:00,GHCND:US1MOBN0032,0
44,",,N,",PRCP,2017-08-08T00:00:00,GHCND:US1MOCE0007,0
45,",,N,",SNOW,2017-08-08T00:00:00,GHCND:US1MOCE0007,0
46,",,N,",PRCP,2017-08-08T00:00:00,GHCND:US1MOCE0017,0
47,",,N,",SNOW,2017-08-08T00:00:00,GHCND:US1MOCE0017,0
48,",,N,",SNWD,2017-08-08T00:00:00,GHCND:US1MOCE0017,0
49,",,N,",WESD,2017-08-08T00:00:00,GHCND:US1MOCE0017,0
50,",,N,",WESF,2017-08-08T00:00:00,GHCND:US1MOCE0017,0
51,",,N,",PRCP,2017-08-08T00:00:00,GHCND:US1MOCW0009,0
52,",,N,",SNOW,2017-08-08T00:00:00,GHCND:US1MOCW0009,0
53,",,N,",PRCP,2017-08-08T00:00:00,GHCND:US1MOCW0012,0
54,",,N,",PRCP,2017-08-08T00:00:00,GHCND:US1MOFSA051,0
55,",,N,",SNOW,2017-08-08T00:00:00,GHCND:US1MOFSA051,0
56,",,7,0700",PRCP,2017-08-08T00:00:00,GHCND:USC00234271,0
57,",,7,",SNOW,2017-08-08T00:00:00,GHCND:USC00234271,0
58,",,7,",SNWD,2017-08-08T00:00:00,GHCND:USC00234271,0
59,",,7,0700",TMAX,2017-08-08T00:00:00,GHCND:USC00234271,267
60,",,7,0700",TMIN,2017-08-08T00:00:00,GHCND:USC00234271,167
61,",,7,0700",TOBS,2017-08-08T00:00:00,GHCND:USC00234271,183
62,",,W,",AWND,2017-08-08T00:00:00,GHCND:USW00003963,17
63,",,W,",PRCP,2017-08-08T00:00:00,GHCND:USW00003963,0
64,",,W,",SNOW,2017-08-08T00:00:00,GHCND:USW00003963,0
65,",,W,",SNWD,2017-08-08T00:00:00,GHCND:USW00003963,0
66,",,W,",TMAX,2017-08-08T00:00:00,GHCND:USW00003963,278
67,",,W,",TMIN,2017-08-08T00:00:00,GHCND:USW00003963,161
68,",,W,",WDF2,2017-08-08T00:00:00,GHCND:USW00003963,50
69,",,W,",WDF5,2017-08-08T00:00:00,GHCND:USW00003963,70
70,",,W,",WSF2,2017-08-08T00:00:00,GHCND:USW00003963,54
71,",,W,",WSF5,2017-08-08T00:00:00,GHCND:USW00003963,76
72,",,N,",PRCP,2017-08-09T00:00:00,GHCND:US1MOBN0007,0
73,",,N,",SNOW,2017-08-09T00:00:00,GHCND:US1MOBN0007,0
74,",,N,",PRCP,2017-08-09T00:00:00,GHCND:US1MOBN0032,0
75,",,N,",SNOW,2017-08-09T00:00:00,GHCND:US1MOBN0032,0
76,",,N,",PRCP,2017-08-09T00:00:00,GHCND:US1MOCE0007,0
77,",,N,",SNOW,2017-08-09T00:00:00,GHCND:US1MOCE0007,0
78,",,N,",PRCP,2017-08-09T00:00:00,GHCND:US1MOCW0009,0
79,",,N,",SNOW,2017-08-09T00:00:00,GHCND:US1MOCW0009,0
80,",,N,",PRCP,2017-08-09T00:00:00,GHCND:US1MOCW0012,0
81,",,N,",PRCP,2017-08-09T00:00:00,GHCND:US1MOFSA051,0
82,",,N,",SNOW,2017-08-09T00:00:00,GHCND:US1MOFSA051,0
83,",,7,0700",PRCP,2017-08-09T00:00:00,GHCND:USC00234271,0
84,",,7,",SNOW,2017-08-09T00:00:00,GHCND:USC00234271,0
85,",,7,",SNWD,2017-08-09T00:00:00,GHCND:USC00234271,0
86,",,7,0700",TMAX,2017-08-09T00:00:00,GHCND:USC00234271,267
87,",,7,0700",TMIN,2017-08-09T00:00:00,GHCND:USC00234271,167
88,",,7,0700",TOBS,2017-08-09T00:00:00,GHCND:USC00234271,178
89,",,W,",AWND,2017-08-09T00:00:00,GHCND:USW00003963,15
90,",,W,",PRCP,2017-08-09T00:00:00,GHCND:USW00003963,0
91,",,W,",SNOW,2017-08-09T00:00:00,GHCND:USW00003963,0
92,",,W,",SNWD,2017-08-09T00:00:00,GHCND:USW00003963,0
93,",,W,",TMAX,2017-08-09T00:00:00,GHCND:USW00003963,283
94,",,W,",TMIN,2017-08-09T00:00:00,GHCND:USW00003963,156
95,",,W,",WDF2,2017-08-09T00:00:00,GHCND:USW00003963,110
96,",,W,",WDF5,2017-08-09T00:00:00,GHCND:USW00003963,130
97,",,W,",WSF2,2017-08-09T00:00:00,GHCND:USW00003963,45
98,",,W,",WSF5,2017-08-09T00:00:00,GHCND:USW00003963,63
99,",,N,",PRCP,2017-08-10T00:00:00,GHCND:US1MOBN0007,0
100,",,N,",SNOW,2017-08-10T00:00:00,GHCND:US1MOBN0007,0
101,",,N,",PRCP,2017-08-10T00:00:00,GHCND:US1MOBN0032,0
102,",,N,",SNOW,2017-08-10T00:00:00,GHCND:US1MOBN0032,0
103,",,N,",PRCP,2017-08-10T00:00:00,GHCND:US1MOCE0007,0
104,",,N,",SNOW,2017-08-10T00:00:00,GHCND:US1MOCE0007,0
105,",,N,",PRCP,2017-08-10T00:00:00,GHCND:US1MOCW0009,0
106,",,N,",SNOW,2017-08-10T00:00:00,GHCND:US1MOCW0009,0
107,",,N,",PRCP,2017-08-10T00:00:00,GHCND:US1MOCW0012,0
108,",,N,",PRCP,2017-08-10T00:00:00,GHCND:US1MOCW0017,0
109,",,N,",PRCP,2017-08-10T00:00:00,GHCND:US1MOFSA051,0
110,",,N,",SNOW,2017-08-10T00:00:00,GHCND:US1MOFSA051,0
111,",,7,0700",PRCP,2017-08-10T00:00:00,GHCND:USC00234271,0
112,",,7,",SNOW,2017-08-10T00:00:00,GHCND:USC00234271,0
113,",,7,",SNWD,2017-08-10T00:00:00,GHCND:USC00234271,0
114,",,7,0700",TMAX,2017-08-10T00:00:00,GHCND:USC00234271,283
115,",,7,0700",TMIN,2017-08-10T00:00:00,GHCND:USC00234271,178
116,",,7,0700",TOBS,2017-08-10T00:00:00,GHCND:USC00234271,200
117,",,W,",AWND,2017-08-10T00:00:00,GHCND:USW00003963,17
118,",,W,",PRCP,2017-08-10T00:00:00,GHCND:USW00003963,8
119,",,W,",SNOW,2017-08-10T00:00:00,GHCND:USW00003963,0
120,",,W,",SNWD,2017-08-10T00:00:00,GHCND:USW00003963,0
121,",,W,",TMAX,2017-08-10T00:00:00,GHCND:USW00003963,294
122,",,W,",TMIN,2017-08-10T00:00:00,GHCND:USW00003963,200
123,",,W,",WDF2,2017-08-10T00:00:00,GHCND:USW00003963,170
124,",,W,",WDF5,2017-08-10T00:00:00,GHCND:USW00003963,160
125,",,W,",WSF2,2017-08-10T00:00:00,GHCND:USW00003963,72
126,",,W,",WSF5,2017-08-10T00:00:00,GHCND:USW00003963,94
127,",,W,",WT01,2017-08-10T00:00:00,GHCND:USW00003963,1
128,",,W,",WT03,2017-08-10T00:00:00,GHCND:USW00003963,1
129,",,N,",PRCP,2017-08-11T00:00:00,GHCND:US1MOBN0007,41
130,",,N,",PRCP,2017-08-11T00:00:00,GHCND:US1MOBN0032,114
131,",,N,",PRCP,2017-08-11T00:00:00,GHCND:US1MOCE0007,168
132,",,N,",PRCP,2017-08-11T00:00:00,GHCND:US1MOCW0009,51
133,",,N,",PRCP,2017-08-11T00:00:00,GHCND:US1MOCW0012,51
134,",,N,",PRCP,2017-08-11T00:00:00,GHCND:US1MOFSA051,216
135,",,7,0700",PRCP,2017-08-11T00:00:00,GHCND:USC00234271,102
136,",,7,",SNOW,2017-08-11T00:00:00,GHCND:USC00234271,0
137,",,7,",SNWD,2017-08-11T00:00:00,GHCND:USC00234271,0
138,",,7,0700",TMAX,2017-08-11T00:00:00,GHCND:USC00234271,283
139,",,7,0700",TMIN,2017-08-11T00:00:00,GHCND:USC00234271,200
140,",,7,0700",TOBS,2017-08-11T00:00:00,GHCND:USC00234271,211
141,",,W,",AWND,2017-08-11T00:00:00,GHCND:USW00003963,20
142,",,W,",PRCP,2017-08-11T00:00:00,GHCND:USW00003963,91
143,",,W,",SNOW,2017-08-11T00:00:00,GHCND:USW00003963,0
144,",,W,",SNWD,2017-08-11T00:00:00,GHCND:USW00003963,0
145,",,W,",TMAX,2017-08-11T00:00:00,GHCND:USW00003963,283
146,",,W,",TMIN,2017-08-11T00:00:00,GHCND:USW00003963,206
147,",,W,",WDF2,2017-08-11T00:00:00,GHCND:USW00003963,10
148,",,W,",WDF5,2017-08-11T00:00:00,GHCND:USW00003963,10
149,",,W,",WSF2,2017-08-11T00:00:00,GHCND:USW00003963,58
150,",,W,",WSF5,2017-08-11T00:00:00,GHCND:USW00003963,72
151,",,W,",WT01,2017-08-11T00:00:00,GHCND:USW00003963,1
152,",,W,",WT02,2017-08-11T00:00:00,GHCND:USW00003963,1
153,",,W,",WT03,2017-08-11T00:00:00,GHCND:USW00003963,1
154,",,N,",PRCP,2017-08-12T00:00:00,GHCND:US1MOBN0007,0
155,",,N,",SNOW,2017-08-12T00:00:00,GHCND:US1MOBN0007,0
156,",,N,",PRCP,2017-08-12T00:00:00,GHCND:US1MOBN0032,0
157,",,N,",SNOW,2017-08-12T00:00:00,GHCND:US1MOBN0032,0
158,",,N,",PRCP,2017-08-12T00:00:00,GHCND:US1MOCE0007,0
159,",,N,",SNOW,2017-08-12T00:00:00,GHCND:US1MOCE0007,0
160,",,N,",PRCP,2017-08-12T00:00:00,GHCND:US1MOCW0009,3
161,",,N,",PRCP,2017-08-12T00:00:00,GHCND:US1MOCW0012,0
162,",,N,",PRCP,2017-08-12T00:00:00,GHCND:US1MOFSA051,0
163,",,N,",SNOW,2017-08-12T00:00:00,GHCND:US1MOFSA051,0
164,",,7,0700",PRCP,2017-08-12T00:00:00,GHCND:USC00234271,0
165,",,7,",SNOW,2017-08-12T00:00:00,GHCND:USC00234271,0
166,",,7,",SNWD,2017-08-12T00:00:00,GHCND:USC00234271,0
167,",,7,0700",TMAX,2017-08-12T00:00:00,GHCND:USC00234271,278
168,",,7,0700",TMIN,2017-08-12T00:00:00,GHCND:USC00234271,161
169,",,7,0700",TOBS,2017-08-12T00:00:00,GHCND:USC00234271,178
170,",,W,",AWND,2017-08-12T00:00:00,GHCND:USW00003963,11
171,",,W,",PRCP,2017-08-12T00:00:00,GHCND:USW00003963,0
172,",,W,",SNOW,2017-08-12T00:00:00,GHCND:USW00003963,0
173,",,W,",SNWD,2017-08-12T00:00:00,GHCND:USW00003963,0
174,",,W,",TMAX,2017-08-12T00:00:00,GHCND:USW00003963,272
175,",,W,",TMIN,2017-08-12T00:00:00,GHCND:USW00003963,156
176,",,W,",WDF2,2017-08-12T00:00:00,GHCND:USW00003963,360
177,",,W,",WDF5,2017-08-12T00:00:00,GHCND:USW00003963,40
178,",,W,",WSF2,2017-08-12T00:00:00,GHCND:USW00003963,45
179,",,W,",WSF5,2017-08-12T00:00:00,GHCND:USW00003963,63
180,",,W,",WT08,2017-08-12T00:00:00,GHCND:USW00003963,1
181,",,N,",PRCP,2017-08-13T00:00:00,GHCND:US1MOBN0007,0
182,",,N,",SNOW,2017-08-13T00:00:00,GHCND:US1MOBN0007,0
183,",,N,",PRCP,2017-08-13T00:00:00,GHCND:US1MOBN0032,0
184,",,N,",SNOW,2017-08-13T00:00:00,GHCND:US1MOBN0032,0
185,",,N,",PRCP,2017-08-13T00:00:00,GHCND:US1MOCE0007,0
186,",,N,",SNOW,2017-08-13T00:00:00,GHCND:US1MOCE0007,0
187,",,N,",PRCP,2017-08-13T00:00:00,GHCND:US1MOCE0009,0
188,",,N,",SNOW,2017-08-13T00:00:00,GHCND:US1MOCE0009,0
189,",,N,",PRCP,2017-08-13T00:00:00,GHCND:US1MOCW0009,0
190,",,N,",SNOW,2017-08-13T00:00:00,GHCND:US1MOCW0009,0
191,",,N,",PRCP,2017-08-13T00:00:00,GHCND:US1MOCW0012,0
192,",,N,",PRCP,2017-08-13T00:00:00,GHCND:US1MOFSA051,0
193,",,N,",SNOW,2017-08-13T00:00:00,GHCND:US1MOFSA051,0
194,",,7,0700",PRCP,2017-08-13T00:00:00,GHCND:USC00234271,0
195,",,7,",SNOW,2017-08-13T00:00:00,GHCND:USC00234271,0
196,",,7,",SNWD,2017-08-13T00:00:00,GHCND:USC00234271,0
197,",,7,0700",TMAX,2017-08-13T00:00:00,GHCND:USC00234271,261
198,",,7,0700",TMIN,2017-08-13T00:00:00,GHCND:USC00234271,150
199,",,7,0700",TOBS,2017-08-13T00:00:00,GHCND:USC00234271,156
200,",,W,",AWND,2017-08-13T00:00:00,GHCND:USW00003963,16
201,",,W,",PRCP,2017-08-13T00:00:00,GHCND:USW00003963,0
202,",,W,",SNOW,2017-08-13T00:00:00,GHCND:USW00003963,0
203,",,W,",SNWD,2017-08-13T00:00:00,GHCND:USW00003963,0
204,",,W,",TMAX,2017-08-13T00:00:00,GHCND:USW00003963,267
205,",,W,",TMIN,2017-08-13T00:00:00,GHCND:USW00003963,133
206,",,W,",WDF2,2017-08-13T00:00:00,GHCND:USW00003963,110
207,",,W,",WDF5,2017-08-13T00:00:00,GHCND:USW00003963,140
208,",,W,",WSF2,2017-08-13T00:00:00,GHCND:USW00003963,54
209,",,W,",WSF5,2017-08-13T00:00:00,GHCND:USW00003963,72
210,",,N,",PRCP,2017-08-14T00:00:00,GHCND:US1MOBN0007,0
211,",,N,",SNOW,2017-08-14T00:00:00,GHCND:US1MOBN0007,0
212,",,N,",PRCP,2017-08-14T00:00:00,GHCND:US1MOBN0032,0
213,",,N,",SNOW,2017-08-14T00:00:00,GHCND:US1MOBN0032,0
214,",,N,",PRCP,2017-08-14T00:00:00,GHCND:US1MOCE0007,0
215,",,N,",SNOW,2017-08-14T00:00:00,GHCND:US1MOCE0007,0
216,",,N,",PRCP,2017-08-14T00:00:00,GHCND:US1MOCE0009,3
217,",,N,",PRCP,2017-08-14T00:00:00,GHCND:US1MOCE0017,0
218,",,N,",SNOW,2017-08-14T00:00:00,GHCND:US1MOCE0017,0
219,",,N,",SNWD,2017-08-14T00:00:00,GHCND:US1MOCE0017,0
220,",,N,",WESD,2017-08-14T00:00:00,GHCND:US1MOCE0017,0
221,",,N,",WESF,2017-08-14T00:00:00,GHCND:US1MOCE0017,0
222,"T,,N,",PRCP,2017-08-14T00:00:00,GHCND:US1MOCW0009,0
223,",,N,",PRCP,2017-08-14T00:00:00,GHCND:US1MOCW0012,0
224,",,N,",PRCP,2017-08-14T00:00:00,GHCND:US1MOFSA051,0
225,",,N,",SNOW,2017-08-14T00:00:00,GHCND:US1MOFSA051,0
226,",,7,0700",PRCP,2017-08-14T00:00:00,GHCND:USC00234271,0
227,",,7,",SNOW,2017-08-14T00:00:00,GHCND:USC00234271,0
228,",,7,",SNWD,2017-08-14T00:00:00,GHCND:USC00234271,0
229,",,7,0700",TMAX,2017-08-14T00:00:00,GHCND:USC00234271,267
230,",,7,0700",TMIN,2017-08-14T00:00:00,GHCND:USC00234271,156
231,",,7,0700",TOBS,2017-08-14T00:00:00,GHCND:USC00234271,194
232,",,W,",AWND,2017-08-14T00:00:00,GHCND:USW00003963,16
233,",,W,",PRCP,2017-08-14T00:00:00,GHCND:USW00003963,0
234,",,W,",SNOW,2017-08-14T00:00:00,GHCND:USW00003963,0
235,",,W,",SNWD,2017-08-14T00:00:00,GHCND:USW00003963,0
236,",,W,",TMAX,2017-08-14T00:00:00,GHCND:USW00003963,261
237,",,W,",TMIN,2017-08-14T00:00:00,GHCND:USW00003963,194
238,",,W,",WDF2,2017-08-14T00:00:00,GHCND:USW00003963,150
239,",,W,",WDF5,2017-08-14T00:00:00,GHCND:USW00003963,110
240,",,W,",WSF2,2017-08-14T00:00:00,GHCND:USW00003963,45
241,",,W,",WSF5,2017-08-14T00:00:00,GHCND:USW00003963,58
242,",,W,",WT01,2017-08-14T00:00:00,GHCND:USW00003963,1
243,",,W,",WT02,2017-08-14T00:00:00,GHCND:USW00003963,1
244,",,N,",PRCP,2017-08-15T00:00:00,GHCND:US1MOBN0007,0
245,",,N,",SNOW,2017-08-15T00:00:00,GHCND:US1MOBN0007,0
246,",,N,",PRCP,2017-08-15T00:00:00,GHCND:US1MOBN0032,0
247,",,N,",SNOW,2017-08-15T00:00:00,GHCND:US1MOBN0032,0
248,",,N,",PRCP,2017-08-15T00:00:00,GHCND:US1MOCE0007,0
249,",,N,",SNOW,2017-08-15T00:00:00,GHCND:US1MOCE0007,0
250,",,N,",PRCP,2017-08-15T00:00:00,GHCND:US1MOCE0009,0
251,",,N,",SNOW,2017-08-15T00:00:00,GHCND:US1MOCE0009,0
252,"T,,N,",PRCP,2017-08-15T00:00:00,GHCND:US1MOCE0017,0
253,",,N,",SNOW,2017-08-15T00:00:00,GHCND:US1MOCE0017,0
254,",,N,",SNWD,2017-08-15T00:00:00,GHCND:US1MOCE0017,0
255,",,N,",WESD,2017-08-15T00:00:00,GHCND:US1MOCE0017,0
256,",,N,",WESF,2017-08-15T00:00:00,GHCND:US1MOCE0017,0
257,"T,,N,",PRCP,2017-08-15T00:00:00,GHCND:US1MOCW0009,0
258,",,N,",PRCP,2017-08-15T00:00:00,GHCND:US1MOCW0012,0
259,",,N,",PRCP,2017-08-15T00:00:00,GHCND:US1MOFSA051,0
260,",,N,",SNOW,2017-08-15T00:00:00,GHCND:US1MOFSA051,0
261,",,7,0700",PRCP,2017-08-15T00:00:00,GHCND:USC00234271,0
262,",,7,",SNOW,2017-08-15T00:00:00,GHCND:USC00234271,0
263,",,7,",SNWD,2017-08-15T00:00:00,GHCND:USC00234271,0
264,",,7,0700",TMAX,2017-08-15T00:00:00,GHCND:USC00234271,261
265,",,7,0700",TMIN,2017-08-15T00:00:00,GHCND:USC00234271,189
266,",,7,0700",TOBS,2017-08-15T00:00:00,GHCND:USC00234271,189
267,",,W,",AWND,2017-08-15T00:00:00,GHCND:USW00003963,15
268,",,W,",PRCP,2017-08-15T00:00:00,GHCND:USW00003963,0
269,",,W,",SNOW,2017-08-15T00:00:00,GHCND:USW00003963,0
270,",,W,",SNWD,2017-08-15T00:00:00,GHCND:USW00003963,0
271,",,W,",TMAX,2017-08-15T00:00:00,GHCND:USW00003963,311
272,",,W,",TMIN,2017-08-15T00:00:00,GHCND:USW00003963,183
273,",,W,",WDF2,2017-08-15T00:00:00,GHCND:USW00003963,140
274,",,W,",WDF5,2017-08-15T00:00:00,GHCND:USW00003963,110
275,",,W,",WSF2,2017-08-15T00:00:00,GHCND:USW00003963,40
276,",,W,",WSF5,2017-08-15T00:00:00,GHCND:USW00003963,54
277,",,W,",WT01,2017-08-15T00:00:00,GHCND:USW00003963,1
278,",,W,",WT02,2017-08-15T00:00:00,GHCND:USW00003963,1
279,",,N,",PRCP,2017-08-16T00:00:00,GHCND:US1MOBN0007,0
280,",,N,",SNOW,2017-08-16T00:00:00,GHCND:US1MOBN0007,0
281,",,N,",PRCP,2017-08-16T00:00:00,GHCND:US1MOBN0032,0
282,",,N,",SNOW,2017-08-16T00:00:00,GHCND:US1MOBN0032,0
283,"T,,N,",PRCP,2017-08-16T00:00:00,GHCND:US1MOCE0007,0
284,",,N,",PRCP,2017-08-16T00:00:00,GHCND:US1MOCE0009,0
285,",,N,",SNOW,2017-08-16T00:00:00,GHCND:US1MOCE0009,0
286,",,N,",PRCP,2017-08-16T00:00:00,GHCND:US1MOCE0017,0
287,",,N,",SNOW,2017-08-16T00:00:00,GHCND:US1MOCE0017,0
288,",,N,",SNWD,2017-08-16T00:00:00,GHCND:US1MOCE0017,0
289,",,N,",WESD,2017-08-16T00:00:00,GHCND:US1MOCE0017,0
290,",,N,",WESF,2017-08-16T00:00:00,GHCND:US1MOCE0017,0
291,"T,,N,",PRCP,2017-08-16T00:00:00,GHCND:US1MOCW0009,0
292,",,N,",PRCP,2017-08-16T00:00:00,GHCND:US1MOCW0012,0
293,",,N,",PRCP,2017-08-16T00:00:00,GHCND:US1MOFSA051,0
294,",,N,",SNOW,2017-08-16T00:00:00,GHCND:US1MOFSA051,0
295,",,7,0700",PRCP,2017-08-16T00:00:00,GHCND:USC00234271,5
296,",,7,",SNOW,2017-08-16T00:00:00,GHCND:USC00234271,0
297,",,7,",SNWD,2017-08-16T00:00:00,GHCND:USC00234271,0
298,",,7,0700",TMAX,2017-08-16T00:00:00,GHCND:USC00234271,300
299,",,7,0700",TMIN,2017-08-16T00:00:00,GHCND:USC00234271,189
300,",,7,0700",TOBS,2017-08-16T00:00:00,GHCND:USC00234271,228
301,",,W,",AWND,2017-08-16T00:00:00,GHCND:USW00003963,32
302,",,W,",PRCP,2017-08-16T00:00:00,GHCND:USW00003963,551
303,",,W,",SNOW,2017-08-16T00:00:00,GHCND:USW00003963,0
304,",,W,",SNWD,2017-08-16T00:00:00,GHCND:USW00003963,0
305,",,W,",TMAX,2017-08-16T00:00:00,GHCND:USW00003963,289
306,",,W,",TMIN,2017-08-16T00:00:00,GHCND:USW00003963,206
307,",,W,",WDF2,2017-08-16T00:00:00,GHCND:USW00003963,260
308,",,W,",WDF5,2017-08-16T00:00:00,GHCND:USW00003963,250
309,",,W,",WSF2,2017-08-16T00:00:00,GHCND:USW00003963,143
310,",,W,",WSF5,2017-08-16T00:00:00,GHCND:USW00003963,215
311,",,W,",WT01,2017-08-16T00:00:00,GHCND:USW00003963,1
312,",,W,",WT03,2017-08-16T00:00:00,GHCND:USW00003963,1
313,",,W,",WT08,2017-08-16T00:00:00,GHCND:USW00003963,1
314,",,N,",PRCP,2017-08-17T00:00:00,GHCND:US1MOBN0007,394
315,",,N,",PRCP,2017-08-17T00:00:00,GHCND:US1MOBN0032,605
316,",,N,",PRCP,2017-08-17T00:00:00,GHCND:US1MOCE0007,538
317,",,N,",PRCP,2017-08-17T00:00:00,GHCND:US1MOCE0009,424
318,",,N,",PRCP,2017-08-17T00:00:00,GHCND:US1MOCE0017,376
319,",,N,",SNOW,2017-08-17T00:00:00,GHCND:US1MOCE0017,0
320,",,N,",SNWD,2017-08-17T00:00:00,GHCND:US1MOCE0017,0
321,",,N,",WESD,2017-08-17T00:00:00,GHCND:US1MOCE0017,0
322,",,N,",WESF,2017-08-17T00:00:00,GHCND:US1MOCE0017,0
323,",,N,",PRCP,2017-08-17T00:00:00,GHCND:US1MOCW0009,455
324,",,N,",PRCP,2017-08-17T00:00:00,GHCND:US1MOCW0012,381
325,",,N,",PRCP,2017-08-17T00:00:00,GHCND:US1MOCW0017,231
326,",,N,",PRCP,2017-08-17T00:00:00,GHCND:US1MOFSA051,610
327,",,7,0700",PRCP,2017-08-17T00:00:00,GHCND:USC00234271,490
328,",,7,",SNOW,2017-08-17T00:00:00,GHCND:USC00234271,0
329,",,7,",SNWD,2017-08-17T00:00:00,GHCND:USC00234271,0
330,",,7,0700",TMAX,2017-08-17T00:00:00,GHCND:USC00234271,283
331,",,7,0700",TMIN,2017-08-17T00:00:00,GHCND:USC00234271,189
332,",,7,0700",TOBS,2017-08-17T00:00:00,GHCND:USC00234271,200
333,",,7,",WT03,2017-08-17T00:00:00,GHCND:USC00234271,1
334,",,W,",AWND,2017-08-17T00:00:00,GHCND:USW00003963,29
335,",,W,",PRCP,2017-08-17T00:00:00,GHCND:USW00003963,3
336,",,W,",SNOW,2017-08-17T00:00:00,GHCND:USW00003963,0
337,",,W,",SNWD,2017-08-17T00:00:00,GHCND:USW00003963,0
338,",,W,",TMAX,2017-08-17T00:00:00,GHCND:USW00003963,283
339,",,W,",TMIN,2017-08-17T00:00:00,GHCND:USW00003963,189
340,",,W,",WDF2,2017-08-17T00:00:00,GHCND:USW00003963,280
341,",,W,",WDF5,2017-08-17T00:00:00,GHCND:USW00003963,270
342,",,W,",WSF2,2017-08-17T00:00:00,GHCND:USW00003963,81
343,",,W,",WSF5,2017-08-17T00:00:00,GHCND:USW00003963,103
344,",,W,",WT01,2017-08-17T00:00:00,GHCND:USW00003963,1
345,",,N,",PRCP,2017-08-18T00:00:00,GHCND:US1MOBN0007,0
346,",,N,",SNOW,2017-08-18T00:00:00,GHCND:US1MOBN0007,0
347,",,N,",PRCP,2017-08-18T00:00:00,GHCND:US1MOBN0032,0
348,",,N,",SNOW,2017-08-18T00:00:00,GHCND:US1MOBN0032,0
349,",,N,",PRCP,2017-08-18T00:00:00,GHCND:US1MOCE0007,0
350,"T,,N,",PRCP,2017-08-18T00:00:00,GHCND:US1MOCE0009,0
351,",,N,",PRCP,2017-08-18T00:00:00,GHCND:US1MOCE0017,0
352,",,N,",SNOW,2017-08-18T00:00:00,GHCND:US1MOCE0017,0
353,",,N,",SNWD,2017-08-18T00:00:00,GHCND:US1MOCE0017,0
354,",,N,",WESD,2017-08-18T00:00:00,GHCND:US1MOCE0017,0
355,",,N,",WESF,2017-08-18T00:00:00,GHCND:US1MOCE0017,0
356,",,N,",PRCP,2017-08-18T00:00:00,GHCND:US1MOCW0009,0
357,",,N,",SNOW,2017-08-18T00:00:00,GHCND:US1MOCW0009,0
358,",,N,",PRCP,2017-08-18T00:00:00,GHCND:US1MOCW0012,0
359,",,N,",PRCP,2017-08-18T00:00:00,GHCND:US1MOFSA051,0
360,",,N,",SNOW,2017-08-18T00:00:00,GHCND:US1MOFSA051,0
361,",,7,0700",PRCP,2017-08-18T00:00:00,GHCND:USC00234271,0
362,",,7,",SNOW,2017-08-18T00:00:00,GHCND:USC00234271,0
363,",,7,",SNWD,2017-08-18T00:00:00,GHCND:USC00234271,0
364,",,7,0700",TMAX,2017-08-18T00:00:00,GHCND:USC00234271,283
365,",,7,0700",TMIN,2017-08-18T00:00:00,GHCND:USC00234271,172
366,",,7,0700",TOBS,2017-08-18T00:00:00,GHCND:USC00234271,183
367,",,W,",AWND,2017-08-18T00:00:00,GHCND:USW00003963,15
368,"T,,W,",PRCP,2017-08-18T00:00:00,GHCND:USW00003963,0
369,",,W,",SNOW,2017-08-18T00:00:00,GHCND:USW00003963,0
370,",,W,",SNWD,2017-08-18T00:00:00,GHCND:USW00003963,0
371,",,W,",TMAX,2017-08-18T00:00:00,GHCND:USW00003963,289
372,",,W,",TMIN,2017-08-18T00:00:00,GHCND:USW00003963,156
373,",,W,",WDF2,2017-08-18T00:00:00,GHCND:USW00003963,250
374,",,W,",WDF5,2017-08-18T00:00:00,GHCND:USW00003963,350
375,",,W,",WSF2,2017-08-18T00:00:00,GHCND:USW00003963,94
376,",,W,",WSF5,2017-08-18T00:00:00,GHCND:USW00003963,130
377,",,W,",WT01,2017-08-18T00:00:00,GHCND:USW00003963,1
378,",,W,",WT03,2017-08-18T00:00:00,GHCND:USW00003963,1
379,",,W,",WT08,2017-08-18T00:00:00,GHCND:USW00003963,1
380,",,N,",PRCP,2017-08-19T00:00:00,GHCND:US1MOBN0007,5
381,",,N,",PRCP,2017-08-19T00:00:00,GHCND:US1MOBN0032,3
382,",,N,",PRCP,2017-08-19T00:00:00,GHCND:US1MOCE0007,10
383,",,N,",PRCP,2017-08-19T00:00:00,GHCND:US1MOCE0009,3
384,",,N,",PRCP,2017-08-19T00:00:00,GHCND:US1MOCE0017,28
385,",,N,",SNOW,2017-08-19T00:00:00,GHCND:US1MOCE0017,0
386,",,N,",SNWD,2017-08-19T00:00:00,GHCND:US1MOCE0017,0
387,",,N,",WESD,2017-08-19T00:00:00,GHCND:US1MOCE0017,0
388,",,N,",WESF,2017-08-19T00:00:00,GHCND:US1MOCE0017,0
389,",,N,",PRCP,2017-08-19T00:00:00,GHCND:US1MOCW0009,0
390,",,N,",SNOW,2017-08-19T00:00:00,GHCND:US1MOCW0009,0
391,",,N,",PRCP,2017-08-19T00:00:00,GHCND:US1MOCW0012,51
392,",,N,",PRCP,2017-08-19T00:00:00,GHCND:US1MOFSA051,0
393,",,N,",SNOW,2017-08-19T00:00:00,GHCND:US1MOFSA051,0
394,",,7,0700",PRCP,2017-08-19T00:00:00,GHCND:USC00234271,5
395,",,7,",SNOW,2017-08-19T00:00:00,GHCND:USC00234271,0
396,",,7,",SNWD,2017-08-19T00:00:00,GHCND:USC00234271,0
397,",,7,0700",TMAX,2017-08-19T00:00:00,GHCND:USC00234271,294
398,",,7,0700",TMIN,2017-08-19T00:00:00,GHCND:USC00234271,183
399,",,7,0700",TOBS,2017-08-19T00:00:00,GHCND:USC00234271,200
400,",,W,",AWND,2017-08-19T00:00:00,GHCND:USW00003963,7
401,",,W,",PRCP,2017-08-19T00:00:00,GHCND:USW00003963,0
402,",,W,",SNOW,2017-08-19T00:00:00,GHCND:USW00003963,0
403,",,W,",SNWD,2017-08-19T00:00:00,GHCND:USW00003963,0
404,",,W,",TMAX,2017-08-19T00:00:00,GHCND:USW00003963,328
405,",,W,",TMIN,2017-08-19T00:00:00,GHCND:USW00003963,200
406,",,W,",WDF2,2017-08-19T00:00:00,GHCND:USW00003963,270
407,",,W,",WDF5,2017-08-19T00:00:00,GHCND:USW00003963,280
408,",,W,",WSF2,2017-08-19T00:00:00,GHCND:USW00003963,54
409,",,W,",WSF5,2017-08-19T00:00:00,GHCND:USW00003963,67
410,",,W,",WT08,2017-08-19T00:00:00,GHCND:USW00003963,1
411,",,N,",PRCP,2017-08-20T00:00:00,GHCND:US1MOBN0007,0
412,",,N,",SNOW,2017-08-20T00:00:00,GHCND:US1MOBN0007,0
413,",,N,",PRCP,2017-08-20T00:00:00,GHCND:US1MOBN0032,0
414,",,N,",SNOW,2017-08-20T00:00:00,GHCND:US1MOBN0032,0
415,",,N,",PRCP,2017-08-20T00:00:00,GHCND:US1MOCE0007,0
416,",,N,",SNOW,2017-08-20T00:00:00,GHCND:US1MOCE0007,0
417,",,N,",PRCP,2017-08-20T00:00:00,GHCND:US1MOCE0009,0
418,",,N,",SNOW,2017-08-20T00:00:00,GHCND:US1MOCE0009,0
419,",,N,",PRCP,2017-08-20T00:00:00,GHCND:US1MOCE0017,0
420,",,N,",SNOW,2017-08-20T00:00:00,GHCND:US1MOCE0017,0
421,",,N,",SNWD,2017-08-20T00:00:00,GHCND:US1MOCE0017,0
422,",,N,",WESD,2017-08-20T00:00:00,GHCND:US1MOCE0017,0
423,",,N,",WESF,2017-08-20T00:00:00,GHCND:US1MOCE0017,0
424,",,N,",PRCP,2017-08-20T00:00:00,GHCND:US1MOCW0009,0
425,",,N,",SNOW,2017-08-20T00:00:00,GHCND:US1MOCW0009,0
426,",,N,",PRCP,2017-08-20T00:00:00,GHCND:US1MOCW0012,0
427,",,N,",PRCP,2017-08-20T00:00:00,GHCND:US1MOFSA051,0
428,",,N,",SNOW,2017-08-20T00:00:00,GHCND:US1MOFSA051,0
429,",,7,0700",PRCP,2017-08-20T00:00:00,GHCND:USC00234271,0
430,",,7,",SNOW,2017-08-20T00:00:00,GHCND:USC00234271,0
431,",,7,",SNWD,2017-08-20T00:00:00,GHCND:USC00234271,0
432,",,7,0700",TMAX,2017-08-20T00:00:00,GHCND:USC00234271,322
433,",,7,0700",TMIN,2017-08-20T00:00:00,GHCND:USC00234271,200
434,",,7,0700",TOBS,2017-08-20T00:00:00,GHCND:USC00234271,211
435,",,W,",AWND,2017-08-20T00:00:00,GHCND:USW00003963,23
436,",,W,",PRCP,2017-08-20T00:00:00,GHCND:USW00003963,0
437,",,W,",SNOW,2017-08-20T00:00:00,GHCND:USW00003963,0
438,",,W,",SNWD,2017-08-20T00:00:00,GHCND:USW00003963,0
439,",,W,",TMAX,2017-08-20T00:00:00,GHCND:USW00003963,322
440,",,W,",TMIN,2017-08-20T00:00:00,GHCND:USW00003963,200
441,",,W,",WDF2,2017-08-20T00:00:00,GHCND:USW00003963,340
442,",,W,",WDF5,2017-08-20T00:00:00,GHCND:USW00003963,350
443,",,W,",WSF2,2017-08-20T00:00:00,GHCND:USW00003963,76
444,",,W,",WSF5,2017-08-20T00:00:00,GHCND:USW00003963,98
445,",,W,",WT03,2017-08-20T00:00:00,GHCND:USW00003963,1
446,",,N,",PRCP,2017-08-21T00:00:00,GHCND:US1MOBN0007,0
447,",,N,",SNOW,2017-08-21T00:00:00,GHCND:US1MOBN0007,0
448,",,N,",PRCP,2017-08-21T00:00:00,GHCND:US1MOBN0032,0
449,",,N,",SNOW,2017-08-21T00:00:00,GHCND:US1MOBN0032,0
450,",,N,",PRCP,2017-08-21T00:00:00,GHCND:US1MOCE0007,0
451,",,N,",SNOW,2017-08-21T00:00:00,GHCND:US1MOCE0007,0
452,",,N,",PRCP,2017-08-21T00:00:00,GHCND:US1MOCE0009,0
453,",,N,",SNOW,2017-08-21T00:00:00,GHCND:US1MOCE0009,0
454,",,N,",PRCP,2017-08-21T00:00:00,GHCND:US1MOCE0017,13
455,",,N,",SNOW,2017-08-21T00:00:00,GHCND:US1MOCE0017,0
456,",,N,",SNWD,2017-08-21T00:00:00,GHCND:US1MOCE0017,0
457,",,N,",WESD,2017-08-21T00:00:00,GHCND:US1MOCE0017,0
458,",,N,",WESF,2017-08-21T00:00:00,GHCND:US1MOCE0017,0
459,",,N,",PRCP,2017-08-21T00:00:00,GHCND:US1MOCW0009,5
460,",,N,",PRCP,2017-08-21T00:00:00,GHCND:US1MOCW0012,0
461,",,N,",PRCP,2017-08-21T00:00:00,GHCND:US1MOFSA051,0
462,",,N,",SNOW,2017-08-21T00:00:00,GHCND:US1MOFSA051,0
463,",,7,0700",PRCP,2017-08-21T00:00:00,GHCND:USC00234271,0
464,",,7,",SNOW,2017-08-21T00:00:00,GHCND:USC00234271,0
465,",,7,",SNWD,2017-08-21T00:00:00,GHCND:USC00234271,0
466,",,7,0700",TMAX,2017-08-21T00:00:00,GHCND:USC00234271,322
467,",,7,0700",TMIN,2017-08-21T00:00:00,GHCND:USC00234271,211
468,",,7,0700",TOBS,2017-08-21T00:00:00,GHCND:USC00234271,233
469,",,W,",AWND,2017-08-21T00:00:00,GHCND:USW00003963,19
470,",,W,",PRCP,2017-08-21T00:00:00,GHCND:USW00003963,0
471,",,W,",SNOW,2017-08-21T00:00:00,GHCND:USW00003963,0
472,",,W,",SNWD,2017-08-21T00:00:00,GHCND:USW00003963,0
473,",,W,",TMAX,2017-08-21T00:00:00,GHCND:USW00003963,328
474,",,W,",TMIN,2017-08-21T00:00:00,GHCND:USW00003963,217
475,",,W,",WDF2,2017-08-21T00:00:00,GHCND:USW00003963,210
476,",,W,",WDF5,2017-08-21T00:00:00,GHCND:USW00003963,220
477,",,W,",WSF2,2017-08-21T00:00:00,GHCND:USW00003963,58
478,",,W,",WSF5,2017-08-21T00:00:00,GHCND:USW00003963,76
479,",,W,",WT03,2017-08-21T00:00:00,GHCND:USW00003963,1
480,",,W,",WT08,2017-08-21T00:00:00,GHCND:USW00003963,1
481,",,N,",PRCP,2017-08-22T00:00:00,GHCND:US1MOBN0007,340
482,",,N,",PRCP,2017-08-22T00:00:00,GHCND:US1MOBN0032,340
483,",,N,",PRCP,2017-08-22T00:00:00,GHCND:US1MOCE0007,376
484,",,N,",PRCP,2017-08-22T00:00:00,GHCND:US1MOCE0009,262
485,",,N,",PRCP,2017-08-22T00:00:00,GHCND:US1MOCE0017,381
486,",,N,",SNOW,2017-08-22T00:00:00,GHCND:US1MOCE0017,0
487,",,N,",SNWD,2017-08-22T00:00:00,GHCND:US1MOCE0017,0
488,",,N,",WESD,2017-08-22T00:00:00,GHCND:US1MOCE0017,0
489,",,N,",WESF,2017-08-22T00:00:00,GHCND:US1MOCE0017,0
490,",,N,",PRCP,2017-08-22T00:00:00,GHCND:US1MOCW0009,351
491,",,N,",PRCP,2017-08-22T00:00:00,GHCND:US1MOCW0012,292
492,",,N,",PRCP,2017-08-22T00:00:00,GHCND:US1MOCW0017,307
493,",,N,",PRCP,2017-08-22T00:00:00,GHCND:US1MOFSA051,348
494,",,7,0700",PRCP,2017-08-22T00:00:00,GHCND:USC00234271,312
495,",,7,",SNOW,2017-08-22T00:00:00,GHCND:USC00234271,0
496,",,7,",SNWD,2017-08-22T00:00:00,GHCND:USC00234271,0
497,",,7,0700",TMAX,2017-08-22T00:00:00,GHCND:USC00234271,328
498,",,7,0700",TMIN,2017-08-22T00:00:00,GHCND:USC00234271,206
499,",,7,0700",TOBS,2017-08-22T00:00:00,GHCND:USC00234271,206
500,",,W,",AWND,2017-08-22T00:00:00,GHCND:USW00003963,35
501,",,W,",PRCP,2017-08-22T00:00:00,GHCND:USW00003963,300
502,",,W,",SNOW,2017-08-22T00:00:00,GHCND:USW00003963,0
503,",,W,",SNWD,2017-08-22T00:00:00,GHCND:USW00003963,0
504,",,W,",TMAX,2017-08-22T00:00:00,GHCND:USW00003963,278
505,",,W,",TMIN,2017-08-22T00:00:00,GHCND:USW00003963,178
506,",,W,",WDF2,2017-08-22T00:00:00,GHCND:USW00003963,300
507,",,W,",WDF5,2017-08-22T00:00:00,GHCND:USW00003963,290
508,",,W,",WSF2,2017-08-22T00:00:00,GHCND:USW00003963,67
509,",,W,",WSF5,2017-08-22T00:00:00,GHCND:USW00003963,94
510,",,W,",WT01,2017-08-22T00:00:00,GHCND:USW00003963,1
511,",,W,",WT02,2017-08-22T00:00:00,GHCND:USW00003963,1
512,",,W,",WT03,2017-08-22T00:00:00,GHCND:USW00003963,1
513,",,W,",WT08,2017-08-22T00:00:00,GHCND:USW00003963,1
514,",,N,",PRCP,2017-08-23T00:00:00,GHCND:US1MOBN0007,5
515,",,N,",PRCP,2017-08-23T00:00:00,GHCND:US1MOBN0032,5
516,",,N,",PRCP,2017-08-23T00:00:00,GHCND:US1MOCE0007,30
517,",,N,",PRCP,2017-08-23T00:00:00,GHCND:US1MOCE0009,56
518,",,N,",PRCP,2017-08-23T00:00:00,GHCND:US1MOCE0017,0
519,",,N,",SNOW,2017-08-23T00:00:00,GHCND:US1MOCE0017,0
520,",,N,",SNWD,2017-08-23T00:00:00,GHCND:US1MOCE0017,0
521,",,N,",WESD,2017-08-23T00:00:00,GHCND:US1MOCE0017,0
522,",,N,",WESF,2017-08-23T00:00:00,GHCND:US1MOCE0017,0
523,",,N,",PRCP,2017-08-23T00:00:00,GHCND:US1MOCW0009,8
524,",,N,",PRCP,2017-08-23T00:00:00,GHCND:US1MOCW0012,8
525,",,N,",PRCP,2017-08-23T00:00:00,GHCND:US1MOCW0017,13
526,",,N,",PRCP,2017-08-23T00:00:00,GHCND:US1MOFSA051,46
527,",,7,0700",PRCP,2017-08-23T00:00:00,GHCND:USC00234271,28
528,",,7,",SNOW,2017-08-23T00:00:00,GHCND:USC00234271,0
529,",,7,",SNWD,2017-08-23T00:00:00,GHCND:USC00234271,0
530,",,7,0700",TMAX,2017-08-23T00:00:00,GHCND:USC00234271,272
531,",,7,0700",TMIN,2017-08-23T00:00:00,GHCND:USC00234271,133
532,",,7,0700",TOBS,2017-08-23T00:00:00,GHCND:USC00234271,144
533,",,W,",AWND,2017-08-23T00:00:00,GHCND:USW00003963,14
534,",,W,",PRCP,2017-08-23T00:00:00,GHCND:USW00003963,0
535,",,W,",SNOW,2017-08-23T00:00:00,GHCND:USW00003963,0
536,",,W,",SNWD,2017-08-23T00:00:00,GHCND:USW00003963,0
537,",,W,",TMAX,2017-08-23T00:00:00,GHCND:USW00003963,261
538,",,W,",TMIN,2017-08-23T00:00:00,GHCND:USW00003963,133
539,",,W,",WDF2,2017-08-23T00:00:00,GHCND:USW00003963,360
540,",,W,",WDF5,2017-08-23T00:00:00,GHCND:USW00003963,10
541,",,W,",WSF2,2017-08-23T00:00:00,GHCND:USW00003963,58
542,",,W,",WSF5,2017-08-23T00:00:00,GHCND:USW00003963,76
543,",,W,",WT01,2017-08-23T00:00:00,GHCND:USW00003963,1
544,",,W,",WT08,2017-08-23T00:00:00,GHCND:USW00003963,1
545,",,N,",PRCP,2017-08-24T00:00:00,GHCND:US1MOBN0007,0
546,",,N,",SNOW,2017-08-24T00:00:00,GHCND:US1MOBN0007,0
547,",,N,",PRCP,2017-08-24T00:00:00,GHCND:US1MOBN0032,0
548,",,N,",SNOW,2017-08-24T00:00:00,GHCND:US1MOBN0032,0
549,",,N,",PRCP,2017-08-24T00:00:00,GHCND:US1MOCE0007,0
550,",,N,",SNOW,2017-08-24T00:00:00,GHCND:US1MOCE0007,0
551,",,N,",PRCP,2017-08-24T00:00:00,GHCND:US1MOCE0009,3
552,",,N,",SNOW,2017-08-24T00:00:00,GHCND:US1MOCE0009,0
553,",,N,",PRCP,2017-08-24T00:00:00,GHCND:US1MOCE0017,0
554,",,N,",SNOW,2017-08-24T00:00:00,GHCND:US1MOCE0017,0
555,",,N,",SNWD,2017-08-24T00:00:00,GHCND:US1MOCE0017,0
556,",,N,",WESD,2017-08-24T00:00:00,GHCND:US1MOCE0017,0
557,",,N,",WESF,2017-08-24T00:00:00,GHCND:US1MOCE0017,0
558,",,N,",PRCP,2017-08-24T00:00:00,GHCND:US1MOCW0009,0
559,",,N,",SNOW,2017-08-24T00:00:00,GHCND:US1MOCW0009,0
560,",,N,",PRCP,2017-08-24T00:00:00,GHCND:US1MOCW0012,0
561,",,N,",PRCP,2017-08-24T00:00:00,GHCND:US1MOFSA051,0
562,",,N,",SNOW,2017-08-24T00:00:00,GHCND:US1MOFSA051,0
563,",,7,0700",PRCP,2017-08-24T00:00:00,GHCND:USC00234271,0
564,",,7,",SNOW,2017-08-24T00:00:00,GHCND:USC00234271,0
565,",,7,",SNWD,2017-08-24T00:00:00,GHCND:USC00234271,0
566,",,7,0700",TMAX,2017-08-24T00:00:00,GHCND:USC00234271,256
567,",,7,0700",TMIN,2017-08-24T00:00:00,GHCND:USC00234271,139
568,",,7,0700",TOBS,2017-08-24T00:00:00,GHCND:USC00234271,144
569,",,W,",AWND,2017-08-24T00:00:00,GHCND:USW00003963,15
570,",,W,",PRCP,2017-08-24T00:00:00,GHCND:USW00003963,0
571,",,W,",SNOW,2017-08-24T00:00:00,GHCND:USW00003963,0
572,",,W,",SNWD,2017-08-24T00:00:00,GHCND:USW00003963,0
573,",,W,",TMAX,2017-08-24T00:00:00,GHCND:USW00003963,267
574,",,W,",TMIN,2017-08-24T00:00:00,GHCND:USW00003963,139
575,",,W,",WDF2,2017-08-24T00:00:00,GHCND:USW00003963,110
576,",,W,",WDF5,2017-08-24T00:00:00,GHCND:USW00003963,110
577,",,W,",WSF2,2017-08-24T00:00:00,GHCND:USW00003963,54
578,",,W,",WSF5,2017-08-24T00:00:00,GHCND:USW00003963,67
579,",,W,",WT01,2017-08-24T00:00:00,GHCND:USW00003963,1
580,",,W,",WT02,2017-08-24T00:00:00,GHCND:USW00003963,1
581,",,W,",WT08,2017-08-24T00:00:00,GHCND:USW00003963,1
582,",,N,",PRCP,2017-08-25T00:00:00,GHCND:US1MOBN0007,0
583,",,N,",SNOW,2017-08-25T00:00:00,GHCND:US1MOBN0007,0
584,",,N,",PRCP,2017-08-25T00:00:00,GHCND:US1MOCE0007,0
585,",,N,",SNOW,2017-08-25T00:00:00,GHCND:US1MOCE0007,0
586,",,N,",PRCP,2017-08-25T00:00:00,GHCND:US1MOCE0009,0
587,",,N,",SNOW,2017-08-25T00:00:00,GHCND:US1MOCE0009,0
588,",,N,",PRCP,2017-08-25T00:00:00,GHCND:US1MOCE0017,0
589,",,N,",SNOW,2017-08-25T00:00:00,GHCND:US1MOCE0017,0
590,",,N,",SNWD,2017-08-25T00:00:00,GHCND:US1MOCE0017,0
591,",,N,",WESD,2017-08-25T00:00:00,GHCND:US1MOCE0017,0
592,",,N,",WESF,2017-08-25T00:00:00,GHCND:US1MOCE0017,0
593,",,N,",PRCP,2017-08-25T00:00:00,GHCND:US1MOCW0009,0
594,",,N,",SNOW,2017-08-25T00:00:00,GHCND:US1MOCW0009,0
595,",,N,",PRCP,2017-08-25T00:00:00,GHCND:US1MOCW0012,0
596,",,N,",PRCP,2017-08-25T00:00:00,GHCND:US1MOFSA051,0
597,",,N,",SNOW,2017-08-25T00:00:00,GHCND:US1MOFSA051,0
598,",,7,0700",PRCP,2017-08-25T00:00:00,GHCND:USC00234271,0
599,",,7,",SNOW,2017-08-25T00:00:00,GHCND:USC00234271,0
600,",,7,",SNWD,2017-08-25T00:00:00,GHCND:USC00234271,0
601,",,7,0700",TMAX,2017-08-25T00:00:00,GHCND:USC00234271,261
602,",,7,0700",TMIN,2017-08-25T00:00:00,GHCND:USC00234271,144
603,",,7,0700",TOBS,2017-08-25T00:00:00,GHCND:USC00234271,167
604,",,W,",AWND,2017-08-25T00:00:00,GHCND:USW00003963,25
605,",,W,",PRCP,2017-08-25T00:00:00,GHCND:USW00003963,0
606,",,W,",SNOW,2017-08-25T00:00:00,GHCND:USW00003963,0
607,",,W,",SNWD,2017-08-25T00:00:00,GHCND:USW00003963,0
608,",,W,",TMAX,2017-08-25T00:00:00,GHCND:USW00003963,267
609,",,W,",TMIN,2017-08-25T00:00:00,GHCND:USW00003963,150
610,",,W,",WDF2,2017-08-25T00:00:00,GHCND:USW00003963,130
611,",,W,",WDF5,2017-08-25T00:00:00,GHCND:USW00003963,140
612,",,W,",WSF2,2017-08-25T00:00:00,GHCND:USW00003963,67
613,",,W,",WSF5,2017-08-25T00:00:00,GHCND:USW00003963,85
614,",,W,",WT01,2017-08-25T00:00:00,GHCND:USW00003963,1
615,",,N,",PRCP,2017-08-26T00:00:00,GHCND:US1MOBN0007,0
616,",,N,",SNOW,2017-08-26T00:00:00,GHCND:US1MOBN0007,0
617,",,N,",PRCP,2017-08-26T00:00:00,GHCND:US1MOCE0007,0
618,",,N,",SNOW,2017-08-26T00:00:00,GHCND:US1MOCE0007,0
619,",,N,",PRCP,2017-08-26T00:00:00,GHCND:US1MOCE0009,0
620,",,N,",SNOW,2017-08-26T00:00:00,GHCND:US1MOCE0009,0
621,",,N,",PRCP,2017-08-26T00:00:00,GHCND:US1MOCE0017,0
622,",,N,",SNOW,2017-08-26T00:00:00,GHCND:US1MOCE0017,0
623,",,N,",SNWD,2017-08-26T00:00:00,GHCND:US1MOCE0017,0
624,",,N,",WESD,2017-08-26T00:00:00,GHCND:US1MOCE0017,0
625,",,N,",WESF,2017-08-26T00:00:00,GHCND:US1MOCE0017,0
626,",,N,",PRCP,2017-08-26T00:00:00,GHCND:US1MOCW0009,0
627,",,N,",SNOW,2017-08-26T00:00:00,GHCND:US1MOCW0009,0
628,",,N,",PRCP,2017-08-26T00:00:00,GHCND:US1MOCW0012,0
629,",,N,",PRCP,2017-08-26T00:00:00,GHCND:US1MOFSA051,0
630,",,N,",SNOW,2017-08-26T00:00:00,GHCND:US1MOFSA051,0
631,",,7,0700",PRCP,2017-08-26T00:00:00,GHCND:USC00234271,0
632,",,7,",SNOW,2017-08-26T00:00:00,GHCND:USC00234271,0
633,",,7,",SNWD,2017-08-26T00:00:00,GHCND:USC00234271,0
634,",,7,0700",TMAX,2017-08-26T00:00:00,GHCND:USC00234271,267
635,",,7,0700",TMIN,2017-08-26T00:00:00,GHCND:USC00234271,167
636,",,7,0700",TOBS,2017-08-26T00:00:00,GHCND:USC00234271,178
637,",,W,",AWND,2017-08-26T00:00:00,GHCND:USW00003963,12
638,",,W,",PRCP,2017-08-26T00:00:00,GHCND:USW00003963,0
639,",,W,",SNOW,2017-08-26T00:00:00,GHCND:USW00003963,0
640,",,W,",SNWD,2017-08-26T00:00:00,GHCND:USW00003963,0
641,",,W,",TMAX,2017-08-26T00:00:00,GHCND:USW00003963,289
642,",,W,",TMIN,2017-08-26T00:00:00,GHCND:USW00003963,150
643,",,W,",WDF2,2017-08-26T00:00:00,GHCND:USW00003963,120
644,",,W,",WDF5,2017-08-26T00:00:00,GHCND:USW00003963,140
645,",,W,",WSF2,2017-08-26T00:00:00,GHCND:USW00003963,40
646,",,W,",WSF5,2017-08-26T00:00:00,GHCND:USW00003963,58
647,",,N,",PRCP,2017-08-27T00:00:00,GHCND:US1MOBN0007,0
648,",,N,",SNOW,2017-08-27T00:00:00,GHCND:US1MOBN0007,0
649,",,N,",PRCP,2017-08-27T00:00:00,GHCND:US1MOCE0007,0
650,",,N,",SNOW,2017-08-27T00:00:00,GHCND:US1MOCE0007,0
651,",,N,",PRCP,2017-08-27T00:00:00,GHCND:US1MOCE0009,0
652,",,N,",SNOW,2017-08-27T00:00:00,GHCND:US1MOCE0009,0
653,",,N,",PRCP,2017-08-27T00:00:00,GHCND:US1MOCE0017,0
654,",,N,",SNOW,2017-08-27T00:00:00,GHCND:US1MOCE0017,0
655,",,N,",SNWD,2017-08-27T00:00:00,GHCND:US1MOCE0017,0
656,",,N,",WESD,2017-08-27T00:00:00,GHCND:US1MOCE0017,0
657,",,N,",WESF,2017-08-27T00:00:00,GHCND:US1MOCE0017,0
658,",,N,",PRCP,2017-08-27T00:00:00,GHCND:US1MOCW0009,0
659,",,N,",SNOW,2017-08-27T00:00:00,GHCND:US1MOCW0009,0
660,",,N,",PRCP,2017-08-27T00:00:00,GHCND:US1MOCW0012,0
661,",,N,",PRCP,2017-08-27T00:00:00,GHCND:US1MOFSA051,0
662,",,N,",SNOW,2017-08-27T00:00:00,GHCND:US1MOFSA051,0
663,",,7,0700",PRCP,2017-08-27T00:00:00,GHCND:USC00234271,0
664,",,7,",SNOW,2017-08-27T00:00:00,GHCND:USC00234271,0
665,",,7,",SNWD,2017-08-27T00:00:00,GHCND:USC00234271,0
666,",,7,0700",TMAX,2017-08-27T00:00:00,GHCND:USC00234271,283
667,",,7,0700",TMIN,2017-08-27T00:00:00,GHCND:USC00234271,172
668,",,7,0700",TOBS,2017-08-27T00:00:00,GHCND:USC00234271,178
669,",,W,",AWND,2017-08-27T00:00:00,GHCND:USW00003963,19
670,",,W,",PRCP,2017-08-27T00:00:00,GHCND:USW00003963,10
671,",,W,",SNOW,2017-08-27T00:00:00,GHCND:USW00003963,0
672,",,W,",SNWD,2017-08-27T00:00:00,GHCND:USW00003963,0
673,",,W,",TMAX,2017-08-27T00:00:00,GHCND:USW00003963,278
674,",,W,",TMIN,2017-08-27T00:00:00,GHCND:USW00003963,156
675,",,W,",WDF2,2017-08-27T00:00:00,GHCND:USW00003963,10
676,",,W,",WDF5,2017-08-27T00:00:00,GHCND:USW00003963,30
677,",,W,",WSF2,2017-08-27T00:00:00,GHCND:USW00003963,76
678,",,W,",WSF5,2017-08-27T00:00:00,GHCND:USW00003963,103
679,",,W,",WT01,2017-08-27T00:00:00,GHCND:USW00003963,1
680,",,W,",WT03,2017-08-27T00:00:00,GHCND:USW00003963,1
681,",,N,",PRCP,2017-08-28T00:00:00,GHCND:US1MOBN0007,86
682,",,N,",PRCP,2017-08-28T00:00:00,GHCND:US1MOCE0007,18
683,",,N,",PRCP,2017-08-28T00:00:00,GHCND:US1MOCE0009,10
684,",,N,",PRCP,2017-08-28T00:00:00,GHCND:US1MOCE0017,8
685,",,N,",SNOW,2017-08-28T00:00:00,GHCND:US1MOCE0017,0
686,",,N,",SNWD,2017-08-28T00:00:00,GHCND:US1MOCE0017,0
687,",,N,",WESD,2017-08-28T00:00:00,GHCND:US1MOCE0017,0
688,",,N,",WESF,2017-08-28T00:00:00,GHCND:US1MOCE0017,0
689,",,N,",PRCP,2017-08-28T00:00:00,GHCND:US1MOCW0009,13
690,",,N,",PRCP,2017-08-28T00:00:00,GHCND:US1MOCW0012,3
691,",,N,",PRCP,2017-08-28T00:00:00,GHCND:US1MOFSA051,5
692,",,7,0700",PRCP,2017-08-28T00:00:00,GHCND:USC00234271,13
693,",,7,",SNOW,2017-08-28T00:00:00,GHCND:USC00234271,0
694,",,7,",SNWD,2017-08-28T00:00:00,GHCND:USC00234271,0
695,",,7,0700",TMAX,2017-08-28T00:00:00,GHCND:USC00234271,278
696,",,7,0700",TMIN,2017-08-28T00:00:00,GHCND:USC00234271,167
697,",,7,0700",TOBS,2017-08-28T00:00:00,GHCND:USC00234271,172
698,",,W,",AWND,2017-08-28T00:00:00,GHCND:USW00003963,17
699,",,W,",PRCP,2017-08-28T00:00:00,GHCND:USW00003963,0
700,",,W,",SNOW,2017-08-28T00:00:00,GHCND:USW00003963,0
701,",,W,",SNWD,2017-08-28T00:00:00,GHCND:USW00003963,0
702,",,W,",TMAX,2017-08-28T00:00:00,GHCND:USW00003963,283
703,",,W,",TMIN,2017-08-28T00:00:00,GHCND:USW00003963,172
704,",,W,",WDF2,2017-08-28T00:00:00,GHCND:USW00003963,10
705,",,W,",WDF5,2017-08-28T00:00:00,GHCND:USW00003963,10
706,",,W,",WSF2,2017-08-28T00:00:00,GHCND:USW00003963,72
707,",,W,",WSF5,2017-08-28T00:00:00,GHCND:USW00003963,98
708,",,W,",WT01,2017-08-28T00:00:00,GHCND:USW00003963,1
709,",,W,",WT02,2017-08-28T00:00:00,GHCND:USW00003963,1
710,",,N,",PRCP,2017-08-29T00:00:00,GHCND:US1MOBN0007,0
711,",,N,",SNOW,2017-08-29T00:00:00,GHCND:US1MOBN0007,0
712,",,N,",PRCP,2017-08-29T00:00:00,GHCND:US1MOCE0007,0
713,",,N,",SNOW,2017-08-29T00:00:00,GHCND:US1MOCE0007,0
714,"T,,N,",PRCP,2017-08-29T00:00:00,GHCND:US1MOCE0009,0
715,",,N,",PRCP,2017-08-29T00:00:00,GHCND:US1MOCE0017,0
716,",,N,",SNOW,2017-08-29T00:00:00,GHCND:US1MOCE0017,0
717,",,N,",SNWD,2017-08-29T00:00:00,GHCND:US1MOCE0017,0
718,",,N,",WESD,2017-08-29T00:00:00,GHCND:US1MOCE0017,0
719,",,N,",WESF,2017-08-29T00:00:00,GHCND:US1MOCE0017,0
720,",,N,",PRCP,2017-08-29T00:00:00,GHCND:US1MOCW0009,0
721,",,N,",SNOW,2017-08-29T00:00:00,GHCND:US1MOCW0009,0
722,",,N,",PRCP,2017-08-29T00:00:00,GHCND:US1MOCW0012,0
723,",,N,",PRCP,2017-08-29T00:00:00,GHCND:US1MOCW0017,0
724,",,N,",PRCP,2017-08-29T00:00:00,GHCND:US1MOFSA051,0
725,",,N,",SNOW,2017-08-29T00:00:00,GHCND:US1MOFSA051,0
726,",,7,0700",PRCP,2017-08-29T00:00:00,GHCND:USC00234271,0
727,",,7,",SNOW,2017-08-29T00:00:00,GHCND:USC00234271,0
728,",,7,",SNWD,2017-08-29T00:00:00,GHCND:USC00234271,0
729,",,7,0700",TMAX,2017-08-29T00:00:00,GHCND:USC00234271,278
730,",,7,0700",TMIN,2017-08-29T00:00:00,GHCND:USC00234271,156
731,",,7,0700",TOBS,2017-08-29T00:00:00,GHCND:USC00234271,161
732,",,W,",AWND,2017-08-29T00:00:00,GHCND:USW00003963,13
733,",,W,",PRCP,2017-08-29T00:00:00,GHCND:USW00003963,0
734,",,W,",SNOW,2017-08-29T00:00:00,GHCND:USW00003963,0
735,",,W,",SNWD,2017-08-29T00:00:00,GHCND:USW00003963,0
736,",,W,",TMAX,2017-08-29T00:00:00,GHCND:USW00003963,272
737,",,W,",TMIN,2017-08-29T00:00:00,GHCND:USW00003963,156
738,",,W,",WDF2,2017-08-29T00:00:00,GHCND:USW00003963,80
739,",,W,",WDF5,2017-08-29T00:00:00,GHCND:USW00003963,40
740,",,W,",WSF2,2017-08-29T00:00:00,GHCND:USW00003963,36
741,",,W,",WSF5,2017-08-29T00:00:00,GHCND:USW00003963,54
742,",,N,",PRCP,2017-08-30T00:00:00,GHCND:US1MOBN0007,0
743,",,N,",SNOW,2017-08-30T00:00:00,GHCND:US1MOBN0007,0
744,",,N,",PRCP,2017-08-30T00:00:00,GHCND:US1MOCE0007,0
745,",,N,",SNOW,2017-08-30T00:00:00,GHCND:US1MOCE0007,0
746,",,N,",PRCP,2017-08-30T00:00:00,GHCND:US1MOCE0009,0
747,",,N,",SNOW,2017-08-30T00:00:00,GHCND:US1MOCE0009,0
748,",,N,",PRCP,2017-08-30T00:00:00,GHCND:US1MOCE0017,0
749,",,N,",SNOW,2017-08-30T00:00:00,GHCND:US1MOCE0017,0
750,",,N,",SNWD,2017-08-30T00:00:00,GHCND:US1MOCE0017,0
751,",,N,",WESD,2017-08-30T00:00:00,GHCND:US1MOCE0017,0
752,",,N,",WESF,2017-08-30T00:00:00,GHCND:US1MOCE0017,0
753,",,N,",PRCP,2017-08-30T00:00:00,GHCND:US1MOCW0009,0
754,",,N,",SNOW,2017-08-30T00:00:00,GHCND:US1MOCW0009,0
755,",,N,",PRCP,2017-08-30T00:00:00,GHCND:US1MOCW0012,0
756,",,N,",PRCP,2017-08-30T00:00:00,GHCND:US1MOFSA051,0
757,",,N,",SNOW,2017-08-30T00:00:00,GHCND:US1MOFSA051,0
758,",,7,0700",PRCP,2017-08-30T00:00:00,GHCND:USC00234271,0
759,",,7,",SNOW,2017-08-30T00:00:00,GHCND:USC00234271,0
760,",,7,",SNWD,2017-08-30T00:00:00,GHCND:USC00234271,0
761,",,7,0700",TMAX,2017-08-30T00:00:00,GHCND:USC00234271,267
762,",,7,0700",TMIN,2017-08-30T00:00:00,GHCND:USC00234271,161
763,",,7,0700",TOBS,2017-08-30T00:00:00,GHCND:USC00234271,167
764,",,W,",AWND,2017-08-30T00:00:00,GHCND:USW00003963,22
765,",,W,",PRCP,2017-08-30T00:00:00,GHCND:USW00003963,0
766,",,W,",SNOW,2017-08-30T00:00:00,GHCND:USW00003963,0
767,",,W,",SNWD,2017-08-30T00:00:00,GHCND:USW00003963,0
768,",,W,",TMAX,2017-08-30T00:00:00,GHCND:USW00003963,283
769,",,W,",TMIN,2017-08-30T00:00:00,GHCND:USW00003963,150
770,",,W,",WDF2,2017-08-30T00:00:00,GHCND:USW00003963,40
771,",,W,",WDF5,2017-08-30T00:00:00,GHCND:USW00003963,60
772,",,W,",WSF2,2017-08-30T00:00:00,GHCND:USW00003963,58
773,",,W,",WSF5,2017-08-30T00:00:00,GHCND:USW00003963,81
774,",,N,",PRCP,2017-08-31T00:00:00,GHCND:US1MOBN0007,0
775,",,N,",SNOW,2017-08-31T00:00:00,GHCND:US1MOBN0007,0
776,",,N,",PRCP,2017-08-31T00:00:00,GHCND:US1MOCE0007,0
777,",,N,",SNOW,2017-08-31T00:00:00,GHCND:US1MOCE0007,0
778,",,N,",PRCP,2017-08-31T00:00:00,GHCND:US1MOCE0009,0
779,",,N,",SNOW,2017-08-31T00:00:00,GHCND:US1MOCE0009,0
780,",,N,",PRCP,2017-08-31T00:00:00,GHCND:US1MOCE0017,0
781,",,N,",SNOW,2017-08-31T00:00:00,GHCND:US1MOCE0017,0
782,",,N,",SNWD,2017-08-31T00:00:00,GHCND:US1MOCE0017,0
783,",,N,",WESD,2017-08-31T00:00:00,GHCND:US1MOCE0017,0
784,",,N,",WESF,2017-08-31T00:00:00,GHCND:US1MOCE0017,0
785,",,N,",PRCP,2017-08-31T00:00:00,GHCND:US1MOCW0009,0
786,",,N,",SNOW,2017-08-31T00:00:00,GHCND:US1MOCW0009,0
787,",,N,",PRCP,2017-08-31T00:00:00,GHCND:US1MOCW0012,0
788,",,N,",PRCP,2017-08-31T00:00:00,GHCND:US1MOFSA051,0
789,",,N,",SNOW,2017-08-31T00:00:00,GHCND:US1MOFSA051,0
790,",,7,0700",PRCP,2017-08-31T00:00:00,GHCND:USC00234271,0
791,",,7,",SNOW,2017-08-31T00:00:00,GHCND:USC00234271,0
792,",,7,",SNWD,2017-08-31T00:00:00,GHCND:USC00234271,0
793,",,7,0700",TMAX,2017-08-31T00:00:00,GHCND:USC00234271,283
794,",,7,0700",TMIN,2017-08-31T00:00:00,GHCND:USC00234271,167
795,",,7,0700",TOBS,2017-08-31T00:00:00,GHCND:USC00234271,178
796,",,W,",AWND,2017-08-31T00:00:00,GHCND:USW00003963,28
797,",,W,",PRCP,2017-08-31T00:00:00,GHCND:USW00003963,0
798,",,W,",SNOW,2017-08-31T00:00:00,GHCND:USW00003963,0
799,",,W,",SNWD,2017-08-31T00:00:00,GHCND:USW00003963,0
800,",,W,",TMAX,2017-08-31T00:00:00,GHCND:USW00003963,267
801,",,W,",TMIN,2017-08-31T00:00:00,GHCND:USW00003963,161
802,",,W,",WDF2,2017-08-31T00:00:00,GHCND:USW00003963,80
803,",,W,",WDF5,2017-08-31T00:00:00,GHCND:USW00003963,70
804,",,W,",WSF2,2017-08-31T00:00:00,GHCND:USW00003963,76
805,",,W,",WSF5,2017-08-31T00:00:00,GHCND:USW00003963,107
806,",,N,",PRCP,2017-09-01T00:00:00,GHCND:US1MOBN0007,0
807,",,N,",SNOW,2017-09-01T00:00:00,GHCND:US1MOBN0007,0
808,",,N,",PRCP,2017-09-01T00:00:00,GHCND:US1MOCE0007,0
809,",,N,",SNOW,2017-09-01T00:00:00,GHCND:US1MOCE0007,0
810,",,N,",PRCP,2017-09-01T00:00:00,GHCND:US1MOCE0009,0
811,",,N,",SNOW,2017-09-01T00:00:00,GHCND:US1MOCE0009,0
812,",,N,",PRCP,2017-09-01T00:00:00,GHCND:US1MOCE0017,0
813,",,N,",SNOW,2017-09-01T00:00:00,GHCND:US1MOCE0017,0
814,",,N,",SNWD,2017-09-01T00:00:00,GHCND:US1MOCE0017,0
815,",,N,",WESD,2017-09-01T00:00:00,GHCND:US1MOCE0017,0
816,",,N,",WESF,2017-09-01T00:00:00,GHCND:US1MOCE0017,0
817,",,N,",PRCP,2017-09-01T00:00:00,GHCND:US1MOCW0009,0
818,",,N,",SNOW,2017-09-01T00:00:00,GHCND:US1MOCW0009,0
819,",,N,",PRCP,2017-09-01T00:00:00,GHCND:US1MOCW0012,0
820,",,N,",PRCP,2017-09-01T00:00:00,GHCND:US1MOFSA051,0
821,",,N,",SNOW,2017-09-01T00:00:00,GHCND:US1MOFSA051,0
822,",,7,0700",PRCP,2017-09-01T00:00:00,GHCND:USC00234271,0
823,",,7,",SNOW,2017-09-01T00:00:00,GHCND:USC00234271,0
824,",,7,",SNWD,2017-09-01T00:00:00,GHCND:USC00234271,0
825,",,7,0700",TMAX,2017-09-01T00:00:00,GHCND:USC00234271,261
826,",,7,0700",TMIN,2017-09-01T00:00:00,GHCND:USC00234271,139
827,",,7,0700",TOBS,2017-09-01T00:00:00,GHCND:USC00234271,144
828,",,W,",AWND,2017-09-01T00:00:00,GHCND:USW00003963,24
829,",,W,",PRCP,2017-09-01T00:00:00,GHCND:USW00003963,0
830,",,W,",SNOW,2017-09-01T00:00:00,GHCND:USW00003963,0
831,",,W,",SNWD,2017-09-01T00:00:00,GHCND:USW00003963,0
832,",,W,",TMAX,2017-09-01T00:00:00,GHCND:USW00003963,256
833,",,W,",TMIN,2017-09-01T00:00:00,GHCND:USW00003963,144
834,",,W,",WDF2,2017-09-01T00:00:00,GHCND:USW00003963,50
835,",,W,",WDF5,2017-09-01T00:00:00,GHCND:USW00003963,40
836,",,W,",WSF2,2017-09-01T00:00:00,GHCND:USW00003963,58
837,",,W,",WSF5,2017-09-01T00:00:00,GHCND:USW00003963,76
838,",,W,",WT01,2017-09-01T00:00:00,GHCND:USW00003963,1
839,",,W,",WT08,2017-09-01T00:00:00,GHCND:USW00003963,1
840,",,N,",PRCP,2017-09-02T00:00:00,GHCND:US1MOBN0007,0
841,",,N,",SNOW,2017-09-02T00:00:00,GHCND:US1MOBN0007,0
842,",,N,",PRCP,2017-09-02T00:00:00,GHCND:US1MOCE0007,0
843,",,N,",SNOW,2017-09-02T00:00:00,GHCND:US1MOCE0007,0
844,",,N,",PRCP,2017-09-02T00:00:00,GHCND:US1MOCE0009,0
845,",,N,",SNOW,2017-09-02T00:00:00,GHCND:US1MOCE0009,0
846,",,N,",PRCP,2017-09-02T00:00:00,GHCND:US1MOCE0017,0
847,",,N,",SNOW,2017-09-02T00:00:00,GHCND:US1MOCE0017,0
848,",,N,",SNWD,2017-09-02T00:00:00,GHCND:US1MOCE0017,0
849,",,N,",WESD,2017-09-02T00:00:00,GHCND:US1MOCE0017,0
850,",,N,",WESF,2017-09-02T00:00:00,GHCND:US1MOCE0017,0
851,",,N,",PRCP,2017-09-02T00:00:00,GHCND:US1MOCW0009,0
852,",,N,",SNOW,2017-09-02T00:00:00,GHCND:US1MOCW0009,0
853,",,N,",PRCP,2017-09-02T00:00:00,GHCND:US1MOCW0012,0
854,",,N,",PRCP,2017-09-02T00:00:00,GHCND:US1MOFSA051,0
855,",,N,",SNOW,2017-09-02T00:00:00,GHCND:US1MOFSA051,0
856,",,7,0700",PRCP,2017-09-02T00:00:00,GHCND:USC00234271,0
857,",,7,",SNOW,2017-09-02T00:00:00,GHCND:USC00234271,0
858,",,7,",SNWD,2017-09-02T00:00:00,GHCND:USC00234271,0
859,",,7,0700",TMAX,2017-09-02T00:00:00,GHCND:USC00234271,261
860,",,7,0700",TMIN,2017-09-02T00:00:00,GHCND:USC00234271,117
861,",,7,0700",TOBS,2017-09-02T00:00:00,GHCND:USC00234271,122
862,",,W,",AWND,2017-09-02T00:00:00,GHCND:USW00003963,9
863,",,W,",PRCP,2017-09-02T00:00:00,GHCND:USW00003963,0
864,",,W,",SNOW,2017-09-02T00:00:00,GHCND:USW00003963,0
865,",,W,",SNWD,2017-09-02T00:00:00,GHCND:USW00003963,0
866,",,W,",TMAX,2017-09-02T00:00:00,GHCND:USW00003963,283
867,",,W,",TMIN,2017-09-02T00:00:00,GHCND:USW00003963,100
868,",,W,",WDF2,2017-09-02T00:00:00,GHCND:USW00003963,250
869,",,W,",WDF5,2017-09-02T00:00:00,GHCND:USW00003963,290
870,",,W,",WSF2,2017-09-02T00:00:00,GHCND:USW00003963,36
871,",,W,",WSF5,2017-09-02T00:00:00,GHCND:USW00003963,54
872,",,W,",WT01,2017-09-02T00:00:00,GHCND:USW00003963,1
873,",,N,",PRCP,2017-09-03T00:00:00,GHCND:US1MOBN0007,0
874,",,N,",SNOW,2017-09-03T00:00:00,GHCND:US1MOBN0007,0
875,",,N,",PRCP,2017-09-03T00:00:00,GHCND:US1MOCE0007,0
876,",,N,",SNOW,2017-09-03T00:00:00,GHCND:US1MOCE0007,0
877,",,N,",PRCP,2017-09-03T00:00:00,GHCND:US1MOCE0009,0
878,",,N,",SNOW,2017-09-03T00:00:00,GHCND:US1MOCE0009,0
879,",,N,",PRCP,2017-09-03T00:00:00,GHCND:US1MOCE0017,8
880,",,N,",SNOW,2017-09-03T00:00:00,GHCND:US1MOCE0017,0
881,",,N,",SNWD,2017-09-03T00:00:00,GHCND:US1MOCE0017,0
882,",,N,",WESD,2017-09-03T00:00:00,GHCND:US1MOCE0017,0
883,",,N,",WESF,2017-09-03T00:00:00,GHCND:US1MOCE0017,0
884,",,N,",PRCP,2017-09-03T00:00:00,GHCND:US1MOCW0009,0
885,",,N,",SNOW,2017-09-03T00:00:00,GHCND:US1MOCW0009,0
886,",,N,",PRCP,2017-09-03T00:00:00,GHCND:US1MOCW0012,0
887,",,N,",PRCP,2017-09-03T00:00:00,GHCND:US1MOFSA051,0
888,",,N,",SNOW,2017-09-03T00:00:00,GHCND:US1MOFSA051,0
889,",,7,0700",PRCP,2017-09-03T00:00:00,GHCND:USC00234271,0
890,",,7,",SNOW,2017-09-03T00:00:00,GHCND:USC00234271,0
891,",,7,",SNWD,2017-09-03T00:00:00,GHCND:USC00234271,0
892,",,7,0700",TMAX,2017-09-03T00:00:00,GHCND:USC00234271,278
893,",,7,0700",TMIN,2017-09-03T00:00:00,GHCND:USC00234271,122
894,",,7,0700",TOBS,2017-09-03T00:00:00,GHCND:USC00234271,189
895,",,W,",AWND,2017-09-03T00:00:00,GHCND:USW00003963,9
896,",,W,",PRCP,2017-09-03T00:00:00,GHCND:USW00003963,0
897,",,W,",SNOW,2017-09-03T00:00:00,GHCND:USW00003963,0
898,",,W,",SNWD,2017-09-03T00:00:00,GHCND:USW00003963,0
899,",,W,",TMAX,2017-09-03T00:00:00,GHCND:USW00003963,311
900,",,W,",TMIN,2017-09-03T00:00:00,GHCND:USW00003963,178
901,",,W,",WDF2,2017-09-03T00:00:00,GHCND:USW00003963,170
902,",,W,",WDF5,2017-09-03T00:00:00,GHCND:USW00003963,190
903,",,W,",WSF2,2017-09-03T00:00:00,GHCND:USW00003963,31
904,",,W,",WSF5,2017-09-03T00:00:00,GHCND:USW00003963,40
905,",,W,",WT01,2017-09-03T00:00:00,GHCND:USW00003963,1
906,",,W,",WT02,2017-09-03T00:00:00,GHCND:USW00003963,1
907,",,N,",PRCP,2017-09-04T00:00:00,GHCND:US1MOBN0007,0
908,",,N,",SNOW,2017-09-04T00:00:00,GHCND:US1MOBN0007,0
909,",,N,",PRCP,2017-09-04T00:00:00,GHCND:US1MOCE0007,0
910,",,N,",SNOW,2017-09-04T00:00:00,GHCND:US1MOCE0007,0
911,",,N,",PRCP,2017-09-04T00:00:00,GHCND:US1MOCE0009,0
912,",,N,",SNOW,2017-09-04T00:00:00,GHCND:US1MOCE0009,0
913,",,N,",PRCP,2017-09-04T00:00:00,GHCND:US1MOCE0017,0
914,",,N,",SNOW,2017-09-04T00:00:00,GHCND:US1MOCE0017,0
915,",,N,",SNWD,2017-09-04T00:00:00,GHCND:US1MOCE0017,0
916,",,N,",WESD,2017-09-04T00:00:00,GHCND:US1MOCE0017,0
917,",,N,",WESF,2017-09-04T00:00:00,GHCND:US1MOCE0017,0
918,",,N,",PRCP,2017-09-04T00:00:00,GHCND:US1MOCW0009,0
919,",,N,",SNOW,2017-09-04T00:00:00,GHCND:US1MOCW0009,0
920,",,N,",PRCP,2017-09-04T00:00:00,GHCND:US1MOCW0012,0
921,",,N,",PRCP,2017-09-04T00:00:00,GHCND:US1MOFSA051,0
922,",,N,",SNOW,2017-09-04T00:00:00,GHCND:US1MOFSA051,0
923,",,7,0700",PRCP,2017-09-04T00:00:00,GHCND:USC00234271,0
924,",,7,",SNOW,2017-09-04T00:00:00,GHCND:USC00234271,0
925,",,7,",SNWD,2017-09-04T00:00:00,GHCND:USC00234271,0
926,",,7,0700",TMAX,2017-09-04T00:00:00,GHCND:USC00234271,300
927,",,7,0700",TMIN,2017-09-04T00:00:00,GHCND:USC00234271,189
928,",,7,0700",TOBS,2017-09-04T00:00:00,GHCND:USC00234271,206
929,",,W,",AWND,2017-09-04T00:00:00,GHCND:USW00003963,34
930,",,W,",PRCP,2017-09-04T00:00:00,GHCND:USW00003963,0
931,",,W,",SNOW,2017-09-04T00:00:00,GHCND:USW00003963,0
932,",,W,",SNWD,2017-09-04T00:00:00,GHCND:USW00003963,0
933,",,W,",TMAX,2017-09-04T00:00:00,GHCND:USW00003963,328
934,",,W,",TMIN,2017-09-04T00:00:00,GHCND:USW00003963,183
935,",,W,",WDF2,2017-09-04T00:00:00,GHCND:USW00003963,220
936,",,W,",WDF5,2017-09-04T00:00:00,GHCND:USW00003963,260
937,",,W,",WSF2,2017-09-04T00:00:00,GHCND:USW00003963,89
938,",,W,",WSF5,2017-09-04T00:00:00,GHCND:USW00003963,112
939,",,W,",WT01,2017-09-04T00:00:00,GHCND:USW00003963,1
940,",,W,",WT03,2017-09-04T00:00:00,GHCND:USW00003963,1
941,",,N,",PRCP,2017-09-05T00:00:00,GHCND:US1MOBN0007,0
942,",,N,",SNOW,2017-09-05T00:00:00,GHCND:US1MOBN0007,0
943,",,N,",PRCP,2017-09-05T00:00:00,GHCND:US1MOBN0032,0
944,",,N,",SNOW,2017-09-05T00:00:00,GHCND:US1MOBN0032,0
945,"T,,N,",PRCP,2017-09-05T00:00:00,GHCND:US1MOCE0007,0
946,"T,,N,",PRCP,2017-09-05T00:00:00,GHCND:US1MOCE0009,0
947,",,N,",PRCP,2017-09-05T00:00:00,GHCND:US1MOCE0017,147
948,",,N,",SNOW,2017-09-05T00:00:00,GHCND:US1MOCE0017,0
949,",,N,",SNWD,2017-09-05T00:00:00,GHCND:US1MOCE0017,0
950,",,N,",WESD,2017-09-05T00:00:00,GHCND:US1MOCE0017,0
951,",,N,",WESF,2017-09-05T00:00:00,GHCND:US1MOCE0017,0
952,",,N,",PRCP,2017-09-05T00:00:00,GHCND:US1MOCW0009,0
953,",,N,",SNOW,2017-09-05T00:00:00,GHCND:US1MOCW0009,0
954,",,N,",PRCP,2017-09-05T00:00:00,GHCND:US1MOCW0012,0
955,",,N,",PRCP,2017-09-05T00:00:00,GHCND:US1MOFSA051,0
956,",,N,",SNOW,2017-09-05T00:00:00,GHCND:US1MOFSA051,0
957,",,7,0700",PRCP,2017-09-05T00:00:00,GHCND:USC00234271,0
958,",,7,",SNOW,2017-09-05T00:00:00,GHCND:USC00234271,0
959,",,7,",SNWD,2017-09-05T00:00:00,GHCND:USC00234271,0
960,",,7,0700",TMAX,2017-09-05T00:00:00,GHCND:USC00234271,328
961,",,7,0700",TMIN,2017-09-05T00:00:00,GHCND:USC00234271,161
962,",,7,0700",TOBS,2017-09-05T00:00:00,GHCND:USC00234271,161
963,",,W,",AWND,2017-09-05T00:00:00,GHCND:USW00003963,32
964,",,W,",PRCP,2017-09-05T00:00:00,GHCND:USW00003963,0
965,",,W,",SNOW,2017-09-05T00:00:00,GHCND:USW00003963,0
966,",,W,",SNWD,2017-09-05T00:00:00,GHCND:USW00003963,0
967,",,W,",TMAX,2017-09-05T00:00:00,GHCND:USW00003963,239
968,",,W,",TMIN,2017-09-05T00:00:00,GHCND:USW00003963,117
969,",,W,",WDF2,2017-09-05T00:00:00,GHCND:USW00003963,300
970,",,W,",WDF5,2017-09-05T00:00:00,GHCND:USW00003963,280
971,",,W,",WSF2,2017-09-05T00:00:00,GHCND:USW00003963,98
972,",,W,",WSF5,2017-09-05T00:00:00,GHCND:USW00003963,125
973,",,W,",WT08,2017-09-05T00:00:00,GHCND:USW00003963,1
974,",,N,",PRCP,2017-09-06T00:00:00,GHCND:US1MOBN0007,0
975,",,N,",SNOW,2017-09-06T00:00:00,GHCND:US1MOBN0007,0
976,",,N,",PRCP,2017-09-06T00:00:00,GHCND:US1MOBN0032,0
977,",,N,",SNOW,2017-09-06T00:00:00,GHCND:US1MOBN0032,0
978,",,N,",PRCP,2017-09-06T00:00:00,GHCND:US1MOCE0007,0
979,",,N,",SNOW,2017-09-06T00:00:00,GHCND:US1MOCE0007,0
980,",,N,",PRCP,2017-09-06T00:00:00,GHCND:US1MOCE0009,0
981,",,N,",SNOW,2017-09-06T00:00:00,GHCND:US1MOCE0009,0
982,",,N,",PRCP,2017-09-06T00:00:00,GHCND:US1MOCE0017,0
983,",,N,",SNOW,2017-09-06T00:00:00,GHCND:US1MOCE0017,0
984,",,N,",SNWD,2017-09-06T00:00:00,GHCND:US1MOCE0017,0
985,",,N,",WESD,2017-09-06T00:00:00,GHCND:US1MOCE0017,0
986,",,N,",WESF,2017-09-06T00:00:00,GHCND:US1MOCE0017,0
987,",,N,",PRCP,2017-09-06T00:00:00,GHCND:US1MOCW0009,0
988,",,N,",SNOW,2017-09-06T00:00:00,GHCND:US1MOCW0009,0
989,",,N,",PRCP,2017-09-06T00:00:00,GHCND:US1MOCW0012,0
990,",,N,",PRCP,2017-09-06T00:00:00,GHCND:US1MOFSA051,0
991,",,N,",SNOW,2017-09-06T00:00:00,GHCND:US1MOFSA051,0
992,",,7,0700",PRCP,2017-09-06T00:00:00,GHCND:USC00234271,0
993,",,7,",SNOW,2017-09-06T00:00:00,GHCND:USC00234271,0
994,",,7,",SNWD,2017-09-06T00:00:00,GHCND:USC00234271,0
995,",,7,0700",TMAX,2017-09-06T00:00:00,GHCND:USC00234271,239
996,",,7,0700",TMIN,2017-09-06T00:00:00,GHCND:USC00234271,100
997,",,7,0700",TOBS,2017-09-06T00:00:00,GHCND:USC00234271,106
998,",,W,",AWND,2017-09-06T00:00:00,GHCND:USW00003963,22
999,",,W,",PRCP,2017-09-06T00:00:00,GHCND:USW00003963,0
0,",,W,",SNOW,2017-09-06T00:00:00,GHCND:USW00003963,0
1,",,W,",SNWD,2017-09-06T00:00:00,GHCND:USW00003963,0
2,",,W,",TMAX,2017-09-06T00:00:00,GHCND:USW00003963,217
3,",,W,",TMIN,2017-09-06T00:00:00,GHCND:USW00003963,94
4,",,W,",WDF2,2017-09-06T00:00:00,GHCND:USW00003963,300
5,",,W,",WDF5,2017-09-06T00:00:00,GHCND:USW00003963,310
6,",,W,",WSF2,2017-09-06T00:00:00,GHCND:USW00003963,72
7,",,W,",WSF5,2017-09-06T00:00:00,GHCND:USW00003963,107
8,",,N,",PRCP,2017-09-07T00:00:00,GHCND:US1MOBN0007,0
9,",,N,",SNOW,2017-09-07T00:00:00,GHCND:US1MOBN0007,0
10,",,N,",PRCP,2017-09-07T00:00:00,GHCND:US1MOBN0032,0
11,",,N,",SNOW,2017-09-07T00:00:00,GHCND:US1MOBN0032,0
12,",,N,",PRCP,2017-09-07T00:00:00,GHCND:US1MOCE0007,0
13,",,N,",SNOW,2017-09-07T00:00:00,GHCND:US1MOCE0007,0
14,",,N,",PRCP,2017-09-07T00:00:00,GHCND:US1MOCE0009,0
15,",,N,",SNOW,2017-09-07T00:00:00,GHCND:US1MOCE0009,0
16,",,N,",PRCP,2017-09-07T00:00:00,GHCND:US1MOCE0017,0
17,",,N,",SNOW,2017-09-07T00:00:00,GHCND:US1MOCE0017,0
18,",,N,",SNWD,2017-09-07T00:00:00,GHCND:US1MOCE0017,0
19,",,N,",WESD,2017-09-07T00:00:00,GHCND:US1MOCE0017,0
20,",,N,",WESF,2017-09-07T00:00:00,GHCND:US1MOCE0017,0
21,",,N,",PRCP,2017-09-07T00:00:00,GHCND:US1MOCW0009,0
22,",,N,",SNOW,2017-09-07T00:00:00,GHCND:US1MOCW0009,0
23,",,N,",PRCP,2017-09-07T00:00:00,GHCND:US1MOCW0012,0
24,",,N,",PRCP,2017-09-07T00:00:00,GHCND:US1MOFSA051,0
25,",,N,",SNOW,2017-09-07T00:00:00,GHCND:US1MOFSA051,0
26,",,7,0700",PRCP,2017-09-07T00:00:00,GHCND:USC00234271,0
27,",,7,",SNOW,2017-09-07T00:00:00,GHCND:USC00234271,0
28,",,7,",SNWD,2017-09-07T00:00:00,GHCND:USC00234271,0
29,",,7,0700",TMAX,2017-09-07T00:00:00,GHCND:USC00234271,217
30,",,7,0700",TMIN,2017-09-07T00:00:00,GHCND:USC00234271,100
31,",,7,0700",TOBS,2017-09-07T00:00:00,GHCND:USC00234271,106
32,",,W,",AWND,2017-09-07T00:00:00,GHCND:USW00003963,8
33,",,W,",PRCP,2017-09-07T00:00:00,GHCND:USW00003963,0
34,",,W,",SNOW,2017-09-07T00:00:00,GHCND:USW00003963,0
35,",,W,",SNWD,2017-09-07T00:00:00,GHCND:USW00003963,0
36,",,W,",TMAX,2017-09-07T00:00:00,GHCND:USW00003963,250
37,",,W,",TMIN,2017-09-07T00:00:00,GHCND:USW00003963,83
38,",,W,",WDF2,2017-09-07T00:00:00,GHCND:USW00003963,270
39,",,W,",WDF5,2017-09-07T00:00:00,GHCND:USW00003963,290
40,",,W,",WSF2,2017-09-07T00:00:00,GHCND:USW00003963,45
41,",,W,",WSF5,2017-09-07T00:00:00,GHCND:USW00003963,72
42,",,W,",WT01,2017-09-07T00:00:00,GHCND:USW00003963,1
43,",,W,",WT02,2017-09-07T00:00:00,GHCND:USW00003963,1
44,",,W,",WT08,2017-09-07T00:00:00,GHCND:USW00003963,1
45,",,N,",PRCP,2017-09-08T00:00:00,GHCND:US1MOBN0007,0
46,",,N,",SNOW,2017-09-08T00:00:00,GHCND:US1MOBN0007,0
47,",,N,",PRCP,2017-09-08T00:00:00,GHCND:US1MOBN0032,0
48,",,N,",SNOW,2017-09-08T00:00:00,GHCND:US1MOBN0032,0
49,",,N,",PRCP,2017-09-08T00:00:00,GHCND:US1MOCE0007,0
50,",,N,",SNOW,2017-09-08T00:00:00,GHCND:US1MOCE0007,0
51,",,N,",PRCP,2017-09-08T00:00:00,GHCND:US1MOCE0009,0
52,",,N,",SNOW,2017-09-08T00:00:00,GHCND:US1MOCE0009,0
53,",,N,",PRCP,2017-09-08T00:00:00,GHCND:US1MOCE0017,0
54,",,N,",SNOW,2017-09-08T00:00:00,GHCND:US1MOCE0017,0
55,",,N,",SNWD,2017-09-08T00:00:00,GHCND:US1MOCE0017,0
56,",,N,",WESD,2017-09-08T00:00:00,GHCND:US1MOCE0017,0
57,",,N,",WESF,2017-09-08T00:00:00,GHCND:US1MOCE0017,0
58,",,N,",PRCP,2017-09-08T00:00:00,GHCND:US1MOCW0009,0
59,",,N,",SNOW,2017-09-08T00:00:00,GHCND:US1MOCW0009,0
60,",,N,",PRCP,2017-09-08T00:00:00,GHCND:US1MOCW0012,0
61,",,N,",PRCP,2017-09-08T00:00:00,GHCND:US1MOFSA051,0
62,",,N,",SNOW,2017-09-08T00:00:00,GHCND:US1MOFSA051,0
63,",,7,0700",PRCP,2017-09-08T00:00:00,GHCND:USC00234271,0
64,",,7,",SNOW,2017-09-08T00:00:00,GHCND:USC00234271,0
65,",,7,",SNWD,2017-09-08T00:00:00,GHCND:USC00234271,0
66,",,7,0700",TMAX,2017-09-08T00:00:00,GHCND:USC00234271,250
67,",,7,0700",TMIN,2017-09-08T00:00:00,GHCND:USC00234271,106
68,",,7,0700",TOBS,2017-09-08T00:00:00,GHCND:USC00234271,128
69,",,W,",AWND,2017-09-08T00:00:00,GHCND:USW00003963,13
70,",,W,",PRCP,2017-09-08T00:00:00,GHCND:USW00003963,0
71,",,W,",SNOW,2017-09-08T00:00:00,GHCND:USW00003963,0
72,",,W,",SNWD,2017-09-08T00:00:00,GHCND:USW00003963,0
73,",,W,",TMAX,2017-09-08T00:00:00,GHCND:USW00003963,283
74,",,W,",TMIN,2017-09-08T00:00:00,GHCND:USW00003963,94
75,",,W,",WDF2,2017-09-08T00:00:00,GHCND:USW00003963,210
76,",,W,",WDF5,2017-09-08T00:00:00,GHCND:USW00003963,220
77,",,W,",WSF2,2017-09-08T00:00:00,GHCND:USW00003963,45
78,",,W,",WSF5,2017-09-08T00:00:00,GHCND:USW00003963,63
79,",,W,",WT01,2017-09-08T00:00:00,GHCND:USW00003963,1
80,",,W,",WT02,2017-09-08T00:00:00,GHCND:USW00003963,1
81,",,N,",PRCP,2017-09-09T00:00:00,GHCND:US1MOBN0007,0
82,",,N,",SNOW,2017-09-09T00:00:00,GHCND:US1MOBN0007,0
83,",,N,",PRCP,2017-09-09T00:00:00,GHCND:US1MOBN0032,0
84,",,N,",SNOW,2017-09-09T00:00:00,GHCND:US1MOBN0032,0
85,",,N,",PRCP,2017-09-09T00:00:00,GHCND:US1MOCE0007,0
86,",,N,",SNOW,2017-09-09T00:00:00,GHCND:US1MOCE0007,0
87,",,N,",PRCP,2017-09-09T00:00:00,GHCND:US1MOCE0009,0
88,",,N,",SNOW,2017-09-09T00:00:00,GHCND:US1MOCE0009,0
89,",,N,",PRCP,2017-09-09T00:00:00,GHCND:US1MOCE0017,0
90,",,N,",SNOW,2017-09-09T00:00:00,GHCND:US1MOCE0017,0
91,",,N,",SNWD,2017-09-09T00:00:00,GHCND:US1MOCE0017,0
92,",,N,",WESD,2017-09-09T00:00:00,GHCND:US1MOCE0017,0
93,",,N,",WESF,2017-09-09T00:00:00,GHCND:US1MOCE0017,0
94,",,N,",PRCP,2017-09-09T00:00:00,GHCND:US1MOCW0009,0
95,",,N,",SNOW,2017-09-09T00:00:00,GHCND:US1MOCW0009,0
96,",,N,",PRCP,2017-09-09T00:00:00,GHCND:US1MOCW0012,0
97,",,N,",PRCP,2017-09-09T00:00:00,GHCND:US1MOFSA051,0
98,",,N,",SNOW,2017-09-09T00:00:00,GHCND:US1MOFSA051,0
99,",,7,0700",PRCP,2017-09-09T00:00:00,GHCND:USC00234271,0
100,",,7,",SNOW,2017-09-09T00:00:00,GHCND:USC00234271,0
101,",,7,",SNWD,2017-09-09T00:00:00,GHCND:USC00234271,0
102,",,7,0700",TMAX,2017-09-09T00:00:00,GHCND:USC00234271,289
103,",,7,0700",TMIN,2017-09-09T00:00:00,GHCND:USC00234271,128
104,",,7,0700",TOBS,2017-09-09T00:00:00,GHCND:USC00234271,167
105,",,W,",AWND,2017-09-09T00:00:00,GHCND:USW00003963,13
106,",,W,",PRCP,2017-09-09T00:00:00,GHCND:USW00003963,0
107,",,W,",SNOW,2017-09-09T00:00:00,GHCND:USW00003963,0
108,",,W,",SNWD,2017-09-09T00:00:00,GHCND:USW00003963,0
109,",,W,",TMAX,2017-09-09T00:00:00,GHCND:USW00003963,289
110,",,W,",TMIN,2017-09-09T00:00:00,GHCND:USW00003963,144
111,",,W,",WDF2,2017-09-09T00:00:00,GHCND:USW00003963,110
112,",,W,",WDF5,2017-09-09T00:00:00,GHCND:USW00003963,100
113,",,W,",WSF2,2017-09-09T00:00:00,GHCND:USW00003963,36
114,",,W,",WSF5,2017-09-09T00:00:00,GHCND:USW00003963,45
115,",,W,",WT01,2017-09-09T00:00:00,GHCND:USW00003963,1
116,",,W,",WT08,2017-09-09T00:00:00,GHCND:USW00003963,1
117,",,N,",PRCP,2017-09-10T00:00:00,GHCND:US1MOBN0007,0
118,",,N,",SNOW,2017-09-10T00:00:00,GHCND:US1MOBN0007,0
119,",,N,",PRCP,2017-09-10T00:00:00,GHCND:US1MOBN0032,0
120,",,N,",SNOW,2017-09-10T00:00:00,GHCND:US1MOBN0032,0
121,",,N,",PRCP,2017-09-10T00:00:00,GHCND:US1MOCE0007,0
122,",,N,",SNOW,2017-09-10T00:00:00,GHCND:US1MOCE0007,0
123,",,N,",PRCP,2017-09-10T00:00:00,GHCND:US1MOCE0009,0
124,",,N,",SNOW,2017-09-10T00:00:00,GHCND:US1MOCE0009,0
125,",,N,",PRCP,2017-09-10T00:00:00,GHCND:US1MOCE0017,0
126,",,N,",SNOW,2017-09-10T00:00:00,GHCND:US1MOCE0017,0
127,",,N,",SNWD,2017-09-10T00:00:00,GHCND:US1MOCE0017,0
128,",,N,",WESD,2017-09-10T00:00:00,GHCND:US1MOCE0017,0
129,",,N,",WESF,2017-09-10T00:00:00,GHCND:US1MOCE0017,0
130,",,N,",PRCP,2017-09-10T00:00:00,GHCND:US1MOCW0009,0
131,",,N,",SNOW,2017-09-10T00:00:00,GHCND:US1MOCW0009,0
132,",,N,",PRCP,2017-09-10T00:00:00,GHCND:US1MOCW0012,0
133,",,N,",PRCP,2017-09-10T00:00:00,GHCND:US1MOFSA051,0
134,",,N,",SNOW,2017-09-10T00:00:00,GHCND:US1MOFSA051,0
135,",,7,0700",PRCP,2017-09-10T00:00:00,GHCND:USC00234271,0
136,",,7,",SNOW,2017-09-10T00:00:00,GHCND:USC00234271,0
137,",,7,",SNWD,2017-09-10T00:00:00,GHCND:USC00234271,0
138,",,7,0700",TMAX,2017-09-10T00:00:00,GHCND:USC00234271,283
139,",,7,0700",TMIN,2017-09-10T00:00:00,GHCND:USC00234271,156
140,",,7,0700",TOBS,2017-09-10T00:00:00,GHCND:USC00234271,156
141,",,W,",AWND,2017-09-10T00:00:00,GHCND:USW00003963,17
142,",,W,",PRCP,2017-09-10T00:00:00,GHCND:USW00003963,0
143,",,W,",SNOW,2017-09-10T00:00:00,GHCND:USW00003963,0
144,",,W,",SNWD,2017-09-10T00:00:00,GHCND:USW00003963,0
145,",,W,",TMAX,2017-09-10T00:00:00,GHCND:USW00003963,272
146,",,W,",TMIN,2017-09-10T00:00:00,GHCND:USW00003963,128
147,",,W,",WDF2,2017-09-10T00:00:00,GHCND:USW00003963,110
148,",,W,",WDF5,2017-09-10T00:00:00,GHCND:USW00003963,100
149,",,W,",WSF2,2017-09-10T00:00:00,GHCND:USW00003963,58
150,",,W,",WSF5,2017-09-10T00:00:00,GHCND:USW00003963,81
151,",,W,",WT01,2017-09-10T00:00:00,GHCND:USW00003963,1
152,",,N,",PRCP,2017-09-11T00:00:00,GHCND:US1MOBN0007,0
153,",,N,",SNOW,2017-09-11T00:00:00,GHCND:US1MOBN0007,0
154,",,N,",PRCP,2017-09-11T00:00:00,GHCND:US1MOBN0032,0
155,",,N,",SNOW,2017-09-11T00:00:00,GHCND:US1MOBN0032,0
156,",,N,",PRCP,2017-09-11T00:00:00,GHCND:US1MOCE0007,0
157,",,N,",PRCP,2017-09-11T00:00:00,GHCND:US1MOCW0009,0
158,",,N,",SNOW,2017-09-11T00:00:00,GHCND:US1MOCW0009,0
159,",,N,",PRCP,2017-09-11T00:00:00,GHCND:US1MOCW0012,0
160,",,N,",PRCP,2017-09-11T00:00:00,GHCND:US1MOFSA051,0
161,",,N,",SNOW,2017-09-11T00:00:00,GHCND:US1MOFSA051,0
162,",,7,0700",PRCP,2017-09-11T00:00:00,GHCND:USC00234271,0
163,",,7,",SNOW,2017-09-11T00:00:00,GHCND:USC00234271,0
164,",,7,",SNWD,2017-09-11T00:00:00,GHCND:USC00234271,0
165,",,7,0700",TMAX,2017-09-11T00:00:00,GHCND:USC00234271,272
166,",,7,0700",TMIN,2017-09-11T00:00:00,GHCND:USC00234271,106
167,",,7,0700",TOBS,2017-09-11T00:00:00,GHCND:USC00234271,111
168,",,W,",AWND,2017-09-11T00:00:00,GHCND:USW00003963,16
169,",,W,",PRCP,2017-09-11T00:00:00,GHCND:USW00003963,0
170,",,W,",SNOW,2017-09-11T00:00:00,GHCND:USW00003963,0
171,",,W,",SNWD,2017-09-11T00:00:00,GHCND:USW00003963,0
172,",,W,",TMAX,2017-09-11T00:00:00,GHCND:USW00003963,267
173,",,W,",TMIN,2017-09-11T00:00:00,GHCND:USW00003963,89
174,",,W,",WDF2,2017-09-11T00:00:00,GHCND:USW00003963,40
175,",,W,",WDF5,2017-09-11T00:00:00,GHCND:USW00003963,70
176,",,W,",WSF2,2017-09-11T00:00:00,GHCND:USW00003963,54
177,",,W,",WSF5,2017-09-11T00:00:00,GHCND:USW00003963,72
178,",,N,",PRCP,2017-09-12T00:00:00,GHCND:US1MOBN0007,0
179,",,N,",SNOW,2017-09-12T00:00:00,GHCND:US1MOBN0007,0
180,",,N,",PRCP,2017-09-12T00:00:00,GHCND:US1MOBN0032,0
181,",,N,",SNOW,2017-09-12T00:00:00,GHCND:US1MOBN0032,0
182,",,N,",PRCP,2017-09-12T00:00:00,GHCND:US1MOCE0007,0
183,",,N,",SNOW,2017-09-12T00:00:00,GHCND:US1MOCE0007,0
184,",,N,",PRCP,2017-09-12T00:00:00,GHCND:US1MOCE0017,0
185,",,N,",SNOW,2017-09-12T00:00:00,GHCND:US1MOCE0017,0
186,",,N,",SNWD,2017-09-12T00:00:00,GHCND:US1MOCE0017,0
187,",,N,",WESD,2017-09-12T00:00:00,GHCND:US1MOCE0017,0
188,",,N,",WESF,2017-09-12T00:00:00,GHCND:US1MOCE0017,0
189,",,N,",PRCP,2017-09-12T00:00:00,GHCND:US1MOCW0009,0
190,",,N,",SNOW,2017-09-12T00:00:00,GHCND:US1MOCW0009,0
191,",,N,",PRCP,2017-09-12T00:00:00,GHCND:US1MOCW0012,0
192,",,N,",PRCP,2017-09-12T00:00:00,GHCND:US1MOCW0017,0
193,",,N,",PRCP,2017-09-12T00:00:00,GHCND:US1MOFSA051,0
194,",,N,",SNOW,2017-09-12T00:00:00,GHCND:US1MOFSA051,0
195,",,7,0700",PRCP,2017-09-12T00:00:00,GHCND:USC00234271,0
196,",,7,",SNOW,2017-09-12T00:00:00,GHCND:USC00234271,0
197,",,7,",SNWD,2017-09-12T00:00:00,GHCND:USC00234271,0
198,",,7,0700",TMAX,2017-09-12T00:00:00,GHCND:USC00234271,261
199,",,7,0700",TMIN,2017-09-12T00:00:00,GHCND:USC00234271,111
200,",,7,0700",TOBS,2017-09-12T00:00:00,GHCND:USC00234271,139
201,",,W,",AWND,2017-09-12T00:00:00,GHCND:USW00003963,27
202,",,W,",PRCP,2017-09-12T00:00:00,GHCND:USW00003963,0
203,",,W,",SNOW,2017-09-12T00:00:00,GHCND:USW00003963,0
204,",,W,",SNWD,2017-09-12T00:00:00,GHCND:USW00003963,0
205,",,W,",TMAX,2017-09-12T00:00:00,GHCND:USW00003963,239
206,",,W,",TMIN,2017-09-12T00:00:00,GHCND:USW00003963,139
207,",,W,",WDF2,2017-09-12T00:00:00,GHCND:USW00003963,20
208,",,W,",WDF5,2017-09-12T00:00:00,GHCND:USW00003963,30
209,",,W,",WSF2,2017-09-12T00:00:00,GHCND:USW00003963,76
210,",,W,",WSF5,2017-09-12T00:00:00,GHCND:USW00003963,107
211,",,N,",PRCP,2017-09-13T00:00:00,GHCND:US1MOBN0007,0
212,",,N,",SNOW,2017-09-13T00:00:00,GHCND:US1MOBN0007,0
213,",,N,",PRCP,2017-09-13T00:00:00,GHCND:US1MOBN0032,0
214,",,N,",SNOW,2017-09-13T00:00:00,GHCND:US1MOBN0032,0
215,",,N,",PRCP,2017-09-13T00:00:00,GHCND:US1MOCE0007,0
216,",,N,",PRCP,2017-09-13T00:00:00,GHCND:US1MOCW0009,0
217,",,N,",SNOW,2017-09-13T00:00:00,GHCND:US1MOCW0009,0
218,",,N,",PRCP,2017-09-13T00:00:00,GHCND:US1MOCW0012,0
219,",,N,",PRCP,2017-09-13T00:00:00,GHCND:US1MOFSA051,0
220,",,N,",SNOW,2017-09-13T00:00:00,GHCND:US1MOFSA051,0
221,",,7,0700",PRCP,2017-09-13T00:00:00,GHCND:USC00234271,0
222,",,7,",SNOW,2017-09-13T00:00:00,GHCND:USC00234271,0
223,",,7,",SNWD,2017-09-13T00:00:00,GHCND:USC00234271,0
224,",,7,0700",TMAX,2017-09-13T00:00:00,GHCND:USC00234271,233
225,",,7,0700",TMIN,2017-09-13T00:00:00,GHCND:USC00234271,139
226,",,7,0700",TOBS,2017-09-13T00:00:00,GHCND:USC00234271,144
227,",,W,",AWND,2017-09-13T00:00:00,GHCND:USW00003963,22
228,",,W,",PRCP,2017-09-13T00:00:00,GHCND:USW00003963,0
229,",,W,",SNOW,2017-09-13T00:00:00,GHCND:USW00003963,0
230,",,W,",SNWD,2017-09-13T00:00:00,GHCND:USW00003963,0
231,",,W,",TMAX,2017-09-13T00:00:00,GHCND:USW00003963,278
232,",,W,",TMIN,2017-09-13T00:00:00,GHCND:USW00003963,133
233,",,W,",WDF2,2017-09-13T00:00:00,GHCND:USW00003963,290
234,",,W,",WDF5,2017-09-13T00:00:00,GHCND:USW00003963,270
235,",,W,",WSF2,2017-09-13T00:00:00,GHCND:USW00003963,58
236,",,W,",WSF5,2017-09-13T00:00:00,GHCND:USW00003963,72
237,",,N,",PRCP,2017-09-14T00:00:00,GHCND:US1MOBN0007,0
238,",,N,",SNOW,2017-09-14T00:00:00,GHCND:US1MOBN0007,0
239,",,N,",PRCP,2017-09-14T00:00:00,GHCND:US1MOBN0032,0
240,",,N,",SNOW,2017-09-14T00:00:00,GHCND:US1MOBN0032,0
241,",,N,",PRCP,2017-09-14T00:00:00,GHCND:US1MOCE0007,0
242,",,N,",SNOW,2017-09-14T00:00:00,GHCND:US1MOCE0007,0
243,",,N,",PRCP,2017-09-14T00:00:00,GHCND:US1MOCE0017,0
244,",,N,",SNOW,2017-09-14T00:00:00,GHCND:US1MOCE0017,0
245,",,N,",SNWD,2017-09-14T00:00:00,GHCND:US1MOCE0017,0
246,",,N,",WESD,2017-09-14T00:00:00,GHCND:US1MOCE0017,0
247,",,N,",WESF,2017-09-14T00:00:00,GHCND:US1MOCE0017,0
248,",,N,",PRCP,2017-09-14T00:00:00,GHCND:US1MOCW0009,0
249,",,N,",SNOW,2017-09-14T00:00:00,GHCND:US1MOCW0009,0
250,",,N,",PRCP,2017-09-14T00:00:00,GHCND:US1MOCW0012,0
251,",,N,",PRCP,2017-09-14T00:00:00,GHCND:US1MOFSA051,0
252,",,N,",SNOW,2017-09-14T00:00:00,GHCND:US1MOFSA051,0
253,",,7,0700",PRCP,2017-09-14T00:00:00,GHCND:USC00234271,0
254,",,7,",SNOW,2017-09-14T00:00:00,GHCND:USC00234271,0
255,",,7,",SNWD,2017-09-14T00:00:00,GHCND:USC00234271,0
256,",,7,0700",TMAX,2017-09-14T00:00:00,GHCND:USC00234271,283
257,",,7,0700",TMIN,2017-09-14T00:00:00,GHCND:USC00234271,133
258,",,7,0700",TOBS,2017-09-14T00:00:00,GHCND:USC00234271,133
259,",,W,",AWND,2017-09-14T00:00:00,GHCND:USW00003963,11
260,",,W,",PRCP,2017-09-14T00:00:00,GHCND:USW00003963,0
261,",,W,",SNOW,2017-09-14T00:00:00,GHCND:USW00003963,0
262,",,W,",SNWD,2017-09-14T00:00:00,GHCND:USW00003963,0
263,",,W,",TMAX,2017-09-14T00:00:00,GHCND:USW00003963,300
264,",,W,",TMIN,2017-09-14T00:00:00,GHCND:USW00003963,111
265,",,W,",WDF2,2017-09-14T00:00:00,GHCND:USW00003963,180
266,",,W,",WDF5,2017-09-14T00:00:00,GHCND:USW00003963,180
267,",,W,",WSF2,2017-09-14T00:00:00,GHCND:USW00003963,45
268,",,W,",WSF5,2017-09-14T00:00:00,GHCND:USW00003963,58
269,",,W,",WT01,2017-09-14T00:00:00,GHCND:USW00003963,1
270,",,N,",PRCP,2017-09-15T00:00:00,GHCND:US1MOBN0007,0
271,",,N,",SNOW,2017-09-15T00:00:00,GHCND:US1MOBN0007,0
272,",,N,",PRCP,2017-09-15T00:00:00,GHCND:US1MOBN0032,0
273,",,N,",SNOW,2017-09-15T00:00:00,GHCND:US1MOBN0032,0
274,",,N,",PRCP,2017-09-15T00:00:00,GHCND:US1MOCE0007,0
275,",,N,",SNOW,2017-09-15T00:00:00,GHCND:US1MOCE0007,0
276,",,N,",PRCP,2017-09-15T00:00:00,GHCND:US1MOCE0017,0
277,",,N,",SNOW,2017-09-15T00:00:00,GHCND:US1MOCE0017,0
278,",,N,",SNWD,2017-09-15T00:00:00,GHCND:US1MOCE0017,0
279,",,N,",WESD,2017-09-15T00:00:00,GHCND:US1MOCE0017,0
280,",,N,",WESF,2017-09-15T00:00:00,GHCND:US1MOCE0017,0
281,",,N,",PRCP,2017-09-15T00:00:00,GHCND:US1MOCW0009,0
282,",,N,",SNOW,2017-09-15T00:00:00,GHCND:US1MOCW0009,0
283,",,N,",PRCP,2017-09-15T00:00:00,GHCND:US1MOCW0012,0
284,",,N,",PRCP,2017-09-15T00:00:00,GHCND:US1MOFSA051,0
285,",,N,",SNOW,2017-09-15T00:00:00,GHCND:US1MOFSA051,0
286,",,7,0700",PRCP,2017-09-15T00:00:00,GHCND:USC00234271,0
287,",,7,",SNOW,2017-09-15T00:00:00,GHCND:USC00234271,0
288,",,7,",SNWD,2017-09-15T00:00:00,GHCND:USC00234271,0
289,",,7,0700",TMAX,2017-09-15T00:00:00,GHCND:USC00234271,300
290,",,7,0700",TMIN,2017-09-15T00:00:00,GHCND:USC00234271,133
291,",,7,0700",TOBS,2017-09-15T00:00:00,GHCND:USC00234271,172
292,",,W,",AWND,2017-09-15T00:00:00,GHCND:USW00003963,28
293,",,W,",PRCP,2017-09-15T00:00:00,GHCND:USW00003963,0
294,",,W,",SNOW,2017-09-15T00:00:00,GHCND:USW00003963,0
295,",,W,",SNWD,2017-09-15T00:00:00,GHCND:USW00003963,0
296,",,W,",TMAX,2017-09-15T00:00:00,GHCND:USW00003963,311
297,",,W,",TMIN,2017-09-15T00:00:00,GHCND:USW00003963,144
298,",,W,",WDF2,2017-09-15T00:00:00,GHCND:USW00003963,180
299,",,W,",WDF5,2017-09-15T00:00:00,GHCND:USW00003963,190
300,",,W,",WSF2,2017-09-15T00:00:00,GHCND:USW00003963,67
301,",,W,",WSF5,2017-09-15T00:00:00,GHCND:USW00003963,81
302,",,N,",PRCP,2017-09-16T00:00:00,GHCND:US1MOBN0007,0
303,",,N,",SNOW,2017-09-16T00:00:00,GHCND:US1MOBN0007,0
304,",,N,",PRCP,2017-09-16T00:00:00,GHCND:US1MOBN0032,0
305,",,N,",SNOW,2017-09-16T00:00:00,GHCND:US1MOBN0032,0
306,",,N,",PRCP,2017-09-16T00:00:00,GHCND:US1MOCE0007,0
307,",,N,",SNOW,2017-09-16T00:00:00,GHCND:US1MOCE0007,0
308,",,N,",PRCP,2017-09-16T00:00:00,GHCND:US1MOCE0017,0
309,",,N,",SNOW,2017-09-16T00:00:00,GHCND:US1MOCE0017,0
310,",,N,",SNWD,2017-09-16T00:00:00,GHCND:US1MOCE0017,0
311,",,N,",WESD,2017-09-16T00:00:00,GHCND:US1MOCE0017,0
312,",,N,",WESF,2017-09-16T00:00:00,GHCND:US1MOCE0017,0
313,",,N,",PRCP,2017-09-16T00:00:00,GHCND:US1MOCW0009,0
314,",,N,",SNOW,2017-09-16T00:00:00,GHCND:US1MOCW0009,0
315,",,N,",PRCP,2017-09-16T00:00:00,GHCND:US1MOCW0012,0
316,",,N,",PRCP,2017-09-16T00:00:00,GHCND:US1MOFSA051,0
317,",,N,",SNOW,2017-09-16T00:00:00,GHCND:US1MOFSA051,0
318,",,7,0700",PRCP,2017-09-16T00:00:00,GHCND:USC00234271,0
319,",,7,",SNOW,2017-09-16T00:00:00,GHCND:USC00234271,0
320,",,7,",SNWD,2017-09-16T00:00:00,GHCND:USC00234271,0
321,",,7,0700",TMAX,2017-09-16T00:00:00,GHCND:USC00234271,317
322,",,7,0700",TMIN,2017-09-16T00:00:00,GHCND:USC00234271,167
323,",,7,0700",TOBS,2017-09-16T00:00:00,GHCND:USC00234271,194
324,",,W,",AWND,2017-09-16T00:00:00,GHCND:USW00003963,27
325,",,W,",PRCP,2017-09-16T00:00:00,GHCND:USW00003963,0
326,",,W,",SNOW,2017-09-16T00:00:00,GHCND:USW00003963,0
327,",,W,",SNWD,2017-09-16T00:00:00,GHCND:USW00003963,0
328,",,W,",TMAX,2017-09-16T00:00:00,GHCND:USW00003963,311
329,",,W,",TMIN,2017-09-16T00:00:00,GHCND:USW00003963,172
330,",,W,",WDF2,2017-09-16T00:00:00,GHCND:USW00003963,180
331,",,W,",WDF5,2017-09-16T00:00:00,GHCND:USW00003963,190
332,",,W,",WSF2,2017-09-16T00:00:00,GHCND:USW00003963,67
333,",,W,",WSF5,2017-09-16T00:00:00,GHCND:USW00003963,89
334,",,W,",WT01,2017-09-16T00:00:00,GHCND:USW00003963,1
335,",,W,",WT08,2017-09-16T00:00:00,GHCND:USW00003963,1
336,",,N,",PRCP,2017-09-17T00:00:00,GHCND:US1MOBN0007,0
337,",,N,",SNOW,2017-09-17T00:00:00,GHCND:US1MOBN0007,0
338,",,N,",PRCP,2017-09-17T00:00:00,GHCND:US1MOBN0032,0
339,",,N,",SNOW,2017-09-17T00:00:00,GHCND:US1MOBN0032,0
340,",,N,",PRCP,2017-09-17T00:00:00,GHCND:US1MOCE0007,0
341,",,N,",SNOW,2017-09-17T00:00:00,GHCND:US1MOCE0007,0
342,",,N,",PRCP,2017-09-17T00:00:00,GHCND:US1MOCE0017,0
343,",,N,",SNOW,2017-09-17T00:00:00,GHCND:US1MOCE0017,0
344,",,N,",SNWD,2017-09-17T00:00:00,GHCND:US1MOCE0017,0
345,",,N,",WESD,2017-09-17T00:00:00,GHCND:US1MOCE0017,0
346,",,N,",WESF,2017-09-17T00:00:00,GHCND:US1MOCE0017,0
347,",,N,",PRCP,2017-09-17T00:00:00,GHCND:US1MOCW0009,0
348,",,N,",SNOW,2017-09-17T00:00:00,GHCND:US1MOCW0009,0
349,",,N,",PRCP,2017-09-17T00:00:00,GHCND:US1MOCW0012,0
350,",,N,",PRCP,2017-09-17T00:00:00,GHCND:US1MOFSA051,0
351,",,N,",SNOW,2017-09-17T00:00:00,GHCND:US1MOFSA051,0
352,",,7,0700",PRCP,2017-09-17T00:00:00,GHCND:USC00234271,0
353,",,7,",SNOW,2017-09-17T00:00:00,GHCND:USC00234271,0
354,",,7,",SNWD,2017-09-17T00:00:00,GHCND:USC00234271,0
355,",,7,0700",TMAX,2017-09-17T00:00:00,GHCND:USC00234271,317
356,",,7,0700",TMIN,2017-09-17T00:00:00,GHCND:USC00234271,172
357,",,7,0700",TOBS,2017-09-17T00:00:00,GHCND:USC00234271,206
358,",,W,",AWND,2017-09-17T00:00:00,GHCND:USW00003963,17
359,",,W,",PRCP,2017-09-17T00:00:00,GHCND:USW00003963,135
360,",,W,",SNOW,2017-09-17T00:00:00,GHCND:USW00003963,0
361,",,W,",SNWD,2017-09-17T00:00:00,GHCND:USW00003963,0
362,",,W,",TMAX,2017-09-17T00:00:00,GHCND:USW00003963,250
363,",,W,",TMIN,2017-09-17T00:00:00,GHCND:USW00003963,183
364,",,W,",WDF2,2017-09-17T00:00:00,GHCND:USW00003963,300
365,",,W,",WDF5,2017-09-17T00:00:00,GHCND:USW00003963,300
366,",,W,",WSF2,2017-09-17T00:00:00,GHCND:USW00003963,58
367,",,W,",WSF5,2017-09-17T00:00:00,GHCND:USW00003963,67
368,",,W,",WT01,2017-09-17T00:00:00,GHCND:USW00003963,1
369,",,N,",PRCP,2017-09-18T00:00:00,GHCND:US1MOBN0007,122
370,",,N,",PRCP,2017-09-18T00:00:00,GHCND:US1MOBN0032,89
371,",,N,",PRCP,2017-09-18T00:00:00,GHCND:US1MOCE0007,160
372,",,N,",PRCP,2017-09-18T00:00:00,GHCND:US1MOCE0017,147
373,",,N,",SNOW,2017-09-18T00:00:00,GHCND:US1MOCE0017,0
374,",,N,",SNWD,2017-09-18T00:00:00,GHCND:US1MOCE0017,0
375,",,N,",WESD,2017-09-18T00:00:00,GHCND:US1MOCE0017,0
376,",,N,",WESF,2017-09-18T00:00:00,GHCND:US1MOCE0017,0
377,",,N,",PRCP,2017-09-18T00:00:00,GHCND:US1MOCW0012,168
378,",,N,",PRCP,2017-09-18T00:00:00,GHCND:US1MOCW0017,97
379,",,N,",PRCP,2017-09-18T00:00:00,GHCND:US1MOFSA051,140
380,",,7,0700",PRCP,2017-09-18T00:00:00,GHCND:USC00234271,132
381,",,7,",SNOW,2017-09-18T00:00:00,GHCND:USC00234271,0
382,",,7,",SNWD,2017-09-18T00:00:00,GHCND:USC00234271,0
383,",,7,0700",TMAX,2017-09-18T00:00:00,GHCND:USC00234271,244
384,",,7,0700",TMIN,2017-09-18T00:00:00,GHCND:USC00234271,178
385,",,7,0700",TOBS,2017-09-18T00:00:00,GHCND:USC00234271,178
386,",,W,",AWND,2017-09-18T00:00:00,GHCND:USW00003963,11
387,",,W,",PRCP,2017-09-18T00:00:00,GHCND:USW00003963,432
388,",,W,",SNOW,2017-09-18T00:00:00,GHCND:USW00003963,0
389,",,W,",SNWD,2017-09-18T00:00:00,GHCND:USW00003963,0
390,",,W,",TMAX,2017-09-18T00:00:00,GHCND:USW00003963,278
391,",,W,",TMIN,2017-09-18T00:00:00,GHCND:USW00003963,167
392,",,W,",WDF2,2017-09-18T00:00:00,GHCND:USW00003963,260
393,",,W,",WDF5,2017-09-18T00:00:00,GHCND:USW00003963,250
394,",,W,",WSF2,2017-09-18T00:00:00,GHCND:USW00003963,67
395,",,W,",WSF5,2017-09-18T00:00:00,GHCND:USW00003963,94
396,",,W,",WT01,2017-09-18T00:00:00,GHCND:USW00003963,1
397,",,W,",WT02,2017-09-18T00:00:00,GHCND:USW00003963,1
398,",,W,",WT03,2017-09-18T00:00:00,GHCND:USW00003963,1
399,",,N,",PRCP,2017-09-19T00:00:00,GHCND:US1MOBN0007,373
400,",,N,",PRCP,2017-09-19T00:00:00,GHCND:US1MOBN0032,488
401,",,N,",PRCP,2017-09-19T00:00:00,GHCND:US1MOCE0007,320
402,",,N,",PRCP,2017-09-19T00:00:00,GHCND:US1MOCE0017,142
403,",,N,",SNOW,2017-09-19T00:00:00,GHCND:US1MOCE0017,0
404,",,N,",SNWD,2017-09-19T00:00:00,GHCND:US1MOCE0017,0
405,",,N,",WESD,2017-09-19T00:00:00,GHCND:US1MOCE0017,0
406,",,N,",WESF,2017-09-19T00:00:00,GHCND:US1MOCE0017,0
407,",,N,",PRCP,2017-09-19T00:00:00,GHCND:US1MOCW0012,399
408,",,N,",PRCP,2017-09-19T00:00:00,GHCND:US1MOCW0017,432
409,",,N,",PRCP,2017-09-19T00:00:00,GHCND:US1MOFSA051,572
410,",,7,0700",PRCP,2017-09-19T00:00:00,GHCND:USC00234271,513
411,",,7,",SNOW,2017-09-19T00:00:00,GHCND:USC00234271,0
412,",,7,",SNWD,2017-09-19T00:00:00,GHCND:USC00234271,0
413,",,7,0700",TMAX,2017-09-19T00:00:00,GHCND:USC00234271,278
414,",,7,0700",TMIN,2017-09-19T00:00:00,GHCND:USC00234271,172
415,",,7,0700",TOBS,2017-09-19T00:00:00,GHCND:USC00234271,178
416,",,7,",WT01,2017-09-19T00:00:00,GHCND:USC00234271,1
417,",,7,",WT03,2017-09-19T00:00:00,GHCND:USC00234271,1
418,",,W,",AWND,2017-09-19T00:00:00,GHCND:USW00003963,21
419,",,W,",PRCP,2017-09-19T00:00:00,GHCND:USW00003963,0
420,",,W,",SNOW,2017-09-19T00:00:00,GHCND:USW00003963,0
421,",,W,",SNWD,2017-09-19T00:00:00,GHCND:USW00003963,0
422,",,W,",TMAX,2017-09-19T00:00:00,GHCND:USW00003963,306
423,",,W,",TMIN,2017-09-19T00:00:00,GHCND:USW00003963,172
424,",,W,",WDF2,2017-09-19T00:00:00,GHCND:USW00003963,130
425,",,W,",WDF5,2017-09-19T00:00:00,GHCND:USW00003963,130
426,",,W,",WSF2,2017-09-19T00:00:00,GHCND:USW00003963,54
427,",,W,",WSF5,2017-09-19T00:00:00,GHCND:USW00003963,63
428,",,W,",WT01,2017-09-19T00:00:00,GHCND:USW00003963,1
429,",,W,",WT02,2017-09-19T00:00:00,GHCND:USW00003963,1
430,",,W,",WT08,2017-09-19T00:00:00,GHCND:USW00003963,1
431,"T,,N,",PRCP,2017-09-20T00:00:00,GHCND:US1MOBN0007,0
432,",,N,",PRCP,2017-09-20T00:00:00,GHCND:US1MOBN0032,0
433,",,N,",SNOW,2017-09-20T00:00:00,GHCND:US1MOBN0032,0
434,",,N,",PRCP,2017-09-20T00:00:00,GHCND:US1MOCE0007,0
435,",,N,",SNOW,2017-09-20T00:00:00,GHCND:US1MOCE0007,0
436,",,N,",PRCP,2017-09-20T00:00:00,GHCND:US1MOCE0017,0
437,",,N,",SNOW,2017-09-20T00:00:00,GHCND:US1MOCE0017,0
438,",,N,",SNWD,2017-09-20T00:00:00,GHCND:US1MOCE0017,0
439,",,N,",WESD,2017-09-20T00:00:00,GHCND:US1MOCE0017,0
440,",,N,",WESF,2017-09-20T00:00:00,GHCND:US1MOCE0017,0
441,",,N,",PRCP,2017-09-20T00:00:00,GHCND:US1MOCW0009,0
442,",,N,",SNOW,2017-09-20T00:00:00,GHCND:US1MOCW0009,0
443,",,N,",PRCP,2017-09-20T00:00:00,GHCND:US1MOCW0012,0
444,",,N,",PRCP,2017-09-20T00:00:00,GHCND:US1MOFSA051,0
445,",,N,",SNOW,2017-09-20T00:00:00,GHCND:US1MOFSA051,0
446,",,7,0700",PRCP,2017-09-20T00:00:00,GHCND:USC00234271,8
447,",,7,",SNOW,2017-09-20T00:00:00,GHCND:USC00234271,0
448,",,7,",SNWD,2017-09-20T00:00:00,GHCND:USC00234271,0
449,",,7,0700",TMAX,2017-09-20T00:00:00,GHCND:USC00234271,306
450,",,7,0700",TMIN,2017-09-20T00:00:00,GHCND:USC00234271,172
451,",,7,0700",TOBS,2017-09-20T00:00:00,GHCND:USC00234271,211
452,",,7,",WT01,2017-09-20T00:00:00,GHCND:USC00234271,1
453,",,W,",AWND,2017-09-20T00:00:00,GHCND:USW00003963,34
454,",,W,",PRCP,2017-09-20T00:00:00,GHCND:USW00003963,0
455,",,W,",SNOW,2017-09-20T00:00:00,GHCND:USW00003963,0
456,",,W,",SNWD,2017-09-20T00:00:00,GHCND:USW00003963,0
457,",,W,",TMIN,2017-09-20T00:00:00,GHCND:USW00003963,206
458,",,W,",WDF2,2017-09-20T00:00:00,GHCND:USW00003963,160
459,",,W,",WDF5,2017-09-20T00:00:00,GHCND:USW00003963,190
460,",,W,",WSF2,2017-09-20T00:00:00,GHCND:USW00003963,67
461,",,W,",WSF5,2017-09-20T00:00:00,GHCND:USW00003963,81
462,",,W,",WT08,2017-09-20T00:00:00,GHCND:USW00003963,1
463,",,N,",PRCP,2017-09-21T00:00:00,GHCND:US1MOBN0007,0
464,",,N,",SNOW,2017-09-21T00:00:00,GHCND:US1MOBN0007,0
465,",,N,",PRCP,2017-09-21T00:00:00,GHCND:US1MOBN0032,0
466,",,N,",SNOW,2017-09-21T00:00:00,GHCND:US1MOBN0032,0
467,",,N,",PRCP,2017-09-21T00:00:00,GHCND:US1MOCE0007,0
468,",,N,",SNOW,2017-09-21T00:00:00,GHCND:US1MOCE0007,0
469,",,N,",PRCP,2017-09-21T00:00:00,GHCND:US1MOCE0017,0
470,",,N,",SNOW,2017-09-21T00:00:00,GHCND:US1MOCE0017,0
471,",,N,",SNWD,2017-09-21T00:00:00,GHCND:US1MOCE0017,0
472,",,N,",WESD,2017-09-21T00:00:00,GHCND:US1MOCE0017,0
473,",,N,",WESF,2017-09-21T00:00:00,GHCND:US1MOCE0017,0
474,",,N,",PRCP,2017-09-21T00:00:00,GHCND:US1MOCW0009,0
475,",,N,",SNOW,2017-09-21T00:00:00,GHCND:US1MOCW0009,0
476,",,N,",PRCP,2017-09-21T00:00:00,GHCND:US1MOCW0012,0
477,",,N,",PRCP,2017-09-21T00:00:00,GHCND:US1MOFSA051,0
478,",,N,",SNOW,2017-09-21T00:00:00,GHCND:US1MOFSA051,0
479,",,7,0700",PRCP,2017-09-21T00:00:00,GHCND:USC00234271,0
480,",,7,",SNOW,2017-09-21T00:00:00,GHCND:USC00234271,0
481,",,7,",SNWD,2017-09-21T00:00:00,GHCND:USC00234271,0
482,",,7,0700",TMAX,2017-09-21T00:00:00,GHCND:USC00234271,333
483,",,7,0700",TMIN,2017-09-21T00:00:00,GHCND:USC00234271,211
484,",,7,0700",TOBS,2017-09-21T00:00:00,GHCND:USC00234271,228
485,",,W,",AWND,2017-09-21T00:00:00,GHCND:USW00003963,28
486,",,W,",PRCP,2017-09-21T00:00:00,GHCND:USW00003963,0
487,",,W,",SNOW,2017-09-21T00:00:00,GHCND:USW00003963,0
488,",,W,",SNWD,2017-09-21T00:00:00,GHCND:USW00003963,0
489,",,W,",TMAX,2017-09-21T00:00:00,GHCND:USW00003963,333
490,",,W,",TMIN,2017-09-21T00:00:00,GHCND:USW00003963,217
491,",,W,",WDF2,2017-09-21T00:00:00,GHCND:USW00003963,190
492,",,W,",WDF5,2017-09-21T00:00:00,GHCND:USW00003963,200
493,",,W,",WSF2,2017-09-21T00:00:00,GHCND:USW00003963,63
494,",,W,",WSF5,2017-09-21T00:00:00,GHCND:USW00003963,72
495,",,W,",WT08,2017-09-21T00:00:00,GHCND:USW00003963,1
496,",,N,",PRCP,2017-09-22T00:00:00,GHCND:US1MOBN0007,0
497,",,N,",SNOW,2017-09-22T00:00:00,GHCND:US1MOBN0007,0
498,",,N,",PRCP,2017-09-22T00:00:00,GHCND:US1MOBN0032,0
499,",,N,",SNOW,2017-09-22T00:00:00,GHCND:US1MOBN0032,0
500,",,N,",PRCP,2017-09-22T00:00:00,GHCND:US1MOCE0007,0
501,",,N,",PRCP,2017-09-22T00:00:00,GHCND:US1MOCE0017,0
502,",,N,",SNOW,2017-09-22T00:00:00,GHCND:US1MOCE0017,0
503,",,N,",SNWD,2017-09-22T00:00:00,GHCND:US1MOCE0017,0
504,",,N,",WESD,2017-09-22T00:00:00,GHCND:US1MOCE0017,0
505,",,N,",WESF,2017-09-22T00:00:00,GHCND:US1MOCE0017,0
506,",,N,",PRCP,2017-09-22T00:00:00,GHCND:US1MOCW0009,0
507,",,N,",SNOW,2017-09-22T00:00:00,GHCND:US1MOCW0009,0
508,",,N,",PRCP,2017-09-22T00:00:00,GHCND:US1MOCW0012,0
509,",,N,",PRCP,2017-09-22T00:00:00,GHCND:US1MOFSA051,0
510,",,N,",SNOW,2017-09-22T00:00:00,GHCND:US1MOFSA051,0
511,",,7,0700",PRCP,2017-09-22T00:00:00,GHCND:USC00234271,0
512,",,7,",SNOW,2017-09-22T00:00:00,GHCND:USC00234271,0
513,",,7,",SNWD,2017-09-22T00:00:00,GHCND:USC00234271,0
514,",,7,0700",TMAX,2017-09-22T00:00:00,GHCND:USC00234271,328
515,",,7,0700",TMIN,2017-09-22T00:00:00,GHCND:USC00234271,217
516,",,7,0700",TOBS,2017-09-22T00:00:00,GHCND:USC00234271,222
517,",,W,",AWND,2017-09-22T00:00:00,GHCND:USW00003963,21
518,",,W,",PRCP,2017-09-22T00:00:00,GHCND:USW00003963,0
519,",,W,",SNOW,2017-09-22T00:00:00,GHCND:USW00003963,0
520,",,W,",SNWD,2017-09-22T00:00:00,GHCND:USW00003963,0
521,",,W,",TMAX,2017-09-22T00:00:00,GHCND:USW00003963,328
522,",,W,",TMIN,2017-09-22T00:00:00,GHCND:USW00003963,206
523,",,W,",WDF2,2017-09-22T00:00:00,GHCND:USW00003963,220
524,",,W,",WDF5,2017-09-22T00:00:00,GHCND:USW00003963,220
525,",,W,",WSF2,2017-09-22T00:00:00,GHCND:USW00003963,58
526,",,W,",WSF5,2017-09-22T00:00:00,GHCND:USW00003963,76
527,",,W,",WT01,2017-09-22T00:00:00,GHCND:USW00003963,1
528,",,W,",WT08,2017-09-22T00:00:00,GHCND:USW00003963,1
529,",,N,",PRCP,2017-09-23T00:00:00,GHCND:US1MOBN0007,0
530,",,N,",SNOW,2017-09-23T00:00:00,GHCND:US1MOBN0007,0
531,",,N,",PRCP,2017-09-23T00:00:00,GHCND:US1MOBN0032,0
532,",,N,",SNOW,2017-09-23T00:00:00,GHCND:US1MOBN0032,0
533,",,N,",PRCP,2017-09-23T00:00:00,GHCND:US1MOCE0007,0
534,",,N,",SNOW,2017-09-23T00:00:00,GHCND:US1MOCE0007,0
535,",,N,",PRCP,2017-09-23T00:00:00,GHCND:US1MOCE0017,0
536,",,N,",SNOW,2017-09-23T00:00:00,GHCND:US1MOCE0017,0
537,",,N,",SNWD,2017-09-23T00:00:00,GHCND:US1MOCE0017,0
538,",,N,",WESD,2017-09-23T00:00:00,GHCND:US1MOCE0017,0
539,",,N,",WESF,2017-09-23T00:00:00,GHCND:US1MOCE0017,0
540,",,N,",PRCP,2017-09-23T00:00:00,GHCND:US1MOCW0009,0
541,",,N,",SNOW,2017-09-23T00:00:00,GHCND:US1MOCW0009,0
542,",,N,",PRCP,2017-09-23T00:00:00,GHCND:US1MOCW0012,0
543,",,N,",PRCP,2017-09-23T00:00:00,GHCND:US1MOFSA051,0
544,",,N,",SNOW,2017-09-23T00:00:00,GHCND:US1MOFSA051,0
545,",,7,0700",PRCP,2017-09-23T00:00:00,GHCND:USC00234271,0
546,",,7,",SNOW,2017-09-23T00:00:00,GHCND:USC00234271,0
547,",,7,",SNWD,2017-09-23T00:00:00,GHCND:USC00234271,0
548,",,7,0700",TMAX,2017-09-23T00:00:00,GHCND:USC00234271,328
549,",,7,0700",TMIN,2017-09-23T00:00:00,GHCND:USC00234271,206
550,",,7,0700",TOBS,2017-09-23T00:00:00,GHCND:USC00234271,206
551,",,W,",AWND,2017-09-23T00:00:00,GHCND:USW00003963,15
552,",,W,",PRCP,2017-09-23T00:00:00,GHCND:USW00003963,0
553,",,W,",SNOW,2017-09-23T00:00:00,GHCND:USW00003963,0
554,",,W,",SNWD,2017-09-23T00:00:00,GHCND:USW00003963,0
555,",,W,",TMAX,2017-09-23T00:00:00,GHCND:USW00003963,333
556,",,W,",TMIN,2017-09-23T00:00:00,GHCND:USW00003963,189
557,",,W,",WDF2,2017-09-23T00:00:00,GHCND:USW00003963,120
558,",,W,",WDF5,2017-09-23T00:00:00,GHCND:USW00003963,80
559,",,W,",WSF2,2017-09-23T00:00:00,GHCND:USW00003963,36
560,",,W,",WSF5,2017-09-23T00:00:00,GHCND:USW00003963,45
561,",,W,",WT01,2017-09-23T00:00:00,GHCND:USW00003963,1
562,",,N,",PRCP,2017-09-24T00:00:00,GHCND:US1MOBN0007,0
563,",,N,",SNOW,2017-09-24T00:00:00,GHCND:US1MOBN0007,0
564,",,N,",PRCP,2017-09-24T00:00:00,GHCND:US1MOBN0032,0
565,",,N,",SNOW,2017-09-24T00:00:00,GHCND:US1MOBN0032,0
566,",,N,",PRCP,2017-09-24T00:00:00,GHCND:US1MOCE0007,0
567,",,N,",SNOW,2017-09-24T00:00:00,GHCND:US1MOCE0007,0
568,",,N,",PRCP,2017-09-24T00:00:00,GHCND:US1MOCE0017,0
569,",,N,",SNOW,2017-09-24T00:00:00,GHCND:US1MOCE0017,0
570,",,N,",SNWD,2017-09-24T00:00:00,GHCND:US1MOCE0017,0
571,",,N,",WESD,2017-09-24T00:00:00,GHCND:US1MOCE0017,0
572,",,N,",WESF,2017-09-24T00:00:00,GHCND:US1MOCE0017,0
573,",,N,",PRCP,2017-09-24T00:00:00,GHCND:US1MOCW0009,0
574,",,N,",SNOW,2017-09-24T00:00:00,GHCND:US1MOCW0009,0
575,",,N,",PRCP,2017-09-24T00:00:00,GHCND:US1MOCW0012,0
576,",,N,",PRCP,2017-09-24T00:00:00,GHCND:US1MOFSA051,0
577,",,N,",SNOW,2017-09-24T00:00:00,GHCND:US1MOFSA051,0
578,",,7,0700",PRCP,2017-09-24T00:00:00,GHCND:USC00234271,0
579,",,7,",SNOW,2017-09-24T00:00:00,GHCND:USC00234271,0
580,",,7,",SNWD,2017-09-24T00:00:00,GHCND:USC00234271,0
581,",,7,0700",TMAX,2017-09-24T00:00:00,GHCND:USC00234271,322
582,",,7,0700",TMIN,2017-09-24T00:00:00,GHCND:USC00234271,206
583,",,7,0700",TOBS,2017-09-24T00:00:00,GHCND:USC00234271,206
584,",,W,",AWND,2017-09-24T00:00:00,GHCND:USW00003963,17
585,",,W,",PRCP,2017-09-24T00:00:00,GHCND:USW00003963,0
586,",,W,",SNOW,2017-09-24T00:00:00,GHCND:USW00003963,0
587,",,W,",SNWD,2017-09-24T00:00:00,GHCND:USW00003963,0
588,",,W,",TMAX,2017-09-24T00:00:00,GHCND:USW00003963,333
589,",,W,",TMIN,2017-09-24T00:00:00,GHCND:USW00003963,189
590,",,W,",WDF2,2017-09-24T00:00:00,GHCND:USW00003963,190
591,",,W,",WDF5,2017-09-24T00:00:00,GHCND:USW00003963,190
592,",,W,",WSF2,2017-09-24T00:00:00,GHCND:USW00003963,45
593,",,W,",WSF5,2017-09-24T00:00:00,GHCND:USW00003963,58
594,",,N,",PRCP,2017-09-25T00:00:00,GHCND:US1MOBN0007,0
595,",,N,",SNOW,2017-09-25T00:00:00,GHCND:US1MOBN0007,0
596,",,N,",PRCP,2017-09-25T00:00:00,GHCND:US1MOBN0032,0
597,",,N,",SNOW,2017-09-25T00:00:00,GHCND:US1MOBN0032,0
598,",,N,",PRCP,2017-09-25T00:00:00,GHCND:US1MOCE0007,0
599,",,N,",SNOW,2017-09-25T00:00:00,GHCND:US1MOCE0007,0
600,",,N,",PRCP,2017-09-25T00:00:00,GHCND:US1MOCE0017,0
601,",,N,",SNOW,2017-09-25T00:00:00,GHCND:US1MOCE0017,0
602,",,N,",SNWD,2017-09-25T00:00:00,GHCND:US1MOCE0017,0
603,",,N,",WESD,2017-09-25T00:00:00,GHCND:US1MOCE0017,0
604,",,N,",WESF,2017-09-25T00:00:00,GHCND:US1MOCE0017,0
605,",,N,",PRCP,2017-09-25T00:00:00,GHCND:US1MOCW0009,0
606,",,N,",SNOW,2017-09-25T00:00:00,GHCND:US1MOCW0009,0
607,",,N,",PRCP,2017-09-25T00:00:00,GHCND:US1MOCW0012,0
608,",,N,",PRCP,2017-09-25T00:00:00,GHCND:US1MOFSA051,0
609,",,N,",SNOW,2017-09-25T00:00:00,GHCND:US1MOFSA051,0
610,",,7,0700",PRCP,2017-09-25T00:00:00,GHCND:USC00234271,0
611,",,7,",SNOW,2017-09-25T00:00:00,GHCND:USC00234271,0
612,",,7,",SNWD,2017-09-25T00:00:00,GHCND:USC00234271,0
613,",,7,0700",TMAX,2017-09-25T00:00:00,GHCND:USC00234271,317
614,",,7,0700",TMIN,2017-09-25T00:00:00,GHCND:USC00234271,200
615,",,7,0700",TOBS,2017-09-25T00:00:00,GHCND:USC00234271,200
616,",,W,",AWND,2017-09-25T00:00:00,GHCND:USW00003963,17
617,"T,,W,",PRCP,2017-09-25T00:00:00,GHCND:USW00003963,0
618,",,W,",SNOW,2017-09-25T00:00:00,GHCND:USW00003963,0
619,",,W,",SNWD,2017-09-25T00:00:00,GHCND:USW00003963,0
620,",,W,",TMAX,2017-09-25T00:00:00,GHCND:USW00003963,311
621,",,W,",TMIN,2017-09-25T00:00:00,GHCND:USW00003963,183
622,",,W,",WDF2,2017-09-25T00:00:00,GHCND:USW00003963,200
623,",,W,",WDF5,2017-09-25T00:00:00,GHCND:USW00003963,210
624,",,W,",WSF2,2017-09-25T00:00:00,GHCND:USW00003963,67
625,",,W,",WSF5,2017-09-25T00:00:00,GHCND:USW00003963,81
626,",,N,",PRCP,2017-09-26T00:00:00,GHCND:US1MOBN0007,0
627,",,N,",SNOW,2017-09-26T00:00:00,GHCND:US1MOBN0007,0
628,",,N,",PRCP,2017-09-26T00:00:00,GHCND:US1MOBN0032,0
629,",,N,",SNOW,2017-09-26T00:00:00,GHCND:US1MOBN0032,0
630,",,N,",PRCP,2017-09-26T00:00:00,GHCND:US1MOCE0007,0
631,",,N,",SNOW,2017-09-26T00:00:00,GHCND:US1MOCE0007,0
632,",,N,",PRCP,2017-09-26T00:00:00,GHCND:US1MOCE0017,0
633,",,N,",SNOW,2017-09-26T00:00:00,GHCND:US1MOCE0017,0
634,",,N,",SNWD,2017-09-26T00:00:00,GHCND:US1MOCE0017,0
635,",,N,",WESD,2017-09-26T00:00:00,GHCND:US1MOCE0017,0
636,",,N,",WESF,2017-09-26T00:00:00,GHCND:US1MOCE0017,0
637,"T,,N,",PRCP,2017-09-26T00:00:00,GHCND:US1MOCW0009,0
638,",,N,",PRCP,2017-09-26T00:00:00,GHCND:US1MOCW0012,0
639,"T,,N,",PRCP,2017-09-26T00:00:00,GHCND:US1MOFSA051,0
640,",,N,",SNOW,2017-09-26T00:00:00,GHCND:US1MOFSA051,0
641,",,7,0700",PRCP,2017-09-26T00:00:00,GHCND:USC00234271,28
642,",,7,",SNOW,2017-09-26T00:00:00,GHCND:USC00234271,0
643,",,7,",SNWD,2017-09-26T00:00:00,GHCND:USC00234271,0
644,",,7,0700",TMAX,2017-09-26T00:00:00,GHCND:USC00234271,317
645,",,7,0700",TMIN,2017-09-26T00:00:00,GHCND:USC00234271,194
646,",,7,0700",TOBS,2017-09-26T00:00:00,GHCND:USC00234271,200
647,",,W,",AWND,2017-09-26T00:00:00,GHCND:USW00003963,23
648,",,W,",PRCP,2017-09-26T00:00:00,GHCND:USW00003963,0
649,",,W,",SNOW,2017-09-26T00:00:00,GHCND:USW00003963,0
650,",,W,",SNWD,2017-09-26T00:00:00,GHCND:USW00003963,0
651,",,W,",TMAX,2017-09-26T00:00:00,GHCND:USW00003963,300
652,",,W,",TMIN,2017-09-26T00:00:00,GHCND:USW00003963,183
653,",,W,",WDF2,2017-09-26T00:00:00,GHCND:USW00003963,310
654,",,W,",WDF5,2017-09-26T00:00:00,GHCND:USW00003963,310
655,",,W,",WSF2,2017-09-26T00:00:00,GHCND:USW00003963,67
656,",,W,",WSF5,2017-09-26T00:00:00,GHCND:USW00003963,85
657,",,N,",PRCP,2017-09-27T00:00:00,GHCND:US1MOBN0007,0
658,",,N,",SNOW,2017-09-27T00:00:00,GHCND:US1MOBN0007,0
659,",,N,",PRCP,2017-09-27T00:00:00,GHCND:US1MOBN0032,0
660,",,N,",SNOW,2017-09-27T00:00:00,GHCND:US1MOBN0032,0
661,",,N,",PRCP,2017-09-27T00:00:00,GHCND:US1MOCE0007,0
662,",,N,",SNOW,2017-09-27T00:00:00,GHCND:US1MOCE0007,0
663,",,N,",PRCP,2017-09-27T00:00:00,GHCND:US1MOCE0017,0
664,",,N,",SNOW,2017-09-27T00:00:00,GHCND:US1MOCE0017,0
665,",,N,",SNWD,2017-09-27T00:00:00,GHCND:US1MOCE0017,0
666,",,N,",WESD,2017-09-27T00:00:00,GHCND:US1MOCE0017,0
667,",,N,",WESF,2017-09-27T00:00:00,GHCND:US1MOCE0017,0
668,",,N,",PRCP,2017-09-27T00:00:00,GHCND:US1MOCW0009,0
669,",,N,",SNOW,2017-09-27T00:00:00,GHCND:US1MOCW0009,0
670,",,N,",PRCP,2017-09-27T00:00:00,GHCND:US1MOCW0012,0
671,",,N,",PRCP,2017-09-27T00:00:00,GHCND:US1MOFSA051,0
672,",,N,",SNOW,2017-09-27T00:00:00,GHCND:US1MOFSA051,0
673,",,7,0700",PRCP,2017-09-27T00:00:00,GHCND:USC00234271,0
674,",,7,",SNOW,2017-09-27T00:00:00,GHCND:USC00234271,0
675,",,7,",SNWD,2017-09-27T00:00:00,GHCND:USC00234271,0
676,",,7,0700",TMAX,2017-09-27T00:00:00,GHCND:USC00234271,294
677,",,7,0700",TMIN,2017-09-27T00:00:00,GHCND:USC00234271,167
678,",,7,0700",TOBS,2017-09-27T00:00:00,GHCND:USC00234271,172
679,",,W,",AWND,2017-09-27T00:00:00,GHCND:USW00003963,20
680,",,W,",PRCP,2017-09-27T00:00:00,GHCND:USW00003963,0
681,",,W,",SNOW,2017-09-27T00:00:00,GHCND:USW00003963,0
682,",,W,",SNWD,2017-09-27T00:00:00,GHCND:USW00003963,0
683,",,W,",TMAX,2017-09-27T00:00:00,GHCND:USW00003963,211
684,",,W,",TMIN,2017-09-27T00:00:00,GHCND:USW00003963,133
685,",,W,",WDF2,2017-09-27T00:00:00,GHCND:USW00003963,10
686,",,W,",WDF5,2017-09-27T00:00:00,GHCND:USW00003963,10
687,",,W,",WSF2,2017-09-27T00:00:00,GHCND:USW00003963,58
688,",,W,",WSF5,2017-09-27T00:00:00,GHCND:USW00003963,81
689,",,N,",PRCP,2017-09-28T00:00:00,GHCND:US1MOBN0007,0
690,",,N,",SNOW,2017-09-28T00:00:00,GHCND:US1MOBN0007,0
691,",,N,",PRCP,2017-09-28T00:00:00,GHCND:US1MOBN0032,0
692,",,N,",SNOW,2017-09-28T00:00:00,GHCND:US1MOBN0032,0
693,"T,,N,",PRCP,2017-09-28T00:00:00,GHCND:US1MOCE0007,0
694,",,N,",PRCP,2017-09-28T00:00:00,GHCND:US1MOCE0017,0
695,",,N,",SNOW,2017-09-28T00:00:00,GHCND:US1MOCE0017,0
696,",,N,",SNWD,2017-09-28T00:00:00,GHCND:US1MOCE0017,0
697,",,N,",WESD,2017-09-28T00:00:00,GHCND:US1MOCE0017,0
698,",,N,",WESF,2017-09-28T00:00:00,GHCND:US1MOCE0017,0
699,"T,,N,",PRCP,2017-09-28T00:00:00,GHCND:US1MOCW0009,0
700,",,N,",PRCP,2017-09-28T00:00:00,GHCND:US1MOCW0012,0
701,",,N,",PRCP,2017-09-28T00:00:00,GHCND:US1MOFSA051,0
702,",,N,",SNOW,2017-09-28T00:00:00,GHCND:US1MOFSA051,0
703,",,7,0700",PRCP,2017-09-28T00:00:00,GHCND:USC00234271,0
704,",,7,",SNOW,2017-09-28T00:00:00,GHCND:USC00234271,0
705,",,7,",SNWD,2017-09-28T00:00:00,GHCND:USC00234271,0
706,",,7,0700",TMAX,2017-09-28T00:00:00,GHCND:USC00234271,206
707,",,7,0700",TMIN,2017-09-28T00:00:00,GHCND:USC00234271,122
708,",,7,0700",TOBS,2017-09-28T00:00:00,GHCND:USC00234271,122
709,",,W,",AWND,2017-09-28T00:00:00,GHCND:USW00003963,15
710,",,W,",PRCP,2017-09-28T00:00:00,GHCND:USW00003963,0
711,",,W,",SNOW,2017-09-28T00:00:00,GHCND:USW00003963,0
712,",,W,",SNWD,2017-09-28T00:00:00,GHCND:USW00003963,0
713,",,W,",TMAX,2017-09-28T00:00:00,GHCND:USW00003963,250
714,",,W,",TMIN,2017-09-28T00:00:00,GHCND:USW00003963,111
715,",,W,",WDF2,2017-09-28T00:00:00,GHCND:USW00003963,50
716,",,W,",WDF5,2017-09-28T00:00:00,GHCND:USW00003963,20
717,",,W,",WSF2,2017-09-28T00:00:00,GHCND:USW00003963,58
718,",,W,",WSF5,2017-09-28T00:00:00,GHCND:USW00003963,76
719,",,N,",PRCP,2017-09-29T00:00:00,GHCND:US1MOBN0007,0
720,",,N,",SNOW,2017-09-29T00:00:00,GHCND:US1MOBN0007,0
721,",,N,",PRCP,2017-09-29T00:00:00,GHCND:US1MOBN0032,0
722,",,N,",SNOW,2017-09-29T00:00:00,GHCND:US1MOBN0032,0
723,",,N,",PRCP,2017-09-29T00:00:00,GHCND:US1MOCE0007,0
724,",,N,",SNOW,2017-09-29T00:00:00,GHCND:US1MOCE0007,0
725,",,N,",PRCP,2017-09-29T00:00:00,GHCND:US1MOCE0017,0
726,",,N,",SNOW,2017-09-29T00:00:00,GHCND:US1MOCE0017,0
727,",,N,",SNWD,2017-09-29T00:00:00,GHCND:US1MOCE0017,0
728,",,N,",WESD,2017-09-29T00:00:00,GHCND:US1MOCE0017,0
729,",,N,",WESF,2017-09-29T00:00:00,GHCND:US1MOCE0017,0
730,",,N,",PRCP,2017-09-29T00:00:00,GHCND:US1MOCW0009,0
731,",,N,",SNOW,2017-09-29T00:00:00,GHCND:US1MOCW0009,0
732,",,N,",PRCP,2017-09-29T00:00:00,GHCND:US1MOCW0012,0
733,",,N,",PRCP,2017-09-29T00:00:00,GHCND:US1MOFSA051,0
734,",,N,",SNOW,2017-09-29T00:00:00,GHCND:US1MOFSA051,0
735,",,7,0700",PRCP,2017-09-29T00:00:00,GHCND:USC00234271,0
736,",,7,",SNOW,2017-09-29T00:00:00,GHCND:USC00234271,0
737,",,7,",SNWD,2017-09-29T00:00:00,GHCND:USC00234271,0
738,",,7,0700",TMAX,2017-09-29T00:00:00,GHCND:USC00234271,250
739,",,7,0700",TMIN,2017-09-29T00:00:00,GHCND:USC00234271,111
740,",,7,0700",TOBS,2017-09-29T00:00:00,GHCND:USC00234271,111
741,",,W,",AWND,2017-09-29T00:00:00,GHCND:USW00003963,9
742,",,W,",PRCP,2017-09-29T00:00:00,GHCND:USW00003963,0
743,",,W,",SNOW,2017-09-29T00:00:00,GHCND:USW00003963,0
744,",,W,",SNWD,2017-09-29T00:00:00,GHCND:USW00003963,0
745,",,W,",TMAX,2017-09-29T00:00:00,GHCND:USW00003963,278
746,",,W,",TMIN,2017-09-29T00:00:00,GHCND:USW00003963,94
747,",,W,",WDF2,2017-09-29T00:00:00,GHCND:USW00003963,80
748,",,W,",WDF5,2017-09-29T00:00:00,GHCND:USW00003963,80
749,",,W,",WSF2,2017-09-29T00:00:00,GHCND:USW00003963,63
750,",,W,",WSF5,2017-09-29T00:00:00,GHCND:USW00003963,76
751,",,W,",WT01,2017-09-29T00:00:00,GHCND:USW00003963,1
752,",,W,",WT08,2017-09-29T00:00:00,GHCND:USW00003963,1
753,",,N,",PRCP,2017-09-30T00:00:00,GHCND:US1MOBN0007,0
754,",,N,",SNOW,2017-09-30T00:00:00,GHCND:US1MOBN0007,0
755,",,N,",PRCP,2017-09-30T00:00:00,GHCND:US1MOBN0032,0
756,",,N,",SNOW,2017-09-30T00:00:00,GHCND:US1MOBN0032,0
757,",,N,",PRCP,2017-09-30T00:00:00,GHCND:US1MOCE0007,0
758,",,N,",SNOW,2017-09-30T00:00:00,GHCND:US1MOCE0007,0
759,",,N,",PRCP,2017-09-30T00:00:00,GHCND:US1MOCE0009,0
760,",,N,",SNOW,2017-09-30T00:00:00,GHCND:US1MOCE0009,0
761,",,N,",PRCP,2017-09-30T00:00:00,GHCND:US1MOCE0017,0
762,",,N,",SNOW,2017-09-30T00:00:00,GHCND:US1MOCE0017,0
763,",,N,",SNWD,2017-09-30T00:00:00,GHCND:US1MOCE0017,0
764,",,N,",WESD,2017-09-30T00:00:00,GHCND:US1MOCE0017,0
765,",,N,",WESF,2017-09-30T00:00:00,GHCND:US1MOCE0017,0
766,",,N,",PRCP,2017-09-30T00:00:00,GHCND:US1MOCW0009,0
767,",,N,",SNOW,2017-09-30T00:00:00,GHCND:US1MOCW0009,0
768,",,N,",PRCP,2017-09-30T00:00:00,GHCND:US1MOCW0012,0
769,",,N,",PRCP,2017-09-30T00:00:00,GHCND:US1MOFSA051,0
770,",,N,",SNOW,2017-09-30T00:00:00,GHCND:US1MOFSA051,0
771,",,7,0700",PRCP,2017-09-30T00:00:00,GHCND:USC00234271,0
772,",,7,",SNOW,2017-09-30T00:00:00,GHCND:USC00234271,0
773,",,7,",SNWD,2017-09-30T00:00:00,GHCND:USC00234271,0
774,",,7,0700",TMAX,2017-09-30T00:00:00,GHCND:USC00234271,278
775,",,7,0700",TMIN,2017-09-30T00:00:00,GHCND:USC00234271,111
776,",,7,0700",TOBS,2017-09-30T00:00:00,GHCND:USC00234271,128
777,",,W,",AWND,2017-09-30T00:00:00,GHCND:USW00003963,27
778,",,W,",PRCP,2017-09-30T00:00:00,GHCND:USW00003963,0
779,",,W,",SNOW,2017-09-30T00:00:00,GHCND:USW00003963,0
780,",,W,",SNWD,2017-09-30T00:00:00,GHCND:USW00003963,0
781,",,W,",TMAX,2017-09-30T00:00:00,GHCND:USW00003963,250
782,",,W,",TMIN,2017-09-30T00:00:00,GHCND:USW00003963,111
783,",,W,",WDF2,2017-09-30T00:00:00,GHCND:USW00003963,100
784,",,W,",WDF5,2017-09-30T00:00:00,GHCND:USW00003963,130
785,",,W,",WSF2,2017-09-30T00:00:00,GHCND:USW00003963,58
786,",,W,",WSF5,2017-09-30T00:00:00,GHCND:USW00003963,72
787,",,N,",PRCP,2017-10-01T00:00:00,GHCND:US1MOBN0007,0
788,",,N,",SNOW,2017-10-01T00:00:00,GHCND:US1MOBN0007,0
789,",,N,",PRCP,2017-10-01T00:00:00,GHCND:US1MOBN0032,0
790,",,N,",SNOW,2017-10-01T00:00:00,GHCND:US1MOBN0032,0
791,",,N,",PRCP,2017-10-01T00:00:00,GHCND:US1MOCE0007,0
792,",,N,",SNOW,2017-10-01T00:00:00,GHCND:US1MOCE0007,0
793,",,N,",PRCP,2017-10-01T00:00:00,GHCND:US1MOCE0017,0
794,",,N,",SNOW,2017-10-01T00:00:00,GHCND:US1MOCE0017,0
795,",,N,",SNWD,2017-10-01T00:00:00,GHCND:US1MOCE0017,0
796,",,N,",WESD,2017-10-01T00:00:00,GHCND:US1MOCE0017,0
797,",,N,",WESF,2017-10-01T00:00:00,GHCND:US1MOCE0017,0
798,",,N,",PRCP,2017-10-01T00:00:00,GHCND:US1MOCW0009,0
799,",,N,",SNOW,2017-10-01T00:00:00,GHCND:US1MOCW0009,0
800,",,N,",PRCP,2017-10-01T00:00:00,GHCND:US1MOCW0012,0
801,",,N,",PRCP,2017-10-01T00:00:00,GHCND:US1MOFSA051,0
802,",,N,",SNOW,2017-10-01T00:00:00,GHCND:US1MOFSA051,0
803,",,7,0700",PRCP,2017-10-01T00:00:00,GHCND:USC00234271,0
804,",,7,",SNOW,2017-10-01T00:00:00,GHCND:USC00234271,0
805,",,7,",SNWD,2017-10-01T00:00:00,GHCND:USC00234271,0
806,",,7,0700",TMAX,2017-10-01T00:00:00,GHCND:USC00234271,244
807,",,7,0700",TMIN,2017-10-01T00:00:00,GHCND:USC00234271,128
808,",,7,0700",TOBS,2017-10-01T00:00:00,GHCND:USC00234271,144
809,",,W,",AWND,2017-10-01T00:00:00,GHCND:USW00003963,28
810,",,W,",PRCP,2017-10-01T00:00:00,GHCND:USW00003963,0
811,",,W,",SNOW,2017-10-01T00:00:00,GHCND:USW00003963,0
812,",,W,",SNWD,2017-10-01T00:00:00,GHCND:USW00003963,0
813,",,W,",TMAX,2017-10-01T00:00:00,GHCND:USW00003963,272
814,",,W,",TMIN,2017-10-01T00:00:00,GHCND:USW00003963,117
815,",,W,",WDF2,2017-10-01T00:00:00,GHCND:USW00003963,150
816,",,W,",WDF5,2017-10-01T00:00:00,GHCND:USW00003963,140
817,",,W,",WSF2,2017-10-01T00:00:00,GHCND:USW00003963,54
818,",,W,",WSF5,2017-10-01T00:00:00,GHCND:USW00003963,76
819,",,N,",PRCP,2017-10-02T00:00:00,GHCND:US1MOBN0007,0
820,",,N,",SNOW,2017-10-02T00:00:00,GHCND:US1MOBN0007,0
821,",,N,",PRCP,2017-10-02T00:00:00,GHCND:US1MOBN0032,0
822,",,N,",SNOW,2017-10-02T00:00:00,GHCND:US1MOBN0032,0
823,",,N,",PRCP,2017-10-02T00:00:00,GHCND:US1MOCE0007,0
824,",,N,",SNOW,2017-10-02T00:00:00,GHCND:US1MOCE0007,0
825,",,N,",PRCP,2017-10-02T00:00:00,GHCND:US1MOCE0009,0
826,",,N,",SNOW,2017-10-02T00:00:00,GHCND:US1MOCE0009,0
827,",,N,",PRCP,2017-10-02T00:00:00,GHCND:US1MOCE0017,0
828,",,N,",SNOW,2017-10-02T00:00:00,GHCND:US1MOCE0017,0
829,",,N,",SNWD,2017-10-02T00:00:00,GHCND:US1MOCE0017,0
830,",,N,",WESD,2017-10-02T00:00:00,GHCND:US1MOCE0017,0
831,",,N,",WESF,2017-10-02T00:00:00,GHCND:US1MOCE0017,0
832,",,N,",PRCP,2017-10-02T00:00:00,GHCND:US1MOCW0009,0
833,",,N,",SNOW,2017-10-02T00:00:00,GHCND:US1MOCW0009,0
834,",,N,",PRCP,2017-10-02T00:00:00,GHCND:US1MOCW0012,0
835,",,N,",PRCP,2017-10-02T00:00:00,GHCND:US1MOFSA051,0
836,",,N,",SNOW,2017-10-02T00:00:00,GHCND:US1MOFSA051,0
837,",,7,0700",PRCP,2017-10-02T00:00:00,GHCND:USC00234271,0
838,",,7,",SNOW,2017-10-02T00:00:00,GHCND:USC00234271,0
839,",,7,",SNWD,2017-10-02T00:00:00,GHCND:USC00234271,0
840,",,7,0700",TMAX,2017-10-02T00:00:00,GHCND:USC00234271,272
841,",,7,0700",TMIN,2017-10-02T00:00:00,GHCND:USC00234271,144
842,",,7,0700",TOBS,2017-10-02T00:00:00,GHCND:USC00234271,194
843,",,W,",AWND,2017-10-02T00:00:00,GHCND:USW00003963,45
844,",,W,",PRCP,2017-10-02T00:00:00,GHCND:USW00003963,0
845,",,W,",SNOW,2017-10-02T00:00:00,GHCND:USW00003963,0
846,",,W,",SNWD,2017-10-02T00:00:00,GHCND:USW00003963,0
847,",,W,",TMAX,2017-10-02T00:00:00,GHCND:USW00003963,306
848,",,W,",TMIN,2017-10-02T00:00:00,GHCND:USW00003963,183
849,",,W,",WDF2,2017-10-02T00:00:00,GHCND:USW00003963,160
850,",,W,",WDF5,2017-10-02T00:00:00,GHCND:USW00003963,170
851,",,W,",WSF2,2017-10-02T00:00:00,GHCND:USW00003963,76
852,",,W,",WSF5,2017-10-02T00:00:00,GHCND:USW00003963,103
853,",,N,",PRCP,2017-10-03T00:00:00,GHCND:US1MOBN0007,0
854,",,N,",SNOW,2017-10-03T00:00:00,GHCND:US1MOBN0007,0
855,",,N,",PRCP,2017-10-03T00:00:00,GHCND:US1MOBN0032,0
856,",,N,",SNOW,2017-10-03T00:00:00,GHCND:US1MOBN0032,0
857,",,N,",PRCP,2017-10-03T00:00:00,GHCND:US1MOCE0009,0
858,",,N,",SNOW,2017-10-03T00:00:00,GHCND:US1MOCE0009,0
859,",,N,",PRCP,2017-10-03T00:00:00,GHCND:US1MOCE0017,0
860,",,N,",SNOW,2017-10-03T00:00:00,GHCND:US1MOCE0017,0
861,",,N,",SNWD,2017-10-03T00:00:00,GHCND:US1MOCE0017,0
862,",,N,",WESD,2017-10-03T00:00:00,GHCND:US1MOCE0017,0
863,",,N,",WESF,2017-10-03T00:00:00,GHCND:US1MOCE0017,0
864,",,N,",PRCP,2017-10-03T00:00:00,GHCND:US1MOCW0009,0
865,",,N,",SNOW,2017-10-03T00:00:00,GHCND:US1MOCW0009,0
866,",,N,",PRCP,2017-10-03T00:00:00,GHCND:US1MOCW0012,0
867,",,N,",PRCP,2017-10-03T00:00:00,GHCND:US1MOFSA051,0
868,",,N,",SNOW,2017-10-03T00:00:00,GHCND:US1MOFSA051,0
869,",,7,0700",PRCP,2017-10-03T00:00:00,GHCND:USC00234271,0
870,",,7,",SNOW,2017-10-03T00:00:00,GHCND:USC00234271,0
871,",,7,",SNWD,2017-10-03T00:00:00,GHCND:USC00234271,0
872,",,7,0700",TMAX,2017-10-03T00:00:00,GHCND:USC00234271,306
873,",,7,0700",TMIN,2017-10-03T00:00:00,GHCND:USC00234271,194
874,",,7,0700",TOBS,2017-10-03T00:00:00,GHCND:USC00234271,222
875,",,W,",AWND,2017-10-03T00:00:00,GHCND:USW00003963,38
876,",,W,",PRCP,2017-10-03T00:00:00,GHCND:USW00003963,353
877,",,W,",SNOW,2017-10-03T00:00:00,GHCND:USW00003963,0
878,",,W,",SNWD,2017-10-03T00:00:00,GHCND:USW00003963,0
879,",,W,",TMAX,2017-10-03T00:00:00,GHCND:USW00003963,261
880,",,W,",TMIN,2017-10-03T00:00:00,GHCND:USW00003963,211
881,",,W,",WDF2,2017-10-03T00:00:00,GHCND:USW00003963,170
882,",,W,",WDF5,2017-10-03T00:00:00,GHCND:USW00003963,160
883,",,W,",WSF2,2017-10-03T00:00:00,GHCND:USW00003963,81
884,",,W,",WSF5,2017-10-03T00:00:00,GHCND:USW00003963,112
885,",,W,",WT01,2017-10-03T00:00:00,GHCND:USW00003963,1
886,",,W,",WT03,2017-10-03T00:00:00,GHCND:USW00003963,1
887,",,W,",WT08,2017-10-03T00:00:00,GHCND:USW00003963,1
888,",,N,",PRCP,2017-10-04T00:00:00,GHCND:US1MOBN0007,175
889,",,N,",PRCP,2017-10-04T00:00:00,GHCND:US1MOBN0032,147
890,",,N,",PRCP,2017-10-04T00:00:00,GHCND:US1MOCE0009,409
891,",,N,",PRCP,2017-10-04T00:00:00,GHCND:US1MOCW0009,137
892,",,N,",PRCP,2017-10-04T00:00:00,GHCND:US1MOCW0012,267
893,",,N,",PRCP,2017-10-04T00:00:00,GHCND:US1MOFSA051,307
894,",,7,0700",PRCP,2017-10-04T00:00:00,GHCND:USC00234271,366
895,",,7,",SNOW,2017-10-04T00:00:00,GHCND:USC00234271,0
896,",,7,",SNWD,2017-10-04T00:00:00,GHCND:USC00234271,0
897,",,7,0700",TMAX,2017-10-04T00:00:00,GHCND:USC00234271,267
898,",,7,0700",TMIN,2017-10-04T00:00:00,GHCND:USC00234271,206
899,",,7,0700",TOBS,2017-10-04T00:00:00,GHCND:USC00234271,211
900,",,W,",AWND,2017-10-04T00:00:00,GHCND:USW00003963,11
901,",,W,",PRCP,2017-10-04T00:00:00,GHCND:USW00003963,437
902,",,W,",SNOW,2017-10-04T00:00:00,GHCND:USW00003963,0
903,",,W,",SNWD,2017-10-04T00:00:00,GHCND:USW00003963,0
904,",,W,",TMAX,2017-10-04T00:00:00,GHCND:USW00003963,244
905,",,W,",TMIN,2017-10-04T00:00:00,GHCND:USW00003963,211
906,",,W,",WDF2,2017-10-04T00:00:00,GHCND:USW00003963,210
907,",,W,",WDF5,2017-10-04T00:00:00,GHCND:USW00003963,210
908,",,W,",WSF2,2017-10-04T00:00:00,GHCND:USW00003963,54
909,",,W,",WSF5,2017-10-04T00:00:00,GHCND:USW00003963,72
910,",,W,",WT01,2017-10-04T00:00:00,GHCND:USW00003963,1
911,",,N,",PRCP,2017-10-05T00:00:00,GHCND:US1MOBN0007,409
912,",,N,",PRCP,2017-10-05T00:00:00,GHCND:US1MOBN0032,404
913,",,N,",PRCP,2017-10-05T00:00:00,GHCND:US1MOCE0009,528
914,",,N,",PRCP,2017-10-05T00:00:00,GHCND:US1MOCW0009,338
915,",,N,",PRCP,2017-10-05T00:00:00,GHCND:US1MOCW0012,417
916,",,N,",PRCP,2017-10-05T00:00:00,GHCND:US1MOFSA051,752
917,",,7,0700",PRCP,2017-10-05T00:00:00,GHCND:USC00234271,389
918,",,7,",SNOW,2017-10-05T00:00:00,GHCND:USC00234271,0
919,",,7,",SNWD,2017-10-05T00:00:00,GHCND:USC00234271,0
920,",,7,0700",TMIN,2017-10-05T00:00:00,GHCND:USC00234271,194
921,",,7,0700",TOBS,2017-10-05T00:00:00,GHCND:USC00234271,200
922,",,W,",AWND,2017-10-05T00:00:00,GHCND:USW00003963,13
923,"T,,W,",PRCP,2017-10-05T00:00:00,GHCND:USW00003963,0
924,",,W,",SNOW,2017-10-05T00:00:00,GHCND:USW00003963,0
925,",,W,",SNWD,2017-10-05T00:00:00,GHCND:USW00003963,0
926,",,W,",TMAX,2017-10-05T00:00:00,GHCND:USW00003963,250
927,",,W,",TMIN,2017-10-05T00:00:00,GHCND:USW00003963,206
928,",,W,",WDF2,2017-10-05T00:00:00,GHCND:USW00003963,230
929,",,W,",WDF5,2017-10-05T00:00:00,GHCND:USW00003963,180
930,",,W,",WSF2,2017-10-05T00:00:00,GHCND:USW00003963,45
931,",,W,",WSF5,2017-10-05T00:00:00,GHCND:USW00003963,54
932,",,W,",WT01,2017-10-05T00:00:00,GHCND:USW00003963,1
933,",,W,",WT02,2017-10-05T00:00:00,GHCND:USW00003963,1
934,",,N,",PRCP,2017-10-06T00:00:00,GHCND:US1MOBN0007,10
935,",,N,",PRCP,2017-10-06T00:00:00,GHCND:US1MOBN0032,10
936,",,N,",PRCP,2017-10-06T00:00:00,GHCND:US1MOCE0009,3
937,",,N,",PRCP,2017-10-06T00:00:00,GHCND:US1MOCE0017,8
938,",,N,",SNOW,2017-10-06T00:00:00,GHCND:US1MOCE0017,0
939,",,N,",SNWD,2017-10-06T00:00:00,GHCND:US1MOCE0017,0
940,",,N,",WESD,2017-10-06T00:00:00,GHCND:US1MOCE0017,0
941,",,N,",WESF,2017-10-06T00:00:00,GHCND:US1MOCE0017,0
942,",,N,",PRCP,2017-10-06T00:00:00,GHCND:US1MOCW0009,15
943,"T,,N,",PRCP,2017-10-06T00:00:00,GHCND:US1MOCW0012,0
944,",,N,",PRCP,2017-10-06T00:00:00,GHCND:US1MOFSA051,8
945,",,7,0700",PRCP,2017-10-06T00:00:00,GHCND:USC00234271,5
946,",,7,",SNOW,2017-10-06T00:00:00,GHCND:USC00234271,0
947,",,7,",SNWD,2017-10-06T00:00:00,GHCND:USC00234271,0
948,",,7,0700",TMAX,2017-10-06T00:00:00,GHCND:USC00234271,244
949,",,7,0700",TMIN,2017-10-06T00:00:00,GHCND:USC00234271,200
950,",,7,0700",TOBS,2017-10-06T00:00:00,GHCND:USC00234271,206
951,",,W,",AWND,2017-10-06T00:00:00,GHCND:USW00003963,27
952,",,W,",PRCP,2017-10-06T00:00:00,GHCND:USW00003963,8
953,",,W,",SNOW,2017-10-06T00:00:00,GHCND:USW00003963,0
954,",,W,",SNWD,2017-10-06T00:00:00,GHCND:USW00003963,0
955,",,W,",TMAX,2017-10-06T00:00:00,GHCND:USW00003963,256
956,",,W,",TMIN,2017-10-06T00:00:00,GHCND:USW00003963,206
957,",,W,",WDF2,2017-10-06T00:00:00,GHCND:USW00003963,160
958,",,W,",WDF5,2017-10-06T00:00:00,GHCND:USW00003963,160
959,",,W,",WSF2,2017-10-06T00:00:00,GHCND:USW00003963,72
960,",,W,",WSF5,2017-10-06T00:00:00,GHCND:USW00003963,98
961,",,W,",WT01,2017-10-06T00:00:00,GHCND:USW00003963,1
962,",,W,",WT08,2017-10-06T00:00:00,GHCND:USW00003963,1
963,",,N,",PRCP,2017-10-07T00:00:00,GHCND:US1MOBN0007,15
964,",,N,",PRCP,2017-10-07T00:00:00,GHCND:US1MOBN0032,18
965,",,N,",PRCP,2017-10-07T00:00:00,GHCND:US1MOCE0009,18
966,",,N,",PRCP,2017-10-07T00:00:00,GHCND:US1MOCE0017,15
967,",,N,",SNOW,2017-10-07T00:00:00,GHCND:US1MOCE0017,0
968,",,N,",SNWD,2017-10-07T00:00:00,GHCND:US1MOCE0017,0
969,",,N,",WESD,2017-10-07T00:00:00,GHCND:US1MOCE0017,0
970,",,N,",WESF,2017-10-07T00:00:00,GHCND:US1MOCE0017,0
971,",,N,",PRCP,2017-10-07T00:00:00,GHCND:US1MOCW0009,15
972,",,N,",PRCP,2017-10-07T00:00:00,GHCND:US1MOCW0012,8
973,",,N,",PRCP,2017-10-07T00:00:00,GHCND:US1MOCW0017,13
974,",,N,",PRCP,2017-10-07T00:00:00,GHCND:US1MOFSA051,23
975,",,7,0700",PRCP,2017-10-07T00:00:00,GHCND:USC00234271,0
976,",,7,",SNOW,2017-10-07T00:00:00,GHCND:USC00234271,0
977,",,7,",SNWD,2017-10-07T00:00:00,GHCND:USC00234271,0
978,",,7,0700",TMAX,2017-10-07T00:00:00,GHCND:USC00234271,250
979,",,7,0700",TMIN,2017-10-07T00:00:00,GHCND:USC00234271,200
980,",,7,0700",TOBS,2017-10-07T00:00:00,GHCND:USC00234271,217
981,",,W,",AWND,2017-10-07T00:00:00,GHCND:USW00003963,43
982,",,W,",PRCP,2017-10-07T00:00:00,GHCND:USW00003963,53
983,",,W,",SNOW,2017-10-07T00:00:00,GHCND:USW00003963,0
984,",,W,",SNWD,2017-10-07T00:00:00,GHCND:USW00003963,0
985,",,W,",TMAX,2017-10-07T00:00:00,GHCND:USW00003963,244
986,",,W,",TMIN,2017-10-07T00:00:00,GHCND:USW00003963,139
987,",,W,",WDF2,2017-10-07T00:00:00,GHCND:USW00003963,270
988,",,W,",WDF5,2017-10-07T00:00:00,GHCND:USW00003963,280
989,",,W,",WSF2,2017-10-07T00:00:00,GHCND:USW00003963,107
990,",,W,",WSF5,2017-10-07T00:00:00,GHCND:USW00003963,148
991,",,N,",PRCP,2017-10-08T00:00:00,GHCND:US1MOBN0007,64
992,",,N,",PRCP,2017-10-08T00:00:00,GHCND:US1MOBN0032,69
993,",,N,",PRCP,2017-10-08T00:00:00,GHCND:US1MOCE0009,69
994,",,N,",PRCP,2017-10-08T00:00:00,GHCND:US1MOCE0017,74
995,",,N,",SNOW,2017-10-08T00:00:00,GHCND:US1MOCE0017,0
996,",,N,",SNWD,2017-10-08T00:00:00,GHCND:US1MOCE0017,0
997,",,N,",WESD,2017-10-08T00:00:00,GHCND:US1MOCE0017,0
998,",,N,",WESF,2017-10-08T00:00:00,GHCND:US1MOCE0017,0
999,",,N,",PRCP,2017-10-08T00:00:00,GHCND:US1MOCW0009,61
0,",,N,",PRCP,2017-10-08T00:00:00,GHCND:US1MOCW0012,58
1,",,N,",PRCP,2017-10-08T00:00:00,GHCND:US1MOFSA051,99
2,",,7,0700",PRCP,2017-10-08T00:00:00,GHCND:USC00234271,0
3,",,7,",SNOW,2017-10-08T00:00:00,GHCND:USC00234271,0
4,",,7,",SNWD,2017-10-08T00:00:00,GHCND:USC00234271,0
5,",,7,0700",TMAX,2017-10-08T00:00:00,GHCND:USC00234271,239
6,",,7,0700",TMIN,2017-10-08T00:00:00,GHCND:USC00234271,128
7,",,7,0700",TOBS,2017-10-08T00:00:00,GHCND:USC00234271,133
8,",,W,",AWND,2017-10-08T00:00:00,GHCND:USW00003963,10
9,",,W,",PRCP,2017-10-08T00:00:00,GHCND:USW00003963,0
10,",,W,",SNOW,2017-10-08T00:00:00,GHCND:USW00003963,0
11,",,W,",SNWD,2017-10-08T00:00:00,GHCND:USW00003963,0
12,",,W,",TMAX,2017-10-08T00:00:00,GHCND:USW00003963,278
13,",,W,",TMIN,2017-10-08T00:00:00,GHCND:USW00003963,111
14,",,W,",WDF2,2017-10-08T00:00:00,GHCND:USW00003963,150
15,",,W,",WDF5,2017-10-08T00:00:00,GHCND:USW00003963,170
16,",,W,",WSF2,2017-10-08T00:00:00,GHCND:USW00003963,40
17,",,W,",WSF5,2017-10-08T00:00:00,GHCND:USW00003963,63
18,",,N,",PRCP,2017-10-09T00:00:00,GHCND:US1MOBN0007,0
19,",,N,",SNOW,2017-10-09T00:00:00,GHCND:US1MOBN0007,0
20,",,N,",PRCP,2017-10-09T00:00:00,GHCND:US1MOBN0032,0
21,",,N,",SNOW,2017-10-09T00:00:00,GHCND:US1MOBN0032,0
22,",,N,",PRCP,2017-10-09T00:00:00,GHCND:US1MOCE0007,0
23,",,N,",SNOW,2017-10-09T00:00:00,GHCND:US1MOCE0007,0
24,",,N,",PRCP,2017-10-09T00:00:00,GHCND:US1MOCE0009,0
25,",,N,",SNOW,2017-10-09T00:00:00,GHCND:US1MOCE0009,0
26,",,N,",PRCP,2017-10-09T00:00:00,GHCND:US1MOCE0017,0
27,",,N,",SNOW,2017-10-09T00:00:00,GHCND:US1MOCE0017,0
28,",,N,",SNWD,2017-10-09T00:00:00,GHCND:US1MOCE0017,0
29,",,N,",WESD,2017-10-09T00:00:00,GHCND:US1MOCE0017,0
30,",,N,",WESF,2017-10-09T00:00:00,GHCND:US1MOCE0017,0
31,",,N,",PRCP,2017-10-09T00:00:00,GHCND:US1MOCW0009,0
32,",,N,",SNOW,2017-10-09T00:00:00,GHCND:US1MOCW0009,0
33,",,N,",PRCP,2017-10-09T00:00:00,GHCND:US1MOCW0012,0
34,",,N,",PRCP,2017-10-09T00:00:00,GHCND:US1MOFSA051,0
35,",,N,",SNOW,2017-10-09T00:00:00,GHCND:US1MOFSA051,0
36,",,7,0700",PRCP,2017-10-09T00:00:00,GHCND:USC00234271,0
37,",,7,",SNOW,2017-10-09T00:00:00,GHCND:USC00234271,0
38,",,7,",SNWD,2017-10-09T00:00:00,GHCND:USC00234271,0
39,",,7,0700",TMAX,2017-10-09T00:00:00,GHCND:USC00234271,272
40,",,7,0700",TMIN,2017-10-09T00:00:00,GHCND:USC00234271,128
41,",,7,0700",TOBS,2017-10-09T00:00:00,GHCND:USC00234271,156
42,",,W,",AWND,2017-10-09T00:00:00,GHCND:USW00003963,11
43,",,W,",PRCP,2017-10-09T00:00:00,GHCND:USW00003963,0
44,",,W,",SNOW,2017-10-09T00:00:00,GHCND:USW00003963,0
45,",,W,",SNWD,2017-10-09T00:00:00,GHCND:USW00003963,0
46,",,W,",TMAX,2017-10-09T00:00:00,GHCND:USW00003963,294
47,",,W,",TMIN,2017-10-09T00:00:00,GHCND:USW00003963,133
48,",,W,",WDF2,2017-10-09T00:00:00,GHCND:USW00003963,360
49,",,W,",WDF5,2017-10-09T00:00:00,GHCND:USW00003963,360
50,",,W,",WSF2,2017-10-09T00:00:00,GHCND:USW00003963,45
51,",,W,",WSF5,2017-10-09T00:00:00,GHCND:USW00003963,58
52,",,W,",WT01,2017-10-09T00:00:00,GHCND:USW00003963,1
53,",,W,",WT02,2017-10-09T00:00:00,GHCND:USW00003963,1
54,",,N,",PRCP,2017-10-10T00:00:00,GHCND:US1MOBN0007,28
55,",,N,",PRCP,2017-10-10T00:00:00,GHCND:US1MOBN0032,25
56,",,N,",PRCP,2017-10-10T00:00:00,GHCND:US1MOCE0007,185
57,",,N,",PRCP,2017-10-10T00:00:00,GHCND:US1MOCE0009,119
58,",,N,",PRCP,2017-10-10T00:00:00,GHCND:US1MOCE0017,18
59,",,N,",SNOW,2017-10-10T00:00:00,GHCND:US1MOCE0017,0
60,",,N,",SNWD,2017-10-10T00:00:00,GHCND:US1MOCE0017,0
61,",,N,",WESD,2017-10-10T00:00:00,GHCND:US1MOCE0017,0
62,",,N,",WESF,2017-10-10T00:00:00,GHCND:US1MOCE0017,0
63,",,N,",PRCP,2017-10-10T00:00:00,GHCND:US1MOCW0009,41
64,",,N,",PRCP,2017-10-10T00:00:00,GHCND:US1MOCW0012,97
65,",,N,",PRCP,2017-10-10T00:00:00,GHCND:US1MOFSA051,224
66,",,7,0700",PRCP,2017-10-10T00:00:00,GHCND:USC00234271,213
67,",,7,",SNOW,2017-10-10T00:00:00,GHCND:USC00234271,0
68,",,7,",SNWD,2017-10-10T00:00:00,GHCND:USC00234271,0
69,",,7,0700",TMAX,2017-10-10T00:00:00,GHCND:USC00234271,289
70,",,7,0700",TMIN,2017-10-10T00:00:00,GHCND:USC00234271,150
71,",,7,0700",TOBS,2017-10-10T00:00:00,GHCND:USC00234271,161
72,",,W,",AWND,2017-10-10T00:00:00,GHCND:USW00003963,41
73,",,W,",PRCP,2017-10-10T00:00:00,GHCND:USW00003963,206
74,",,W,",SNOW,2017-10-10T00:00:00,GHCND:USW00003963,0
75,",,W,",SNWD,2017-10-10T00:00:00,GHCND:USW00003963,0
76,",,W,",TMAX,2017-10-10T00:00:00,GHCND:USW00003963,206
77,",,W,",TMIN,2017-10-10T00:00:00,GHCND:USW00003963,94
78,",,W,",WDF2,2017-10-10T00:00:00,GHCND:USW00003963,280
79,",,W,",WDF5,2017-10-10T00:00:00,GHCND:USW00003963,280
80,",,W,",WSF2,2017-10-10T00:00:00,GHCND:USW00003963,94
81,",,W,",WSF5,2017-10-10T00:00:00,GHCND:USW00003963,121
82,",,W,",WT01,2017-10-10T00:00:00,GHCND:USW00003963,1
83,",,W,",WT03,2017-10-10T00:00:00,GHCND:USW00003963,1
84,",,W,",WT08,2017-10-10T00:00:00,GHCND:USW00003963,1
85,",,N,",PRCP,2017-10-11T00:00:00,GHCND:US1MOBN0007,48
86,",,N,",PRCP,2017-10-11T00:00:00,GHCND:US1MOBN0032,38
87,",,N,",PRCP,2017-10-11T00:00:00,GHCND:US1MOCE0007,36
88,",,N,",PRCP,2017-10-11T00:00:00,GHCND:US1MOCE0009,25
89,",,N,",PRCP,2017-10-11T00:00:00,GHCND:US1MOCE0017,69
90,",,N,",SNOW,2017-10-11T00:00:00,GHCND:US1MOCE0017,0
91,",,N,",SNWD,2017-10-11T00:00:00,GHCND:US1MOCE0017,0
92,",,N,",WESD,2017-10-11T00:00:00,GHCND:US1MOCE0017,0
93,",,N,",WESF,2017-10-11T00:00:00,GHCND:US1MOCE0017,0
94,",,N,",PRCP,2017-10-11T00:00:00,GHCND:US1MOCW0009,56
95,",,N,",PRCP,2017-10-11T00:00:00,GHCND:US1MOCW0012,46
96,",,N,",PRCP,2017-10-11T00:00:00,GHCND:US1MOFSA051,13
97,",,7,0700",PRCP,2017-10-11T00:00:00,GHCND:USC00234271,66
98,",,7,",SNOW,2017-10-11T00:00:00,GHCND:USC00234271,0
99,",,7,",SNWD,2017-10-11T00:00:00,GHCND:USC00234271,0
100,",,7,0700",TMAX,2017-10-11T00:00:00,GHCND:USC00234271,161
101,",,7,0700",TMIN,2017-10-11T00:00:00,GHCND:USC00234271,83
102,",,7,0700",TOBS,2017-10-11T00:00:00,GHCND:USC00234271,89
103,",,W,",AWND,2017-10-11T00:00:00,GHCND:USW00003963,27
104,",,W,",PRCP,2017-10-11T00:00:00,GHCND:USW00003963,0
105,",,W,",SNOW,2017-10-11T00:00:00,GHCND:USW00003963,0
106,",,W,",SNWD,2017-10-11T00:00:00,GHCND:USW00003963,0
107,",,W,",TMAX,2017-10-11T00:00:00,GHCND:USW00003963,133
108,",,W,",TMIN,2017-10-11T00:00:00,GHCND:USW00003963,94
109,",,W,",WDF2,2017-10-11T00:00:00,GHCND:USW00003963,280
110,",,W,",WDF5,2017-10-11T00:00:00,GHCND:USW00003963,280
111,",,W,",WSF2,2017-10-11T00:00:00,GHCND:USW00003963,63
112,",,W,",WSF5,2017-10-11T00:00:00,GHCND:USW00003963,76
113,",,W,",WT01,2017-10-11T00:00:00,GHCND:USW00003963,1
114,"T,,N,",PRCP,2017-10-12T00:00:00,GHCND:US1MOBN0007,0
115,",,N,",PRCP,2017-10-12T00:00:00,GHCND:US1MOBN0032,3
116,"T,,N,",PRCP,2017-10-12T00:00:00,GHCND:US1MOCE0007,0
117,",,N,",PRCP,2017-10-12T00:00:00,GHCND:US1MOCE0009,3
118,",,N,",PRCP,2017-10-12T00:00:00,GHCND:US1MOCE0017,5
119,",,N,",SNOW,2017-10-12T00:00:00,GHCND:US1MOCE0017,0
120,",,N,",SNWD,2017-10-12T00:00:00,GHCND:US1MOCE0017,0
121,",,N,",WESD,2017-10-12T00:00:00,GHCND:US1MOCE0017,0
122,",,N,",WESF,2017-10-12T00:00:00,GHCND:US1MOCE0017,0
123,",,N,",PRCP,2017-10-12T00:00:00,GHCND:US1MOCW0009,3
124,",,N,",PRCP,2017-10-12T00:00:00,GHCND:US1MOCW0012,0
125,",,N,",PRCP,2017-10-12T00:00:00,GHCND:US1MOFSA051,0
126,",,N,",SNOW,2017-10-12T00:00:00,GHCND:US1MOFSA051,0
127,",,7,0700",PRCP,2017-10-12T00:00:00,GHCND:USC00234271,5
128,",,7,",SNOW,2017-10-12T00:00:00,GHCND:USC00234271,0
129,",,7,",SNWD,2017-10-12T00:00:00,GHCND:USC00234271,0
130,",,7,0700",TMAX,2017-10-12T00:00:00,GHCND:USC00234271,128
131,",,7,0700",TMIN,2017-10-12T00:00:00,GHCND:USC00234271,89
132,",,7,0700",TOBS,2017-10-12T00:00:00,GHCND:USC00234271,111
133,",,7,",WT01,2017-10-12T00:00:00,GHCND:USC00234271,1
134,",,W,",AWND,2017-10-12T00:00:00,GHCND:USW00003963,22
135,",,W,",PRCP,2017-10-12T00:00:00,GHCND:USW00003963,0
136,",,W,",SNOW,2017-10-12T00:00:00,GHCND:USW00003963,0
137,",,W,",SNWD,2017-10-12T00:00:00,GHCND:USW00003963,0
138,",,W,",TMAX,2017-10-12T00:00:00,GHCND:USW00003963,200
139,",,W,",TMIN,2017-10-12T00:00:00,GHCND:USW00003963,117
140,",,W,",WDF2,2017-10-12T00:00:00,GHCND:USW00003963,110
141,",,W,",WDF5,2017-10-12T00:00:00,GHCND:USW00003963,120
142,",,W,",WSF2,2017-10-12T00:00:00,GHCND:USW00003963,45
143,",,W,",WSF5,2017-10-12T00:00:00,GHCND:USW00003963,63
144,",,W,",WT01,2017-10-12T00:00:00,GHCND:USW00003963,1
145,",,N,",PRCP,2017-10-13T00:00:00,GHCND:US1MOBN0007,0
146,",,N,",SNOW,2017-10-13T00:00:00,GHCND:US1MOBN0007,0
147,"T,,N,",PRCP,2017-10-13T00:00:00,GHCND:US1MOBN0032,0
148,",,N,",PRCP,2017-10-13T00:00:00,GHCND:US1MOCE0007,0
149,",,N,",SNOW,2017-10-13T00:00:00,GHCND:US1MOCE0007,0
150,"T,,N,",PRCP,2017-10-13T00:00:00,GHCND:US1MOCE0009,0
151,",,N,",PRCP,2017-10-13T00:00:00,GHCND:US1MOCE0017,0
152,",,N,",SNOW,2017-10-13T00:00:00,GHCND:US1MOCE0017,0
153,",,N,",SNWD,2017-10-13T00:00:00,GHCND:US1MOCE0017,0
154,",,N,",WESD,2017-10-13T00:00:00,GHCND:US1MOCE0017,0
155,",,N,",WESF,2017-10-13T00:00:00,GHCND:US1MOCE0017,0
156,",,N,",PRCP,2017-10-13T00:00:00,GHCND:US1MOCW0009,3
157,",,N,",PRCP,2017-10-13T00:00:00,GHCND:US1MOCW0012,0
158,",,N,",PRCP,2017-10-13T00:00:00,GHCND:US1MOFSA051,0
159,",,N,",SNOW,2017-10-13T00:00:00,GHCND:US1MOFSA051,0
160,",,7,0700",PRCP,2017-10-13T00:00:00,GHCND:USC00234271,0
161,",,7,",SNOW,2017-10-13T00:00:00,GHCND:USC00234271,0
162,",,7,",SNWD,2017-10-13T00:00:00,GHCND:USC00234271,0
163,",,7,0700",TMAX,2017-10-13T00:00:00,GHCND:USC00234271,194
164,",,7,0700",TMIN,2017-10-13T00:00:00,GHCND:USC00234271,111
165,",,7,0700",TOBS,2017-10-13T00:00:00,GHCND:USC00234271,139
166,",,W,",AWND,2017-10-13T00:00:00,GHCND:USW00003963,30
167,",,W,",PRCP,2017-10-13T00:00:00,GHCND:USW00003963,0
168,",,W,",SNOW,2017-10-13T00:00:00,GHCND:USW00003963,0
169,",,W,",SNWD,2017-10-13T00:00:00,GHCND:USW00003963,0
170,",,W,",TMAX,2017-10-13T00:00:00,GHCND:USW00003963,294
171,",,W,",TMIN,2017-10-13T00:00:00,GHCND:USW00003963,128
172,",,W,",WDF2,2017-10-13T00:00:00,GHCND:USW00003963,160
173,",,W,",WDF5,2017-10-13T00:00:00,GHCND:USW00003963,180
174,",,W,",WSF2,2017-10-13T00:00:00,GHCND:USW00003963,63
175,",,W,",WSF5,2017-10-13T00:00:00,GHCND:USW00003963,85
176,",,N,",PRCP,2017-10-14T00:00:00,GHCND:US1MOBN0007,0
177,",,N,",SNOW,2017-10-14T00:00:00,GHCND:US1MOBN0007,0
178,",,N,",PRCP,2017-10-14T00:00:00,GHCND:US1MOBN0032,0
179,",,N,",SNOW,2017-10-14T00:00:00,GHCND:US1MOBN0032,0
180,",,N,",PRCP,2017-10-14T00:00:00,GHCND:US1MOCE0007,0
181,",,N,",SNOW,2017-10-14T00:00:00,GHCND:US1MOCE0007,0
182,",,N,",PRCP,2017-10-14T00:00:00,GHCND:US1MOCE0009,0
183,",,N,",SNOW,2017-10-14T00:00:00,GHCND:US1MOCE0009,0
184,",,N,",PRCP,2017-10-14T00:00:00,GHCND:US1MOCE0017,0
185,",,N,",SNOW,2017-10-14T00:00:00,GHCND:US1MOCE0017,0
186,",,N,",SNWD,2017-10-14T00:00:00,GHCND:US1MOCE0017,0
187,",,N,",WESD,2017-10-14T00:00:00,GHCND:US1MOCE0017,0
188,",,N,",WESF,2017-10-14T00:00:00,GHCND:US1MOCE0017,0
189,",,N,",PRCP,2017-10-14T00:00:00,GHCND:US1MOCW0009,0
190,",,N,",SNOW,2017-10-14T00:00:00,GHCND:US1MOCW0009,0
191,",,N,",PRCP,2017-10-14T00:00:00,GHCND:US1MOCW0012,0
192,",,N,",PRCP,2017-10-14T00:00:00,GHCND:US1MOFSA051,0
193,",,N,",SNOW,2017-10-14T00:00:00,GHCND:US1MOFSA051,0
194,",,7,0700",PRCP,2017-10-14T00:00:00,GHCND:USC00234271,0
195,",,7,",SNOW,2017-10-14T00:00:00,GHCND:USC00234271,0
196,",,7,",SNWD,2017-10-14T00:00:00,GHCND:USC00234271,0
197,",,7,0700",TMAX,2017-10-14T00:00:00,GHCND:USC00234271,289
198,",,7,0700",TMIN,2017-10-14T00:00:00,GHCND:USC00234271,139
199,",,7,0700",TOBS,2017-10-14T00:00:00,GHCND:USC00234271,206
200,",,W,",AWND,2017-10-14T00:00:00,GHCND:USW00003963,34
201,",,W,",PRCP,2017-10-14T00:00:00,GHCND:USW00003963,137
202,",,W,",SNOW,2017-10-14T00:00:00,GHCND:USW00003963,0
203,",,W,",SNWD,2017-10-14T00:00:00,GHCND:USW00003963,0
204,",,W,",TMAX,2017-10-14T00:00:00,GHCND:USW00003963,306
205,",,W,",TMIN,2017-10-14T00:00:00,GHCND:USW00003963,200
206,",,W,",WDF2,2017-10-14T00:00:00,GHCND:USW00003963,290
207,",,W,",WDF5,2017-10-14T00:00:00,GHCND:USW00003963,300
208,",,W,",WSF2,2017-10-14T00:00:00,GHCND:USW00003963,143
209,",,W,",WSF5,2017-10-14T00:00:00,GHCND:USW00003963,192
210,",,W,",WT01,2017-10-14T00:00:00,GHCND:USW00003963,1
211,",,W,",WT03,2017-10-14T00:00:00,GHCND:USW00003963,1
212,",,N,",PRCP,2017-10-15T00:00:00,GHCND:US1MOBN0007,338
213,",,N,",PRCP,2017-10-15T00:00:00,GHCND:US1MOBN0032,414
214,",,N,",PRCP,2017-10-15T00:00:00,GHCND:US1MOCE0007,254
215,",,N,",PRCP,2017-10-15T00:00:00,GHCND:US1MOCE0009,206
216,",,N,",SNOW,2017-10-15T00:00:00,GHCND:US1MOCE0009,0
217,",,N,",PRCP,2017-10-15T00:00:00,GHCND:US1MOCE0017,460
218,",,N,",SNOW,2017-10-15T00:00:00,GHCND:US1MOCE0017,0
219,",,N,",SNWD,2017-10-15T00:00:00,GHCND:US1MOCE0017,0
220,",,N,",WESD,2017-10-15T00:00:00,GHCND:US1MOCE0017,0
221,",,N,",WESF,2017-10-15T00:00:00,GHCND:US1MOCE0017,0
222,",,N,",PRCP,2017-10-15T00:00:00,GHCND:US1MOCW0009,312
223,",,N,",PRCP,2017-10-15T00:00:00,GHCND:US1MOCW0012,229
224,",,N,",PRCP,2017-10-15T00:00:00,GHCND:US1MOCW0017,262
225,",,N,",PRCP,2017-10-15T00:00:00,GHCND:US1MOFSA051,315
226,",,7,0700",PRCP,2017-10-15T00:00:00,GHCND:USC00234271,282
227,",,7,",SNOW,2017-10-15T00:00:00,GHCND:USC00234271,0
228,",,7,",SNWD,2017-10-15T00:00:00,GHCND:USC00234271,0
229,",,7,0700",TMAX,2017-10-15T00:00:00,GHCND:USC00234271,306
230,",,7,0700",TMIN,2017-10-15T00:00:00,GHCND:USC00234271,117
231,",,7,0700",TOBS,2017-10-15T00:00:00,GHCND:USC00234271,117
232,",,7,",WT03,2017-10-15T00:00:00,GHCND:USC00234271,1
233,",,W,",AWND,2017-10-15T00:00:00,GHCND:USW00003963,41
234,",,W,",PRCP,2017-10-15T00:00:00,GHCND:USW00003963,119
235,",,W,",SNOW,2017-10-15T00:00:00,GHCND:USW00003963,0
236,",,W,",SNWD,2017-10-15T00:00:00,GHCND:USW00003963,0
237,",,W,",TMAX,2017-10-15T00:00:00,GHCND:USW00003963,200
238,",,W,",TMIN,2017-10-15T00:00:00,GHCND:USW00003963,67
239,",,W,",WDF2,2017-10-15T00:00:00,GHCND:USW00003963,310
240,",,W,",WDF5,2017-10-15T00:00:00,GHCND:USW00003963,290
241,",,W,",WSF2,2017-10-15T00:00:00,GHCND:USW00003963,103
242,",,W,",WSF5,2017-10-15T00:00:00,GHCND:USW00003963,152
243,",,W,",WT01,2017-10-15T00:00:00,GHCND:USW00003963,1
244,",,W,",WT03,2017-10-15T00:00:00,GHCND:USW00003963,1
245,",,N,",PRCP,2017-10-16T00:00:00,GHCND:US1MOBN0007,0
246,",,N,",SNOW,2017-10-16T00:00:00,GHCND:US1MOBN0007,0
247,",,N,",PRCP,2017-10-16T00:00:00,GHCND:US1MOBN0032,0
248,",,N,",SNOW,2017-10-16T00:00:00,GHCND:US1MOBN0032,0
249,",,N,",PRCP,2017-10-16T00:00:00,GHCND:US1MOCE0007,0
250,",,N,",PRCP,2017-10-16T00:00:00,GHCND:US1MOCE0009,0
251,",,N,",SNOW,2017-10-16T00:00:00,GHCND:US1MOCE0009,0
252,",,N,",PRCP,2017-10-16T00:00:00,GHCND:US1MOCE0017,0
253,",,N,",SNOW,2017-10-16T00:00:00,GHCND:US1MOCE0017,0
254,",,N,",SNWD,2017-10-16T00:00:00,GHCND:US1MOCE0017,0
255,",,N,",WESD,2017-10-16T00:00:00,GHCND:US1MOCE0017,0
256,",,N,",WESF,2017-10-16T00:00:00,GHCND:US1MOCE0017,0
257,",,N,",PRCP,2017-10-16T00:00:00,GHCND:US1MOCW0009,0
258,",,N,",SNOW,2017-10-16T00:00:00,GHCND:US1MOCW0009,0
259,",,N,",PRCP,2017-10-16T00:00:00,GHCND:US1MOCW0012,0
260,",,N,",PRCP,2017-10-16T00:00:00,GHCND:US1MOFSA051,0
261,",,N,",SNOW,2017-10-16T00:00:00,GHCND:US1MOFSA051,0
262,",,7,0700",PRCP,2017-10-16T00:00:00,GHCND:USC00234271,0
263,",,7,",SNOW,2017-10-16T00:00:00,GHCND:USC00234271,0
264,",,7,",SNWD,2017-10-16T00:00:00,GHCND:USC00234271,0
265,",,7,0700",TMAX,2017-10-16T00:00:00,GHCND:USC00234271,167
266,",,7,0700",TMIN,2017-10-16T00:00:00,GHCND:USC00234271,50
267,",,7,0700",TOBS,2017-10-16T00:00:00,GHCND:USC00234271,56
268,",,W,",AWND,2017-10-16T00:00:00,GHCND:USW00003963,10
269,",,W,",PRCP,2017-10-16T00:00:00,GHCND:USW00003963,0
270,",,W,",SNOW,2017-10-16T00:00:00,GHCND:USW00003963,0
271,",,W,",SNWD,2017-10-16T00:00:00,GHCND:USW00003963,0
272,",,W,",TMAX,2017-10-16T00:00:00,GHCND:USW00003963,200
273,",,W,",TMIN,2017-10-16T00:00:00,GHCND:USW00003963,39
274,",,W,",WDF2,2017-10-16T00:00:00,GHCND:USW00003963,270
275,",,W,",WDF5,2017-10-16T00:00:00,GHCND:USW00003963,260
276,",,W,",WSF2,2017-10-16T00:00:00,GHCND:USW00003963,45
277,",,W,",WSF5,2017-10-16T00:00:00,GHCND:USW00003963,63
278,",,W,",WT01,2017-10-16T00:00:00,GHCND:USW00003963,1
279,",,W,",WT02,2017-10-16T00:00:00,GHCND:USW00003963,1
280,",,W,",WT08,2017-10-16T00:00:00,GHCND:USW00003963,1
281,",,N,",PRCP,2017-10-17T00:00:00,GHCND:US1MOBN0007,0
282,",,N,",SNOW,2017-10-17T00:00:00,GHCND:US1MOBN0007,0
283,",,N,",PRCP,2017-10-17T00:00:00,GHCND:US1MOBN0032,0
284,",,N,",SNOW,2017-10-17T00:00:00,GHCND:US1MOBN0032,0
285,",,N,",PRCP,2017-10-17T00:00:00,GHCND:US1MOCE0007,0
286,",,N,",SNOW,2017-10-17T00:00:00,GHCND:US1MOCE0007,0
287,",,N,",PRCP,2017-10-17T00:00:00,GHCND:US1MOCE0017,0
288,",,N,",SNOW,2017-10-17T00:00:00,GHCND:US1MOCE0017,0
289,",,N,",SNWD,2017-10-17T00:00:00,GHCND:US1MOCE0017,0
290,",,N,",WESD,2017-10-17T00:00:00,GHCND:US1MOCE0017,0
291,",,N,",WESF,2017-10-17T00:00:00,GHCND:US1MOCE0017,0
292,",,N,",PRCP,2017-10-17T00:00:00,GHCND:US1MOCW0009,0
293,",,N,",SNOW,2017-10-17T00:00:00,GHCND:US1MOCW0009,0
294,",,N,",PRCP,2017-10-17T00:00:00,GHCND:US1MOCW0012,0
295,",,N,",PRCP,2017-10-17T00:00:00,GHCND:US1MOFSA051,0
296,",,N,",SNOW,2017-10-17T00:00:00,GHCND:US1MOFSA051,0
297,",,7,0700",PRCP,2017-10-17T00:00:00,GHCND:USC00234271,0
298,",,7,",SNOW,2017-10-17T00:00:00,GHCND:USC00234271,0
299,",,7,",SNWD,2017-10-17T00:00:00,GHCND:USC00234271,0
300,",,7,0700",TMAX,2017-10-17T00:00:00,GHCND:USC00234271,200
301,",,7,0700",TMIN,2017-10-17T00:00:00,GHCND:USC00234271,56
302,",,7,0700",TOBS,2017-10-17T00:00:00,GHCND:USC00234271,72
303,",,W,",AWND,2017-10-17T00:00:00,GHCND:USW00003963,28
304,",,W,",PRCP,2017-10-17T00:00:00,GHCND:USW00003963,0
305,",,W,",SNOW,2017-10-17T00:00:00,GHCND:USW00003963,0
306,",,W,",SNWD,2017-10-17T00:00:00,GHCND:USW00003963,0
307,",,W,",TMAX,2017-10-17T00:00:00,GHCND:USW00003963,217
308,",,W,",TMIN,2017-10-17T00:00:00,GHCND:USW00003963,50
309,",,W,",WDF2,2017-10-17T00:00:00,GHCND:USW00003963,180
310,",,W,",WDF5,2017-10-17T00:00:00,GHCND:USW00003963,210
311,",,W,",WSF2,2017-10-17T00:00:00,GHCND:USW00003963,63
312,",,W,",WSF5,2017-10-17T00:00:00,GHCND:USW00003963,85
313,",,N,",PRCP,2017-10-18T00:00:00,GHCND:US1MOBN0007,0
314,",,N,",SNOW,2017-10-18T00:00:00,GHCND:US1MOBN0007,0
315,",,N,",PRCP,2017-10-18T00:00:00,GHCND:US1MOBN0032,0
316,",,N,",SNOW,2017-10-18T00:00:00,GHCND:US1MOBN0032,0
317,",,N,",PRCP,2017-10-18T00:00:00,GHCND:US1MOCE0007,0
318,",,N,",SNOW,2017-10-18T00:00:00,GHCND:US1MOCE0007,0
319,",,N,",PRCP,2017-10-18T00:00:00,GHCND:US1MOCE0009,0
320,",,N,",SNOW,2017-10-18T00:00:00,GHCND:US1MOCE0009,0
321,",,N,",PRCP,2017-10-18T00:00:00,GHCND:US1MOCW0009,0
322,",,N,",SNOW,2017-10-18T00:00:00,GHCND:US1MOCW0009,0
323,",,N,",PRCP,2017-10-18T00:00:00,GHCND:US1MOCW0012,0
324,",,N,",PRCP,2017-10-18T00:00:00,GHCND:US1MOFSA051,0
325,",,N,",SNOW,2017-10-18T00:00:00,GHCND:US1MOFSA051,0
326,",,7,0700",PRCP,2017-10-18T00:00:00,GHCND:USC00234271,0
327,",,7,",SNOW,2017-10-18T00:00:00,GHCND:USC00234271,0
328,",,7,",SNWD,2017-10-18T00:00:00,GHCND:USC00234271,0
329,",,7,0700",TMAX,2017-10-18T00:00:00,GHCND:USC00234271,217
330,",,7,0700",TMIN,2017-10-18T00:00:00,GHCND:USC00234271,72
331,",,7,0700",TOBS,2017-10-18T00:00:00,GHCND:USC00234271,122
332,",,W,",AWND,2017-10-18T00:00:00,GHCND:USW00003963,26
333,",,W,",PRCP,2017-10-18T00:00:00,GHCND:USW00003963,0
334,",,W,",SNOW,2017-10-18T00:00:00,GHCND:USW00003963,0
335,",,W,",SNWD,2017-10-18T00:00:00,GHCND:USW00003963,0
336,",,W,",TMAX,2017-10-18T00:00:00,GHCND:USW00003963,239
337,",,W,",TMIN,2017-10-18T00:00:00,GHCND:USW00003963,61
338,",,W,",WDF2,2017-10-18T00:00:00,GHCND:USW00003963,160
339,",,W,",WDF5,2017-10-18T00:00:00,GHCND:USW00003963,180
340,",,W,",WSF2,2017-10-18T00:00:00,GHCND:USW00003963,63
341,",,W,",WSF5,2017-10-18T00:00:00,GHCND:USW00003963,81
342,",,N,",PRCP,2017-10-19T00:00:00,GHCND:US1MOBN0007,0
343,",,N,",SNOW,2017-10-19T00:00:00,GHCND:US1MOBN0007,0
344,",,N,",PRCP,2017-10-19T00:00:00,GHCND:US1MOBN0032,0
345,",,N,",SNOW,2017-10-19T00:00:00,GHCND:US1MOBN0032,0
346,",,N,",PRCP,2017-10-19T00:00:00,GHCND:US1MOCE0007,0
347,",,N,",SNOW,2017-10-19T00:00:00,GHCND:US1MOCE0007,0
348,",,N,",PRCP,2017-10-19T00:00:00,GHCND:US1MOCE0009,0
349,",,N,",SNOW,2017-10-19T00:00:00,GHCND:US1MOCE0009,0
350,",,N,",PRCP,2017-10-19T00:00:00,GHCND:US1MOCE0017,0
351,",,N,",SNOW,2017-10-19T00:00:00,GHCND:US1MOCE0017,0
352,",,N,",SNWD,2017-10-19T00:00:00,GHCND:US1MOCE0017,0
353,",,N,",WESD,2017-10-19T00:00:00,GHCND:US1MOCE0017,0
354,",,N,",WESF,2017-10-19T00:00:00,GHCND:US1MOCE0017,0
355,",,N,",PRCP,2017-10-19T00:00:00,GHCND:US1MOCW0009,0
356,",,N,",SNOW,2017-10-19T00:00:00,GHCND:US1MOCW0009,0
357,",,N,",PRCP,2017-10-19T00:00:00,GHCND:US1MOCW0012,0
358,",,N,",PRCP,2017-10-19T00:00:00,GHCND:US1MOFSA051,0
359,",,N,",SNOW,2017-10-19T00:00:00,GHCND:US1MOFSA051,0
360,",,7,0700",PRCP,2017-10-19T00:00:00,GHCND:USC00234271,0
361,",,7,",SNOW,2017-10-19T00:00:00,GHCND:USC00234271,0
362,",,7,",SNWD,2017-10-19T00:00:00,GHCND:USC00234271,0
363,",,7,0700",TMAX,2017-10-19T00:00:00,GHCND:USC00234271,239
364,",,7,0700",TMIN,2017-10-19T00:00:00,GHCND:USC00234271,83
365,",,7,0700",TOBS,2017-10-19T00:00:00,GHCND:USC00234271,111
366,",,W,",AWND,2017-10-19T00:00:00,GHCND:USW00003963,17
367,",,W,",PRCP,2017-10-19T00:00:00,GHCND:USW00003963,0
368,",,W,",SNOW,2017-10-19T00:00:00,GHCND:USW00003963,0
369,",,W,",SNWD,2017-10-19T00:00:00,GHCND:USW00003963,0
370,",,W,",TMAX,2017-10-19T00:00:00,GHCND:USW00003963,267
371,",,W,",TMIN,2017-10-19T00:00:00,GHCND:USW00003963,83
372,",,W,",WDF2,2017-10-19T00:00:00,GHCND:USW00003963,180
373,",,W,",WDF5,2017-10-19T00:00:00,GHCND:USW00003963,260
374,",,W,",WSF2,2017-10-19T00:00:00,GHCND:USW00003963,54
375,",,W,",WSF5,2017-10-19T00:00:00,GHCND:USW00003963,72
376,",,N,",PRCP,2017-10-20T00:00:00,GHCND:US1MOBN0007,0
377,",,N,",SNOW,2017-10-20T00:00:00,GHCND:US1MOBN0007,0
378,",,N,",PRCP,2017-10-20T00:00:00,GHCND:US1MOBN0032,0
379,",,N,",SNOW,2017-10-20T00:00:00,GHCND:US1MOBN0032,0
380,",,N,",PRCP,2017-10-20T00:00:00,GHCND:US1MOCE0007,0
381,",,N,",SNOW,2017-10-20T00:00:00,GHCND:US1MOCE0007,0
382,",,N,",PRCP,2017-10-20T00:00:00,GHCND:US1MOCE0009,0
383,",,N,",SNOW,2017-10-20T00:00:00,GHCND:US1MOCE0009,0
384,",,N,",PRCP,2017-10-20T00:00:00,GHCND:US1MOCE0017,0
385,",,N,",SNOW,2017-10-20T00:00:00,GHCND:US1MOCE0017,0
386,",,N,",SNWD,2017-10-20T00:00:00,GHCND:US1MOCE0017,0
387,",,N,",WESD,2017-10-20T00:00:00,GHCND:US1MOCE0017,0
388,",,N,",WESF,2017-10-20T00:00:00,GHCND:US1MOCE0017,0
389,",,N,",PRCP,2017-10-20T00:00:00,GHCND:US1MOCW0009,0
390,",,N,",SNOW,2017-10-20T00:00:00,GHCND:US1MOCW0009,0
391,",,N,",PRCP,2017-10-20T00:00:00,GHCND:US1MOCW0012,0
392,",,N,",PRCP,2017-10-20T00:00:00,GHCND:US1MOFSA051,0
393,",,N,",SNOW,2017-10-20T00:00:00,GHCND:US1MOFSA051,0
394,",,7,0700",PRCP,2017-10-20T00:00:00,GHCND:USC00234271,0
395,",,7,",SNOW,2017-10-20T00:00:00,GHCND:USC00234271,0
396,",,7,",SNWD,2017-10-20T00:00:00,GHCND:USC00234271,0
397,",,7,0700",TMAX,2017-10-20T00:00:00,GHCND:USC00234271,267
398,",,7,0700",TMIN,2017-10-20T00:00:00,GHCND:USC00234271,106
399,",,7,0700",TOBS,2017-10-20T00:00:00,GHCND:USC00234271,106
400,",,W,",AWND,2017-10-20T00:00:00,GHCND:USW00003963,27
401,",,W,",PRCP,2017-10-20T00:00:00,GHCND:USW00003963,0
402,",,W,",SNOW,2017-10-20T00:00:00,GHCND:USW00003963,0
403,",,W,",SNWD,2017-10-20T00:00:00,GHCND:USW00003963,0
404,",,W,",TMAX,2017-10-20T00:00:00,GHCND:USW00003963,239
405,",,W,",TMIN,2017-10-20T00:00:00,GHCND:USW00003963,72
406,",,W,",WDF2,2017-10-20T00:00:00,GHCND:USW00003963,150
407,",,W,",WDF5,2017-10-20T00:00:00,GHCND:USW00003963,160
408,",,W,",WSF2,2017-10-20T00:00:00,GHCND:USW00003963,67
409,",,W,",WSF5,2017-10-20T00:00:00,GHCND:USW00003963,89
410,",,W,",WT01,2017-10-20T00:00:00,GHCND:USW00003963,1
411,",,N,",PRCP,2017-10-21T00:00:00,GHCND:US1MOBN0007,5
412,",,N,",PRCP,2017-10-21T00:00:00,GHCND:US1MOBN0032,0
413,",,N,",SNOW,2017-10-21T00:00:00,GHCND:US1MOBN0032,0
414,",,N,",PRCP,2017-10-21T00:00:00,GHCND:US1MOCE0007,0
415,",,N,",SNOW,2017-10-21T00:00:00,GHCND:US1MOCE0007,0
416,",,N,",PRCP,2017-10-21T00:00:00,GHCND:US1MOCE0009,0
417,",,N,",SNOW,2017-10-21T00:00:00,GHCND:US1MOCE0009,0
418,",,N,",PRCP,2017-10-21T00:00:00,GHCND:US1MOCE0017,0
419,",,N,",SNOW,2017-10-21T00:00:00,GHCND:US1MOCE0017,0
420,",,N,",SNWD,2017-10-21T00:00:00,GHCND:US1MOCE0017,0
421,",,N,",WESD,2017-10-21T00:00:00,GHCND:US1MOCE0017,0
422,",,N,",WESF,2017-10-21T00:00:00,GHCND:US1MOCE0017,0
423,",,N,",PRCP,2017-10-21T00:00:00,GHCND:US1MOCW0009,0
424,",,N,",SNOW,2017-10-21T00:00:00,GHCND:US1MOCW0009,0
425,",,N,",PRCP,2017-10-21T00:00:00,GHCND:US1MOCW0012,0
426,",,N,",PRCP,2017-10-21T00:00:00,GHCND:US1MOFSA051,0
427,",,N,",SNOW,2017-10-21T00:00:00,GHCND:US1MOFSA051,0
428,",,7,0700",PRCP,2017-10-21T00:00:00,GHCND:USC00234271,0
429,",,7,",SNOW,2017-10-21T00:00:00,GHCND:USC00234271,0
430,",,7,",SNWD,2017-10-21T00:00:00,GHCND:USC00234271,0
431,",,7,0700",TMAX,2017-10-21T00:00:00,GHCND:USC00234271,233
432,",,7,0700",TMIN,2017-10-21T00:00:00,GHCND:USC00234271,106
433,",,7,0700",TOBS,2017-10-21T00:00:00,GHCND:USC00234271,178
434,",,W,",AWND,2017-10-21T00:00:00,GHCND:USW00003963,48
435,",,W,",PRCP,2017-10-21T00:00:00,GHCND:USW00003963,5
436,",,W,",SNOW,2017-10-21T00:00:00,GHCND:USW00003963,0
437,",,W,",SNWD,2017-10-21T00:00:00,GHCND:USW00003963,0
438,",,W,",TMAX,2017-10-21T00:00:00,GHCND:USW00003963,261
439,",,W,",TMIN,2017-10-21T00:00:00,GHCND:USW00003963,167
440,",,W,",WDF2,2017-10-21T00:00:00,GHCND:USW00003963,180
441,",,W,",WDF5,2017-10-21T00:00:00,GHCND:USW00003963,160
442,",,W,",WSF2,2017-10-21T00:00:00,GHCND:USW00003963,98
443,",,W,",WSF5,2017-10-21T00:00:00,GHCND:USW00003963,130
444,",,W,",WT01,2017-10-21T00:00:00,GHCND:USW00003963,1
445,",,W,",WT03,2017-10-21T00:00:00,GHCND:USW00003963,1
446,",,N,",PRCP,2017-10-22T00:00:00,GHCND:US1MOBN0007,145
447,",,N,",PRCP,2017-10-22T00:00:00,GHCND:US1MOBN0032,124
448,",,N,",PRCP,2017-10-22T00:00:00,GHCND:US1MOCE0007,102
449,",,N,",PRCP,2017-10-22T00:00:00,GHCND:US1MOCE0009,114
450,",,N,",PRCP,2017-10-22T00:00:00,GHCND:US1MOCE0017,135
451,",,N,",SNOW,2017-10-22T00:00:00,GHCND:US1MOCE0017,0
452,",,N,",SNWD,2017-10-22T00:00:00,GHCND:US1MOCE0017,0
453,",,N,",WESD,2017-10-22T00:00:00,GHCND:US1MOCE0017,0
454,",,N,",WESF,2017-10-22T00:00:00,GHCND:US1MOCE0017,0
455,",,N,",PRCP,2017-10-22T00:00:00,GHCND:US1MOCW0009,140
456,",,N,",PRCP,2017-10-22T00:00:00,GHCND:US1MOCW0012,117
457,",,N,",PRCP,2017-10-22T00:00:00,GHCND:US1MOCW0017,71
458,",,N,",PRCP,2017-10-22T00:00:00,GHCND:US1MOFSA051,137
459,",,7,0700",PRCP,2017-10-22T00:00:00,GHCND:USC00234271,102
460,",,7,",SNOW,2017-10-22T00:00:00,GHCND:USC00234271,0
461,",,7,",SNWD,2017-10-22T00:00:00,GHCND:USC00234271,0
462,",,7,0700",TMAX,2017-10-22T00:00:00,GHCND:USC00234271,267
463,",,7,0700",TMIN,2017-10-22T00:00:00,GHCND:USC00234271,122
464,",,7,0700",TOBS,2017-10-22T00:00:00,GHCND:USC00234271,122
465,",,7,",WT03,2017-10-22T00:00:00,GHCND:USC00234271,1
466,",,W,",AWND,2017-10-22T00:00:00,GHCND:USW00003963,26
467,",,W,",PRCP,2017-10-22T00:00:00,GHCND:USW00003963,112
468,",,W,",SNOW,2017-10-22T00:00:00,GHCND:USW00003963,0
469,",,W,",SNWD,2017-10-22T00:00:00,GHCND:USW00003963,0
470,",,W,",TMAX,2017-10-22T00:00:00,GHCND:USW00003963,206
471,",,W,",TMIN,2017-10-22T00:00:00,GHCND:USW00003963,111
472,",,W,",WDF2,2017-10-22T00:00:00,GHCND:USW00003963,300
473,",,W,",WDF5,2017-10-22T00:00:00,GHCND:USW00003963,300
474,",,W,",WSF2,2017-10-22T00:00:00,GHCND:USW00003963,107
475,",,W,",WSF5,2017-10-22T00:00:00,GHCND:USW00003963,139
476,",,W,",WT01,2017-10-22T00:00:00,GHCND:USW00003963,1
477,",,W,",WT03,2017-10-22T00:00:00,GHCND:USW00003963,1
478,",,N,",PRCP,2017-10-23T00:00:00,GHCND:US1MOBN0007,25
479,",,N,",PRCP,2017-10-23T00:00:00,GHCND:US1MOBN0032,28
480,",,N,",PRCP,2017-10-23T00:00:00,GHCND:US1MOCE0007,36
481,",,N,",PRCP,2017-10-23T00:00:00,GHCND:US1MOCE0009,33
482,",,N,",PRCP,2017-10-23T00:00:00,GHCND:US1MOCE0017,58
483,",,N,",SNOW,2017-10-23T00:00:00,GHCND:US1MOCE0017,0
484,",,N,",SNWD,2017-10-23T00:00:00,GHCND:US1MOCE0017,0
485,",,N,",WESD,2017-10-23T00:00:00,GHCND:US1MOCE0017,0
486,",,N,",WESF,2017-10-23T00:00:00,GHCND:US1MOCE0017,0
487,",,N,",PRCP,2017-10-23T00:00:00,GHCND:US1MOCW0009,28
488,",,N,",PRCP,2017-10-23T00:00:00,GHCND:US1MOCW0012,25
489,",,N,",PRCP,2017-10-23T00:00:00,GHCND:US1MOFSA051,61
490,",,7,0700",PRCP,2017-10-23T00:00:00,GHCND:USC00234271,38
491,",,7,",SNOW,2017-10-23T00:00:00,GHCND:USC00234271,0
492,",,7,",SNWD,2017-10-23T00:00:00,GHCND:USC00234271,0
493,",,7,0700",TMAX,2017-10-23T00:00:00,GHCND:USC00234271,128
494,",,7,0700",TMIN,2017-10-23T00:00:00,GHCND:USC00234271,89
495,",,7,0700",TOBS,2017-10-23T00:00:00,GHCND:USC00234271,89
496,",,W,",AWND,2017-10-23T00:00:00,GHCND:USW00003963,37
497,",,W,",PRCP,2017-10-23T00:00:00,GHCND:USW00003963,0
498,",,W,",SNOW,2017-10-23T00:00:00,GHCND:USW00003963,0
499,",,W,",SNWD,2017-10-23T00:00:00,GHCND:USW00003963,0
500,",,W,",TMAX,2017-10-23T00:00:00,GHCND:USW00003963,206
501,",,W,",TMIN,2017-10-23T00:00:00,GHCND:USW00003963,78
502,",,W,",WDF2,2017-10-23T00:00:00,GHCND:USW00003963,280
503,",,W,",WDF5,2017-10-23T00:00:00,GHCND:USW00003963,310
504,",,W,",WSF2,2017-10-23T00:00:00,GHCND:USW00003963,98
505,",,W,",WSF5,2017-10-23T00:00:00,GHCND:USW00003963,148
506,",,N,",PRCP,2017-10-24T00:00:00,GHCND:US1MOBN0007,0
507,",,N,",SNOW,2017-10-24T00:00:00,GHCND:US1MOBN0007,0
508,"T,,N,",PRCP,2017-10-24T00:00:00,GHCND:US1MOBN0032,0
509,",,N,",PRCP,2017-10-24T00:00:00,GHCND:US1MOCE0007,3
510,"T,,N,",PRCP,2017-10-24T00:00:00,GHCND:US1MOCE0009,0
511,",,N,",PRCP,2017-10-24T00:00:00,GHCND:US1MOCE0017,0
512,",,N,",SNOW,2017-10-24T00:00:00,GHCND:US1MOCE0017,0
513,",,N,",SNWD,2017-10-24T00:00:00,GHCND:US1MOCE0017,0
514,",,N,",WESD,2017-10-24T00:00:00,GHCND:US1MOCE0017,0
515,",,N,",WESF,2017-10-24T00:00:00,GHCND:US1MOCE0017,0
516,",,N,",PRCP,2017-10-24T00:00:00,GHCND:US1MOCW0009,0
517,",,N,",SNOW,2017-10-24T00:00:00,GHCND:US1MOCW0009,0
518,",,N,",PRCP,2017-10-24T00:00:00,GHCND:US1MOCW0012,0
519,",,N,",PRCP,2017-10-24T00:00:00,GHCND:US1MOFSA051,8
520,",,7,0700",PRCP,2017-10-24T00:00:00,GHCND:USC00234271,0
521,",,7,",SNOW,2017-10-24T00:00:00,GHCND:USC00234271,0
522,",,7,",SNWD,2017-10-24T00:00:00,GHCND:USC00234271,0
523,",,7,0700",TMAX,2017-10-24T00:00:00,GHCND:USC00234271,211
524,",,7,0700",TMIN,2017-10-24T00:00:00,GHCND:USC00234271,83
525,",,7,0700",TOBS,2017-10-24T00:00:00,GHCND:USC00234271,89
526,",,W,",AWND,2017-10-24T00:00:00,GHCND:USW00003963,55
527,",,W,",PRCP,2017-10-24T00:00:00,GHCND:USW00003963,3
528,",,W,",SNOW,2017-10-24T00:00:00,GHCND:USW00003963,0
529,",,W,",SNWD,2017-10-24T00:00:00,GHCND:USW00003963,0
530,",,W,",TMAX,2017-10-24T00:00:00,GHCND:USW00003963,133
531,",,W,",TMIN,2017-10-24T00:00:00,GHCND:USW00003963,50
532,",,W,",WDF2,2017-10-24T00:00:00,GHCND:USW00003963,300
533,",,W,",WDF5,2017-10-24T00:00:00,GHCND:USW00003963,290
534,",,W,",WSF2,2017-10-24T00:00:00,GHCND:USW00003963,157
535,",,W,",WSF5,2017-10-24T00:00:00,GHCND:USW00003963,201
536,",,N,",PRCP,2017-10-25T00:00:00,GHCND:US1MOBN0007,13
537,",,N,",PRCP,2017-10-25T00:00:00,GHCND:US1MOBN0032,15
538,"T,,N,",PRCP,2017-10-25T00:00:00,GHCND:US1MOCE0007,0
539,",,N,",PRCP,2017-10-25T00:00:00,GHCND:US1MOCE0009,5
540,",,N,",SNOW,2017-10-25T00:00:00,GHCND:US1MOCE0009,0
541,",,N,",PRCP,2017-10-25T00:00:00,GHCND:US1MOCE0017,0
542,",,N,",SNOW,2017-10-25T00:00:00,GHCND:US1MOCE0017,0
543,",,N,",SNWD,2017-10-25T00:00:00,GHCND:US1MOCE0017,0
544,",,N,",WESD,2017-10-25T00:00:00,GHCND:US1MOCE0017,0
545,",,N,",WESF,2017-10-25T00:00:00,GHCND:US1MOCE0017,0
546,",,N,",PRCP,2017-10-25T00:00:00,GHCND:US1MOCW0009,10
547,",,N,",PRCP,2017-10-25T00:00:00,GHCND:US1MOCW0012,8
548,",,N,",PRCP,2017-10-25T00:00:00,GHCND:US1MOFSA051,8
549,",,7,0700",PRCP,2017-10-25T00:00:00,GHCND:USC00234271,8
550,",,7,",SNOW,2017-10-25T00:00:00,GHCND:USC00234271,0
551,",,7,",SNWD,2017-10-25T00:00:00,GHCND:USC00234271,0
552,",,7,0700",TMAX,2017-10-25T00:00:00,GHCND:USC00234271,128
553,",,7,0700",TMIN,2017-10-25T00:00:00,GHCND:USC00234271,33
554,",,7,0700",TOBS,2017-10-25T00:00:00,GHCND:USC00234271,33
555,",,W,",AWND,2017-10-25T00:00:00,GHCND:USW00003963,26
556,",,W,",PRCP,2017-10-25T00:00:00,GHCND:USW00003963,0
557,",,W,",SNOW,2017-10-25T00:00:00,GHCND:USW00003963,0
558,",,W,",SNWD,2017-10-25T00:00:00,GHCND:USW00003963,0
559,",,W,",TMAX,2017-10-25T00:00:00,GHCND:USW00003963,211
560,",,W,",TMIN,2017-10-25T00:00:00,GHCND:USW00003963,22
561,",,W,",WDF2,2017-10-25T00:00:00,GHCND:USW00003963,280
562,",,W,",WDF5,2017-10-25T00:00:00,GHCND:USW00003963,270
563,",,W,",WSF2,2017-10-25T00:00:00,GHCND:USW00003963,103
564,",,W,",WSF5,2017-10-25T00:00:00,GHCND:USW00003963,139
565,",,N,",PRCP,2017-10-26T00:00:00,GHCND:US1MOBN0007,0
566,",,N,",SNOW,2017-10-26T00:00:00,GHCND:US1MOBN0007,0
567,",,N,",PRCP,2017-10-26T00:00:00,GHCND:US1MOBN0032,0
568,",,N,",SNOW,2017-10-26T00:00:00,GHCND:US1MOBN0032,0
569,",,N,",PRCP,2017-10-26T00:00:00,GHCND:US1MOCE0007,0
570,",,N,",SNOW,2017-10-26T00:00:00,GHCND:US1MOCE0007,0
571,",,N,",PRCP,2017-10-26T00:00:00,GHCND:US1MOCE0009,0
572,",,N,",SNOW,2017-10-26T00:00:00,GHCND:US1MOCE0009,0
573,",,N,",PRCP,2017-10-26T00:00:00,GHCND:US1MOCE0017,0
574,",,N,",SNOW,2017-10-26T00:00:00,GHCND:US1MOCE0017,0
575,",,N,",SNWD,2017-10-26T00:00:00,GHCND:US1MOCE0017,0
576,",,N,",WESD,2017-10-26T00:00:00,GHCND:US1MOCE0017,0
577,",,N,",WESF,2017-10-26T00:00:00,GHCND:US1MOCE0017,0
578,",,N,",PRCP,2017-10-26T00:00:00,GHCND:US1MOCW0009,0
579,",,N,",SNOW,2017-10-26T00:00:00,GHCND:US1MOCW0009,0
580,",,N,",PRCP,2017-10-26T00:00:00,GHCND:US1MOCW0012,0
581,",,N,",PRCP,2017-10-26T00:00:00,GHCND:US1MOFSA051,0
582,",,N,",SNOW,2017-10-26T00:00:00,GHCND:US1MOFSA051,0
583,",,7,0700",PRCP,2017-10-26T00:00:00,GHCND:USC00234271,0
584,",,7,",SNOW,2017-10-26T00:00:00,GHCND:USC00234271,0
585,",,7,",SNWD,2017-10-26T00:00:00,GHCND:USC00234271,0
586,",,7,0700",TMAX,2017-10-26T00:00:00,GHCND:USC00234271,206
587,",,7,0700",TMIN,2017-10-26T00:00:00,GHCND:USC00234271,33
588,",,7,0700",TOBS,2017-10-26T00:00:00,GHCND:USC00234271,83
589,",,W,",AWND,2017-10-26T00:00:00,GHCND:USW00003963,45
590,",,W,",PRCP,2017-10-26T00:00:00,GHCND:USW00003963,0
591,",,W,",SNOW,2017-10-26T00:00:00,GHCND:USW00003963,0
592,",,W,",SNWD,2017-10-26T00:00:00,GHCND:USW00003963,0
593,",,W,",TMAX,2017-10-26T00:00:00,GHCND:USW00003963,283
594,",,W,",TMIN,2017-10-26T00:00:00,GHCND:USW00003963,50
595,",,W,",WDF2,2017-10-26T00:00:00,GHCND:USW00003963,230
596,",,W,",WDF5,2017-10-26T00:00:00,GHCND:USW00003963,230
597,",,W,",WSF2,2017-10-26T00:00:00,GHCND:USW00003963,94
598,",,W,",WSF5,2017-10-26T00:00:00,GHCND:USW00003963,121
599,",,N,",PRCP,2017-10-27T00:00:00,GHCND:US1MOBN0007,0
600,",,N,",SNOW,2017-10-27T00:00:00,GHCND:US1MOBN0007,0
601,",,N,",PRCP,2017-10-27T00:00:00,GHCND:US1MOBN0032,0
602,",,N,",SNOW,2017-10-27T00:00:00,GHCND:US1MOBN0032,0
603,",,N,",PRCP,2017-10-27T00:00:00,GHCND:US1MOCE0007,0
604,",,N,",SNOW,2017-10-27T00:00:00,GHCND:US1MOCE0007,0
605,",,N,",PRCP,2017-10-27T00:00:00,GHCND:US1MOCE0009,0
606,",,N,",SNOW,2017-10-27T00:00:00,GHCND:US1MOCE0009,0
607,",,N,",PRCP,2017-10-27T00:00:00,GHCND:US1MOCE0017,0
608,",,N,",SNOW,2017-10-27T00:00:00,GHCND:US1MOCE0017,0
609,",,N,",SNWD,2017-10-27T00:00:00,GHCND:US1MOCE0017,0
610,",,N,",WESD,2017-10-27T00:00:00,GHCND:US1MOCE0017,0
611,",,N,",WESF,2017-10-27T00:00:00,GHCND:US1MOCE0017,0
612,",,N,",PRCP,2017-10-27T00:00:00,GHCND:US1MOCW0009,0
613,",,N,",SNOW,2017-10-27T00:00:00,GHCND:US1MOCW0009,0
614,",,N,",PRCP,2017-10-27T00:00:00,GHCND:US1MOCW0012,0
615,",,N,",PRCP,2017-10-27T00:00:00,GHCND:US1MOFSA051,0
616,",,N,",SNOW,2017-10-27T00:00:00,GHCND:US1MOFSA051,0
617,",,7,0700",PRCP,2017-10-27T00:00:00,GHCND:USC00234271,0
618,",,7,",SNOW,2017-10-27T00:00:00,GHCND:USC00234271,0
619,",,7,",SNWD,2017-10-27T00:00:00,GHCND:USC00234271,0
620,",,7,0700",TMAX,2017-10-27T00:00:00,GHCND:USC00234271,278
621,",,7,0700",TMIN,2017-10-27T00:00:00,GHCND:USC00234271,44
622,",,7,0700",TOBS,2017-10-27T00:00:00,GHCND:USC00234271,44
623,",,W,",AWND,2017-10-27T00:00:00,GHCND:USW00003963,59
624,",,W,",PRCP,2017-10-27T00:00:00,GHCND:USW00003963,0
625,",,W,",SNOW,2017-10-27T00:00:00,GHCND:USW00003963,0
626,",,W,",SNWD,2017-10-27T00:00:00,GHCND:USW00003963,0
627,",,W,",TMAX,2017-10-27T00:00:00,GHCND:USW00003963,106
628,",,W,",TMIN,2017-10-27T00:00:00,GHCND:USW00003963,39
629,",,W,",WDF2,2017-10-27T00:00:00,GHCND:USW00003963,310
630,",,W,",WDF5,2017-10-27T00:00:00,GHCND:USW00003963,320
631,",,W,",WSF2,2017-10-27T00:00:00,GHCND:USW00003963,98
632,",,W,",WSF5,2017-10-27T00:00:00,GHCND:USW00003963,139
633,",,N,",PRCP,2017-10-28T00:00:00,GHCND:US1MOBN0007,0
634,",,N,",SNOW,2017-10-28T00:00:00,GHCND:US1MOBN0007,0
635,",,N,",PRCP,2017-10-28T00:00:00,GHCND:US1MOBN0032,0
636,",,N,",SNOW,2017-10-28T00:00:00,GHCND:US1MOBN0032,0
637,",,N,",PRCP,2017-10-28T00:00:00,GHCND:US1MOCE0007,0
638,",,N,",SNOW,2017-10-28T00:00:00,GHCND:US1MOCE0007,0
639,",,N,",PRCP,2017-10-28T00:00:00,GHCND:US1MOCE0009,3
640,",,N,",PRCP,2017-10-28T00:00:00,GHCND:US1MOCE0017,0
641,",,N,",SNOW,2017-10-28T00:00:00,GHCND:US1MOCE0017,0
642,",,N,",SNWD,2017-10-28T00:00:00,GHCND:US1MOCE0017,0
643,",,N,",WESD,2017-10-28T00:00:00,GHCND:US1MOCE0017,0
644,",,N,",WESF,2017-10-28T00:00:00,GHCND:US1MOCE0017,0
645,",,N,",PRCP,2017-10-28T00:00:00,GHCND:US1MOCW0009,0
646,",,N,",SNOW,2017-10-28T00:00:00,GHCND:US1MOCW0009,0
647,",,N,",PRCP,2017-10-28T00:00:00,GHCND:US1MOCW0012,0
648,",,N,",PRCP,2017-10-28T00:00:00,GHCND:US1MOFSA051,0
649,",,N,",SNOW,2017-10-28T00:00:00,GHCND:US1MOFSA051,0
650,",,7,0700",PRCP,2017-10-28T00:00:00,GHCND:USC00234271,0
651,",,7,",SNOW,2017-10-28T00:00:00,GHCND:USC00234271,0
652,",,7,",SNWD,2017-10-28T00:00:00,GHCND:USC00234271,0
653,",,7,0700",TMAX,2017-10-28T00:00:00,GHCND:USC00234271,50
654,",,7,0700",TMIN,2017-10-28T00:00:00,GHCND:USC00234271,-28
655,",,7,0700",TOBS,2017-10-28T00:00:00,GHCND:USC00234271,-17
656,",,W,",AWND,2017-10-28T00:00:00,GHCND:USW00003963,28
657,",,W,",PRCP,2017-10-28T00:00:00,GHCND:USW00003963,0
658,",,W,",SNOW,2017-10-28T00:00:00,GHCND:USW00003963,0
659,",,W,",SNWD,2017-10-28T00:00:00,GHCND:USW00003963,0
660,",,W,",TMAX,2017-10-28T00:00:00,GHCND:USW00003963,50
661,",,W,",TMIN,2017-10-28T00:00:00,GHCND:USW00003963,-32
662,",,W,",WDF2,2017-10-28T00:00:00,GHCND:USW00003963,310
663,",,W,",WDF5,2017-10-28T00:00:00,GHCND:USW00003963,310
664,",,W,",WSF2,2017-10-28T00:00:00,GHCND:USW00003963,67
665,",,W,",WSF5,2017-10-28T00:00:00,GHCND:USW00003963,98
666,",,W,",WT08,2017-10-28T00:00:00,GHCND:USW00003963,1
667,",,N,",PRCP,2017-10-29T00:00:00,GHCND:US1MOBN0007,0
668,",,N,",SNOW,2017-10-29T00:00:00,GHCND:US1MOBN0007,0
669,",,N,",PRCP,2017-10-29T00:00:00,GHCND:US1MOBN0032,0
670,",,N,",SNOW,2017-10-29T00:00:00,GHCND:US1MOBN0032,0
671,",,N,",PRCP,2017-10-29T00:00:00,GHCND:US1MOCE0007,0
672,",,N,",SNOW,2017-10-29T00:00:00,GHCND:US1MOCE0007,0
673,",,N,",PRCP,2017-10-29T00:00:00,GHCND:US1MOCE0017,0
674,",,N,",SNOW,2017-10-29T00:00:00,GHCND:US1MOCE0017,0
675,",,N,",SNWD,2017-10-29T00:00:00,GHCND:US1MOCE0017,0
676,",,N,",WESD,2017-10-29T00:00:00,GHCND:US1MOCE0017,0
677,",,N,",WESF,2017-10-29T00:00:00,GHCND:US1MOCE0017,0
678,",,N,",PRCP,2017-10-29T00:00:00,GHCND:US1MOCW0009,0
679,",,N,",SNOW,2017-10-29T00:00:00,GHCND:US1MOCW0009,0
680,",,N,",PRCP,2017-10-29T00:00:00,GHCND:US1MOCW0012,0
681,",,N,",PRCP,2017-10-29T00:00:00,GHCND:US1MOFSA051,0
682,",,N,",SNOW,2017-10-29T00:00:00,GHCND:US1MOFSA051,0
683,",,7,0700",PRCP,2017-10-29T00:00:00,GHCND:USC00234271,0
684,",,7,",SNOW,2017-10-29T00:00:00,GHCND:USC00234271,0
685,",,7,",SNWD,2017-10-29T00:00:00,GHCND:USC00234271,0
686,",,7,0700",TMAX,2017-10-29T00:00:00,GHCND:USC00234271,67
687,",,7,0700",TMIN,2017-10-29T00:00:00,GHCND:USC00234271,-28
688,",,7,0700",TOBS,2017-10-29T00:00:00,GHCND:USC00234271,-22
689,",,W,",AWND,2017-10-29T00:00:00,GHCND:USW00003963,22
690,",,W,",PRCP,2017-10-29T00:00:00,GHCND:USW00003963,0
691,",,W,",TMAX,2017-10-29T00:00:00,GHCND:USW00003963,139
692,",,W,",TMIN,2017-10-29T00:00:00,GHCND:USW00003963,-32
693,",,W,",WDF2,2017-10-29T00:00:00,GHCND:USW00003963,150
694,",,W,",WDF5,2017-10-29T00:00:00,GHCND:USW00003963,160
695,",,W,",WSF2,2017-10-29T00:00:00,GHCND:USW00003963,58
696,",,W,",WSF5,2017-10-29T00:00:00,GHCND:USW00003963,76
697,",,N,",PRCP,2017-10-30T00:00:00,GHCND:US1MOBN0007,3
698,",,N,",PRCP,2017-10-30T00:00:00,GHCND:US1MOBN0032,3
699,",,N,",PRCP,2017-10-30T00:00:00,GHCND:US1MOCE0007,0
700,",,N,",SNOW,2017-10-30T00:00:00,GHCND:US1MOCE0007,0
701,",,N,",PRCP,2017-10-30T00:00:00,GHCND:US1MOCE0009,0
702,",,N,",SNOW,2017-10-30T00:00:00,GHCND:US1MOCE0009,0
703,",,N,",PRCP,2017-10-30T00:00:00,GHCND:US1MOCE0017,0
704,",,N,",SNOW,2017-10-30T00:00:00,GHCND:US1MOCE0017,0
705,",,N,",SNWD,2017-10-30T00:00:00,GHCND:US1MOCE0017,0
706,",,N,",WESD,2017-10-30T00:00:00,GHCND:US1MOCE0017,0
707,",,N,",WESF,2017-10-30T00:00:00,GHCND:US1MOCE0017,0
708,"T,,N,",PRCP,2017-10-30T00:00:00,GHCND:US1MOCW0009,0
709,",,N,",PRCP,2017-10-30T00:00:00,GHCND:US1MOCW0012,0
710,",,N,",PRCP,2017-10-30T00:00:00,GHCND:US1MOFSA051,0
711,",,N,",SNOW,2017-10-30T00:00:00,GHCND:US1MOFSA051,0
712,",,7,0700",PRCP,2017-10-30T00:00:00,GHCND:USC00234271,0
713,",,7,",SNOW,2017-10-30T00:00:00,GHCND:USC00234271,0
714,",,7,",SNWD,2017-10-30T00:00:00,GHCND:USC00234271,0
715,",,7,0700",TMAX,2017-10-30T00:00:00,GHCND:USC00234271,144
716,",,7,0700",TMIN,2017-10-30T00:00:00,GHCND:USC00234271,-22
717,",,7,0700",TOBS,2017-10-30T00:00:00,GHCND:USC00234271,89
718,",,W,",AWND,2017-10-30T00:00:00,GHCND:USW00003963,37
719,"T,,W,",PRCP,2017-10-30T00:00:00,GHCND:USW00003963,0
720,",,W,",TMAX,2017-10-30T00:00:00,GHCND:USW00003963,117
721,",,W,",TMIN,2017-10-30T00:00:00,GHCND:USW00003963,28
722,",,W,",WDF2,2017-10-30T00:00:00,GHCND:USW00003963,290
723,",,W,",WDF5,2017-10-30T00:00:00,GHCND:USW00003963,280
724,",,W,",WSF2,2017-10-30T00:00:00,GHCND:USW00003963,98
725,",,W,",WSF5,2017-10-30T00:00:00,GHCND:USW00003963,130
726,",,N,",PRCP,2017-10-31T00:00:00,GHCND:US1MOBN0007,0
727,",,N,",SNOW,2017-10-31T00:00:00,GHCND:US1MOBN0007,0
728,",,N,",PRCP,2017-10-31T00:00:00,GHCND:US1MOBN0032,0
729,",,N,",SNOW,2017-10-31T00:00:00,GHCND:US1MOBN0032,0
730,"T,,N,",PRCP,2017-10-31T00:00:00,GHCND:US1MOCE0007,0
731,",,N,",PRCP,2017-10-31T00:00:00,GHCND:US1MOCE0009,0
732,",,N,",SNOW,2017-10-31T00:00:00,GHCND:US1MOCE0009,0
733,",,N,",PRCP,2017-10-31T00:00:00,GHCND:US1MOCE0017,0
734,",,N,",SNOW,2017-10-31T00:00:00,GHCND:US1MOCE0017,0
735,",,N,",SNWD,2017-10-31T00:00:00,GHCND:US1MOCE0017,0
736,",,N,",WESD,2017-10-31T00:00:00,GHCND:US1MOCE0017,0
737,",,N,",WESF,2017-10-31T00:00:00,GHCND:US1MOCE0017,0
738,"T,,N,",PRCP,2017-10-31T00:00:00,GHCND:US1MOCW0009,0
739,",,N,",PRCP,2017-10-31T00:00:00,GHCND:US1MOCW0012,0
740,",,N,",PRCP,2017-10-31T00:00:00,GHCND:US1MOFSA051,0
741,",,N,",SNOW,2017-10-31T00:00:00,GHCND:US1MOFSA051,0
742,",,7,0700",PRCP,2017-10-31T00:00:00,GHCND:USC00234271,0
743,",,7,",SNOW,2017-10-31T00:00:00,GHCND:USC00234271,0
744,",,7,",SNWD,2017-10-31T00:00:00,GHCND:USC00234271,0
745,",,7,0700",TMAX,2017-10-31T00:00:00,GHCND:USC00234271,106
746,",,7,0700",TMIN,2017-10-31T00:00:00,GHCND:USC00234271,-17
747,",,7,0700",TOBS,2017-10-31T00:00:00,GHCND:USC00234271,-11
748,",,W,",AWND,2017-10-31T00:00:00,GHCND:USW00003963,15
749,",,W,",PGTM,2017-10-31T00:00:00,GHCND:USW00003963,909
750,"T,,W,",PRCP,2017-10-31T00:00:00,GHCND:USW00003963,0
751,",,W,",TMAX,2017-10-31T00:00:00,GHCND:USW00003963,56
752,",,W,",TMIN,2017-10-31T00:00:00,GHCND:USW00003963,-38
753,",,W,",WDF2,2017-10-31T00:00:00,GHCND:USW00003963,130
754,",,W,",WDF5,2017-10-31T00:00:00,GHCND:USW00003963,280
755,",,W,",WSF2,2017-10-31T00:00:00,GHCND:USW00003963,45
756,",,W,",WSF5,2017-10-31T00:00:00,GHCND:USW00003963,58
757,",,N,",PRCP,2017-11-01T00:00:00,GHCND:US1MOBN0007,0
758,",,N,",SNOW,2017-11-01T00:00:00,GHCND:US1MOBN0007,0
759,",,N,",PRCP,2017-11-01T00:00:00,GHCND:US1MOBN0032,0
760,",,N,",SNOW,2017-11-01T00:00:00,GHCND:US1MOBN0032,0
761,",,N,",PRCP,2017-11-01T00:00:00,GHCND:US1MOCE0007,0
762,",,N,",PRCP,2017-11-01T00:00:00,GHCND:US1MOCE0009,0
763,",,N,",SNOW,2017-11-01T00:00:00,GHCND:US1MOCE0009,0
764,",,N,",PRCP,2017-11-01T00:00:00,GHCND:US1MOCE0017,0
765,",,N,",SNOW,2017-11-01T00:00:00,GHCND:US1MOCE0017,0
766,",,N,",SNWD,2017-11-01T00:00:00,GHCND:US1MOCE0017,0
767,",,N,",WESD,2017-11-01T00:00:00,GHCND:US1MOCE0017,0
768,",,N,",WESF,2017-11-01T00:00:00,GHCND:US1MOCE0017,0
769,",,N,",PRCP,2017-11-01T00:00:00,GHCND:US1MOCW0009,0
770,",,N,",SNOW,2017-11-01T00:00:00,GHCND:US1MOCW0009,0
771,",,N,",PRCP,2017-11-01T00:00:00,GHCND:US1MOCW0012,0
772,",,N,",PRCP,2017-11-01T00:00:00,GHCND:US1MOFSA051,0
773,",,N,",SNOW,2017-11-01T00:00:00,GHCND:US1MOFSA051,0
774,",,7,0700",PRCP,2017-11-01T00:00:00,GHCND:USC00234271,0
775,",,7,",SNOW,2017-11-01T00:00:00,GHCND:USC00234271,0
776,",,7,",SNWD,2017-11-01T00:00:00,GHCND:USC00234271,0
777,",,7,0700",TMAX,2017-11-01T00:00:00,GHCND:USC00234271,56
778,",,7,0700",TMIN,2017-11-01T00:00:00,GHCND:USC00234271,-17
779,",,7,0700",TOBS,2017-11-01T00:00:00,GHCND:USC00234271,28
780,",,W,",AWND,2017-11-01T00:00:00,GHCND:USW00003963,36
781,"T,,W,",PRCP,2017-11-01T00:00:00,GHCND:USW00003963,0
782,",,W,",SNOW,2017-11-01T00:00:00,GHCND:USW00003963,0
783,",,W,",SNWD,2017-11-01T00:00:00,GHCND:USW00003963,0
784,",,W,",TMAX,2017-11-01T00:00:00,GHCND:USW00003963,117
785,",,W,",TMIN,2017-11-01T00:00:00,GHCND:USW00003963,11
786,",,W,",WDF2,2017-11-01T00:00:00,GHCND:USW00003963,140
787,",,W,",WDF5,2017-11-01T00:00:00,GHCND:USW00003963,110
788,",,W,",WSF2,2017-11-01T00:00:00,GHCND:USW00003963,76
789,",,W,",WSF5,2017-11-01T00:00:00,GHCND:USW00003963,125
790,",,W,",WT01,2017-11-01T00:00:00,GHCND:USW00003963,1
791,",,N,",PRCP,2017-11-02T00:00:00,GHCND:US1MOBN0007,3
792,",,N,",PRCP,2017-11-02T00:00:00,GHCND:US1MOBN0032,5
793,",,N,",PRCP,2017-11-02T00:00:00,GHCND:US1MOCE0007,0
794,",,N,",SNOW,2017-11-02T00:00:00,GHCND:US1MOCE0007,0
795,"T,,N,",PRCP,2017-11-02T00:00:00,GHCND:US1MOCE0009,0
796,",,N,",PRCP,2017-11-02T00:00:00,GHCND:US1MOCE0017,5
797,",,N,",SNOW,2017-11-02T00:00:00,GHCND:US1MOCE0017,0
798,",,N,",SNWD,2017-11-02T00:00:00,GHCND:US1MOCE0017,0
799,",,N,",WESD,2017-11-02T00:00:00,GHCND:US1MOCE0017,0
800,",,N,",WESF,2017-11-02T00:00:00,GHCND:US1MOCE0017,0
801,",,N,",PRCP,2017-11-02T00:00:00,GHCND:US1MOCW0009,0
802,",,N,",SNOW,2017-11-02T00:00:00,GHCND:US1MOCW0009,0
803,"T,,N,",PRCP,2017-11-02T00:00:00,GHCND:US1MOCW0012,0
804,",,N,",PRCP,2017-11-02T00:00:00,GHCND:US1MOFSA051,0
805,",,N,",SNOW,2017-11-02T00:00:00,GHCND:US1MOFSA051,0
806,",,7,0700",PRCP,2017-11-02T00:00:00,GHCND:USC00234271,0
807,",,7,",SNOW,2017-11-02T00:00:00,GHCND:USC00234271,0
808,",,7,",SNWD,2017-11-02T00:00:00,GHCND:USC00234271,0
809,",,7,0700",TMAX,2017-11-02T00:00:00,GHCND:USC00234271,122
810,",,7,0700",TMIN,2017-11-02T00:00:00,GHCND:USC00234271,28
811,",,7,0700",TOBS,2017-11-02T00:00:00,GHCND:USC00234271,117
812,",,W,",AWND,2017-11-02T00:00:00,GHCND:USW00003963,34
813,"T,,W,",PRCP,2017-11-02T00:00:00,GHCND:USW00003963,0
814,",,W,",SNOW,2017-11-02T00:00:00,GHCND:USW00003963,0
815,",,W,",SNWD,2017-11-02T00:00:00,GHCND:USW00003963,0
816,",,W,",TMAX,2017-11-02T00:00:00,GHCND:USW00003963,250
817,",,W,",TMIN,2017-11-02T00:00:00,GHCND:USW00003963,89
818,",,W,",WDF2,2017-11-02T00:00:00,GHCND:USW00003963,350
819,",,W,",WDF5,2017-11-02T00:00:00,GHCND:USW00003963,360
820,",,W,",WSF2,2017-11-02T00:00:00,GHCND:USW00003963,81
821,",,W,",WSF5,2017-11-02T00:00:00,GHCND:USW00003963,107
822,",,W,",WT01,2017-11-02T00:00:00,GHCND:USW00003963,1
823,",,W,",WT02,2017-11-02T00:00:00,GHCND:USW00003963,1
824,",,W,",WT08,2017-11-02T00:00:00,GHCND:USW00003963,1
825,",,N,",PRCP,2017-11-03T00:00:00,GHCND:US1MOBN0007,0
826,",,N,",SNOW,2017-11-03T00:00:00,GHCND:US1MOBN0007,0
827,",,N,",PRCP,2017-11-03T00:00:00,GHCND:US1MOBN0032,0
828,",,N,",SNOW,2017-11-03T00:00:00,GHCND:US1MOBN0032,0
829,",,N,",PRCP,2017-11-03T00:00:00,GHCND:US1MOCE0007,0
830,",,N,",SNOW,2017-11-03T00:00:00,GHCND:US1MOCE0007,0
831,",,N,",PRCP,2017-11-03T00:00:00,GHCND:US1MOCE0009,0
832,",,N,",SNOW,2017-11-03T00:00:00,GHCND:US1MOCE0009,0
833,",,N,",PRCP,2017-11-03T00:00:00,GHCND:US1MOCE0017,0
834,",,N,",SNOW,2017-11-03T00:00:00,GHCND:US1MOCE0017,0
835,",,N,",SNWD,2017-11-03T00:00:00,GHCND:US1MOCE0017,0
836,",,N,",WESD,2017-11-03T00:00:00,GHCND:US1MOCE0017,0
837,",,N,",WESF,2017-11-03T00:00:00,GHCND:US1MOCE0017,0
838,",,N,",PRCP,2017-11-03T00:00:00,GHCND:US1MOCW0009,0
839,",,N,",SNOW,2017-11-03T00:00:00,GHCND:US1MOCW0009,0
840,",,N,",PRCP,2017-11-03T00:00:00,GHCND:US1MOCW0012,0
841,",,N,",PRCP,2017-11-03T00:00:00,GHCND:US1MOFSA051,0
842,",,N,",SNOW,2017-11-03T00:00:00,GHCND:US1MOFSA051,0
843,",,7,0700",PRCP,2017-11-03T00:00:00,GHCND:USC00234271,0
844,",,7,",SNOW,2017-11-03T00:00:00,GHCND:USC00234271,0
845,",,7,",SNWD,2017-11-03T00:00:00,GHCND:USC00234271,0
846,",,7,0700",TMAX,2017-11-03T00:00:00,GHCND:USC00234271,244
847,",,7,0700",TMIN,2017-11-03T00:00:00,GHCND:USC00234271,67
848,",,7,0700",TOBS,2017-11-03T00:00:00,GHCND:USC00234271,67
849,",,W,",AWND,2017-11-03T00:00:00,GHCND:USW00003963,39
850,",,W,",PRCP,2017-11-03T00:00:00,GHCND:USW00003963,0
851,",,W,",SNOW,2017-11-03T00:00:00,GHCND:USW00003963,0
852,",,W,",SNWD,2017-11-03T00:00:00,GHCND:USW00003963,0
853,",,W,",TMAX,2017-11-03T00:00:00,GHCND:USW00003963,161
854,",,W,",TMIN,2017-11-03T00:00:00,GHCND:USW00003963,72
855,",,W,",WDF2,2017-11-03T00:00:00,GHCND:USW00003963,110
856,",,W,",WDF5,2017-11-03T00:00:00,GHCND:USW00003963,110
857,",,W,",WSF2,2017-11-03T00:00:00,GHCND:USW00003963,67
858,",,W,",WSF5,2017-11-03T00:00:00,GHCND:USW00003963,94
859,",,N,",PRCP,2017-11-04T00:00:00,GHCND:US1MOBN0007,0
860,",,N,",SNOW,2017-11-04T00:00:00,GHCND:US1MOBN0007,0
861,",,N,",PRCP,2017-11-04T00:00:00,GHCND:US1MOBN0032,0
862,",,N,",SNOW,2017-11-04T00:00:00,GHCND:US1MOBN0032,0
863,",,N,",PRCP,2017-11-04T00:00:00,GHCND:US1MOCE0007,0
864,",,N,",SNOW,2017-11-04T00:00:00,GHCND:US1MOCE0007,0
865,",,N,",PRCP,2017-11-04T00:00:00,GHCND:US1MOCE0009,0
866,",,N,",SNOW,2017-11-04T00:00:00,GHCND:US1MOCE0009,0
867,",,N,",PRCP,2017-11-04T00:00:00,GHCND:US1MOCE0017,0
868,",,N,",SNOW,2017-11-04T00:00:00,GHCND:US1MOCE0017,0
869,",,N,",SNWD,2017-11-04T00:00:00,GHCND:US1MOCE0017,0
870,",,N,",WESD,2017-11-04T00:00:00,GHCND:US1MOCE0017,0
871,",,N,",WESF,2017-11-04T00:00:00,GHCND:US1MOCE0017,0
872,",,N,",PRCP,2017-11-04T00:00:00,GHCND:US1MOCW0009,0
873,",,N,",SNOW,2017-11-04T00:00:00,GHCND:US1MOCW0009,0
874,",,N,",PRCP,2017-11-04T00:00:00,GHCND:US1MOCW0012,0
875,",,N,",PRCP,2017-11-04T00:00:00,GHCND:US1MOFSA051,0
876,",,N,",SNOW,2017-11-04T00:00:00,GHCND:US1MOFSA051,0
877,",,7,0700",PRCP,2017-11-04T00:00:00,GHCND:USC00234271,0
878,",,7,",SNOW,2017-11-04T00:00:00,GHCND:USC00234271,0
879,",,7,",SNWD,2017-11-04T00:00:00,GHCND:USC00234271,0
880,",,7,0700",TMAX,2017-11-04T00:00:00,GHCND:USC00234271,156
881,",,7,0700",TMIN,2017-11-04T00:00:00,GHCND:USC00234271,61
882,",,7,0700",TOBS,2017-11-04T00:00:00,GHCND:USC00234271,139
883,",,W,",AWND,2017-11-04T00:00:00,GHCND:USW00003963,18
884,"T,,W,",PRCP,2017-11-04T00:00:00,GHCND:USW00003963,0
885,",,W,",SNOW,2017-11-04T00:00:00,GHCND:USW00003963,0
886,",,W,",SNWD,2017-11-04T00:00:00,GHCND:USW00003963,0
887,",,W,",TMAX,2017-11-04T00:00:00,GHCND:USW00003963,183
888,",,W,",TMIN,2017-11-04T00:00:00,GHCND:USW00003963,139
889,",,W,",WDF2,2017-11-04T00:00:00,GHCND:USW00003963,120
890,",,W,",WDF5,2017-11-04T00:00:00,GHCND:USW00003963,120
891,",,W,",WSF2,2017-11-04T00:00:00,GHCND:USW00003963,54
892,",,W,",WSF5,2017-11-04T00:00:00,GHCND:USW00003963,63
893,",,N,",PRCP,2017-11-05T00:00:00,GHCND:US1MOBN0007,0
894,",,N,",SNOW,2017-11-05T00:00:00,GHCND:US1MOBN0007,0
895,",,N,",PRCP,2017-11-05T00:00:00,GHCND:US1MOBN0032,0
896,",,N,",SNOW,2017-11-05T00:00:00,GHCND:US1MOBN0032,0
897,",,N,",PRCP,2017-11-05T00:00:00,GHCND:US1MOCE0007,0
898,",,N,",SNOW,2017-11-05T00:00:00,GHCND:US1MOCE0007,0
899,"T,,N,",PRCP,2017-11-05T00:00:00,GHCND:US1MOCE0009,0
900,",,N,",PRCP,2017-11-05T00:00:00,GHCND:US1MOCE0017,0
901,",,N,",SNOW,2017-11-05T00:00:00,GHCND:US1MOCE0017,0
902,",,N,",SNWD,2017-11-05T00:00:00,GHCND:US1MOCE0017,0
903,",,N,",WESD,2017-11-05T00:00:00,GHCND:US1MOCE0017,0
904,",,N,",WESF,2017-11-05T00:00:00,GHCND:US1MOCE0017,0
905,",,N,",PRCP,2017-11-05T00:00:00,GHCND:US1MOCW0009,0
906,",,N,",SNOW,2017-11-05T00:00:00,GHCND:US1MOCW0009,0
907,",,N,",PRCP,2017-11-05T00:00:00,GHCND:US1MOCW0012,0
908,",,N,",PRCP,2017-11-05T00:00:00,GHCND:US1MOFSA051,0
909,",,N,",SNOW,2017-11-05T00:00:00,GHCND:US1MOFSA051,0
910,",,7,0700",PRCP,2017-11-05T00:00:00,GHCND:USC00234271,0
911,",,7,",SNOW,2017-11-05T00:00:00,GHCND:USC00234271,0
912,",,7,",SNWD,2017-11-05T00:00:00,GHCND:USC00234271,0
913,",,7,0700",TMAX,2017-11-05T00:00:00,GHCND:USC00234271,189
914,",,7,0700",TMIN,2017-11-05T00:00:00,GHCND:USC00234271,133
915,",,7,0700",TOBS,2017-11-05T00:00:00,GHCND:USC00234271,144
916,",,W,",AWND,2017-11-05T00:00:00,GHCND:USW00003963,32
917,"T,,W,",PRCP,2017-11-05T00:00:00,GHCND:USW00003963,0
918,",,W,",SNOW,2017-11-05T00:00:00,GHCND:USW00003963,0
919,",,W,",SNWD,2017-11-05T00:00:00,GHCND:USW00003963,0
920,",,W,",TMAX,2017-11-05T00:00:00,GHCND:USW00003963,183
921,",,W,",TMIN,2017-11-05T00:00:00,GHCND:USW00003963,72
922,",,W,",WDF2,2017-11-05T00:00:00,GHCND:USW00003963,340
923,",,W,",WDF5,2017-11-05T00:00:00,GHCND:USW00003963,320
924,",,W,",WSF2,2017-11-05T00:00:00,GHCND:USW00003963,81
925,",,W,",WSF5,2017-11-05T00:00:00,GHCND:USW00003963,98
926,",,W,",WT01,2017-11-05T00:00:00,GHCND:USW00003963,1
927,",,W,",WT08,2017-11-05T00:00:00,GHCND:USW00003963,1
928,",,N,",PRCP,2017-11-06T00:00:00,GHCND:US1MOBN0007,5
929,",,N,",PRCP,2017-11-06T00:00:00,GHCND:US1MOBN0032,0
930,",,N,",SNOW,2017-11-06T00:00:00,GHCND:US1MOBN0032,0
931,"T,,N,",PRCP,2017-11-06T00:00:00,GHCND:US1MOCE0007,0
932,",,N,",SNOW,2017-11-06T00:00:00,GHCND:US1MOCE0007,0
933,",,N,",PRCP,2017-11-06T00:00:00,GHCND:US1MOCE0009,3
934,",,N,",PRCP,2017-11-06T00:00:00,GHCND:US1MOCE0017,0
935,",,N,",SNOW,2017-11-06T00:00:00,GHCND:US1MOCE0017,0
936,",,N,",SNWD,2017-11-06T00:00:00,GHCND:US1MOCE0017,0
937,",,N,",WESD,2017-11-06T00:00:00,GHCND:US1MOCE0017,0
938,",,N,",WESF,2017-11-06T00:00:00,GHCND:US1MOCE0017,0
939,",,N,",PRCP,2017-11-06T00:00:00,GHCND:US1MOCW0009,0
940,",,N,",SNOW,2017-11-06T00:00:00,GHCND:US1MOCW0009,0
941,"T,,N,",PRCP,2017-11-06T00:00:00,GHCND:US1MOCW0012,0
942,",,N,",PRCP,2017-11-06T00:00:00,GHCND:US1MOFSA051,0
943,",,N,",SNOW,2017-11-06T00:00:00,GHCND:US1MOFSA051,0
944,",,7,0700",PRCP,2017-11-06T00:00:00,GHCND:USC00234271,0
945,",,7,",SNOW,2017-11-06T00:00:00,GHCND:USC00234271,0
946,",,7,",SNWD,2017-11-06T00:00:00,GHCND:USC00234271,0
947,",,7,0700",TMAX,2017-11-06T00:00:00,GHCND:USC00234271,183
948,",,7,0700",TMIN,2017-11-06T00:00:00,GHCND:USC00234271,22
949,",,7,0700",TOBS,2017-11-06T00:00:00,GHCND:USC00234271,28
950,",,W,",AWND,2017-11-06T00:00:00,GHCND:USW00003963,26
951,",,W,",PRCP,2017-11-06T00:00:00,GHCND:USW00003963,3
952,",,W,",SNOW,2017-11-06T00:00:00,GHCND:USW00003963,0
953,",,W,",SNWD,2017-11-06T00:00:00,GHCND:USW00003963,0
954,",,W,",TMAX,2017-11-06T00:00:00,GHCND:USW00003963,89
955,",,W,",TMIN,2017-11-06T00:00:00,GHCND:USW00003963,28
956,",,W,",WDF2,2017-11-06T00:00:00,GHCND:USW00003963,40
957,",,W,",WDF5,2017-11-06T00:00:00,GHCND:USW00003963,50
958,",,W,",WSF2,2017-11-06T00:00:00,GHCND:USW00003963,58
959,",,W,",WSF5,2017-11-06T00:00:00,GHCND:USW00003963,85
960,",,W,",WT01,2017-11-06T00:00:00,GHCND:USW00003963,1
961,",,W,",WT08,2017-11-06T00:00:00,GHCND:USW00003963,1
962,",,N,",PRCP,2017-11-07T00:00:00,GHCND:US1MOBN0007,5
963,",,N,",PRCP,2017-11-07T00:00:00,GHCND:US1MOBN0032,5
964,",,N,",PRCP,2017-11-07T00:00:00,GHCND:US1MOCE0007,8
965,",,N,",PRCP,2017-11-07T00:00:00,GHCND:US1MOCE0009,5
966,",,N,",PRCP,2017-11-07T00:00:00,GHCND:US1MOCE0017,3
967,",,N,",SNOW,2017-11-07T00:00:00,GHCND:US1MOCE0017,0
968,",,N,",SNWD,2017-11-07T00:00:00,GHCND:US1MOCE0017,0
969,",,N,",WESD,2017-11-07T00:00:00,GHCND:US1MOCE0017,0
970,",,N,",WESF,2017-11-07T00:00:00,GHCND:US1MOCE0017,0
971,"T,,N,",PRCP,2017-11-07T00:00:00,GHCND:US1MOCW0009,0
972,"T,,N,",PRCP,2017-11-07T00:00:00,GHCND:US1MOCW0012,0
973,",,N,",PRCP,2017-11-07T00:00:00,GHCND:US1MOFSA051,0
974,",,N,",SNOW,2017-11-07T00:00:00,GHCND:US1MOFSA051,0
975,",,7,0700",PRCP,2017-11-07T00:00:00,GHCND:USC00234271,0
976,",,7,",SNOW,2017-11-07T00:00:00,GHCND:USC00234271,0
977,",,7,",SNWD,2017-11-07T00:00:00,GHCND:USC00234271,0
978,",,7,0700",TMAX,2017-11-07T00:00:00,GHCND:USC00234271,183
979,",,7,0700",TMIN,2017-11-07T00:00:00,GHCND:USC00234271,22
980,",,7,0700",TOBS,2017-11-07T00:00:00,GHCND:USC00234271,44
981,",,W,",AWND,2017-11-07T00:00:00,GHCND:USW00003963,31
982,",,W,",PRCP,2017-11-07T00:00:00,GHCND:USW00003963,0
983,",,W,",SNOW,2017-11-07T00:00:00,GHCND:USW00003963,0
984,",,W,",SNWD,2017-11-07T00:00:00,GHCND:USW00003963,0
985,",,W,",TMAX,2017-11-07T00:00:00,GHCND:USW00003963,100
986,",,W,",TMIN,2017-11-07T00:00:00,GHCND:USW00003963,50
987,",,W,",WDF2,2017-11-07T00:00:00,GHCND:USW00003963,10
988,",,W,",WDF5,2017-11-07T00:00:00,GHCND:USW00003963,360
989,",,W,",WSF2,2017-11-07T00:00:00,GHCND:USW00003963,63
990,",,W,",WSF5,2017-11-07T00:00:00,GHCND:USW00003963,85
991,",,W,",WT01,2017-11-07T00:00:00,GHCND:USW00003963,1
992,",,W,",WT08,2017-11-07T00:00:00,GHCND:USW00003963,1
993,"T,,N,",PRCP,2017-11-08T00:00:00,GHCND:US1MOBN0007,0
994,"T,,N,",PRCP,2017-11-08T00:00:00,GHCND:US1MOBN0032,0
995,"T,,N,",PRCP,2017-11-08T00:00:00,GHCND:US1MOCE0007,0
996,"T,,N,",PRCP,2017-11-08T00:00:00,GHCND:US1MOCE0009,0
997,",,N,",PRCP,2017-11-08T00:00:00,GHCND:US1MOCE0017,0
998,",,N,",SNOW,2017-11-08T00:00:00,GHCND:US1MOCE0017,0
999,",,N,",SNWD,2017-11-08T00:00:00,GHCND:US1MOCE0017,0
0,",,N,",WESD,2017-11-08T00:00:00,GHCND:US1MOCE0017,0
1,",,N,",WESF,2017-11-08T00:00:00,GHCND:US1MOCE0017,0
2,"T,,N,",PRCP,2017-11-08T00:00:00,GHCND:US1MOCW0009,0
3,",,N,",PRCP,2017-11-08T00:00:00,GHCND:US1MOCW0012,0
4,",,N,",PRCP,2017-11-08T00:00:00,GHCND:US1MOFSA051,0
5,",,N,",SNOW,2017-11-08T00:00:00,GHCND:US1MOFSA051,0
6,",,7,0700",PRCP,2017-11-08T00:00:00,GHCND:USC00234271,0
7,",,7,",SNOW,2017-11-08T00:00:00,GHCND:USC00234271,0
8,",,7,",SNWD,2017-11-08T00:00:00,GHCND:USC00234271,0
9,",,7,0700",TMAX,2017-11-08T00:00:00,GHCND:USC00234271,94
10,",,7,0700",TMIN,2017-11-08T00:00:00,GHCND:USC00234271,0
11,",,7,0700",TOBS,2017-11-08T00:00:00,GHCND:USC00234271,6
12,",,W,",AWND,2017-11-08T00:00:00,GHCND:USW00003963,14
13,",,W,",PRCP,2017-11-08T00:00:00,GHCND:USW00003963,0
14,",,W,",SNOW,2017-11-08T00:00:00,GHCND:USW00003963,0
15,",,W,",SNWD,2017-11-08T00:00:00,GHCND:USW00003963,0
16,",,W,",TMAX,2017-11-08T00:00:00,GHCND:USW00003963,117
17,",,W,",TMIN,2017-11-08T00:00:00,GHCND:USW00003963,-5
18,",,W,",WDF2,2017-11-08T00:00:00,GHCND:USW00003963,340
19,",,W,",WDF5,2017-11-08T00:00:00,GHCND:USW00003963,350
20,",,W,",WSF2,2017-11-08T00:00:00,GHCND:USW00003963,45
21,",,W,",WSF5,2017-11-08T00:00:00,GHCND:USW00003963,58
22,",,N,",PRCP,2017-11-09T00:00:00,GHCND:US1MOBN0007,0
23,",,N,",SNOW,2017-11-09T00:00:00,GHCND:US1MOBN0007,0
24,",,N,",PRCP,2017-11-09T00:00:00,GHCND:US1MOBN0032,0
25,",,N,",SNOW,2017-11-09T00:00:00,GHCND:US1MOBN0032,0
26,",,N,",PRCP,2017-11-09T00:00:00,GHCND:US1MOCE0007,0
27,",,N,",SNOW,2017-11-09T00:00:00,GHCND:US1MOCE0007,0
28,",,N,",PRCP,2017-11-09T00:00:00,GHCND:US1MOCE0009,0
29,",,N,",SNOW,2017-11-09T00:00:00,GHCND:US1MOCE0009,0
30,",,N,",PRCP,2017-11-09T00:00:00,GHCND:US1MOCE0017,0
31,",,N,",SNOW,2017-11-09T00:00:00,GHCND:US1MOCE0017,0
32,",,N,",SNWD,2017-11-09T00:00:00,GHCND:US1MOCE0017,0
33,",,N,",WESD,2017-11-09T00:00:00,GHCND:US1MOCE0017,0
34,",,N,",WESF,2017-11-09T00:00:00,GHCND:US1MOCE0017,0
35,",,N,",PRCP,2017-11-09T00:00:00,GHCND:US1MOCW0009,0
36,",,N,",SNOW,2017-11-09T00:00:00,GHCND:US1MOCW0009,0
37,",,N,",PRCP,2017-11-09T00:00:00,GHCND:US1MOCW0012,0
38,",,N,",PRCP,2017-11-09T00:00:00,GHCND:US1MOFSA051,0
39,",,N,",SNOW,2017-11-09T00:00:00,GHCND:US1MOFSA051,0
40,",,7,0700",PRCP,2017-11-09T00:00:00,GHCND:USC00234271,0
41,",,7,",SNOW,2017-11-09T00:00:00,GHCND:USC00234271,0
42,",,7,",SNWD,2017-11-09T00:00:00,GHCND:USC00234271,0
43,",,7,0700",TMAX,2017-11-09T00:00:00,GHCND:USC00234271,117
44,",,7,0700",TMIN,2017-11-09T00:00:00,GHCND:USC00234271,-17
45,",,7,0700",TOBS,2017-11-09T00:00:00,GHCND:USC00234271,17
46,",,W,",AWND,2017-11-09T00:00:00,GHCND:USW00003963,28
47,",,W,",PRCP,2017-11-09T00:00:00,GHCND:USW00003963,0
48,",,W,",SNOW,2017-11-09T00:00:00,GHCND:USW00003963,0
49,",,W,",SNWD,2017-11-09T00:00:00,GHCND:USW00003963,0
50,",,W,",TMAX,2017-11-09T00:00:00,GHCND:USW00003963,133
51,",,W,",TMIN,2017-11-09T00:00:00,GHCND:USW00003963,-27
52,",,W,",WDF2,2017-11-09T00:00:00,GHCND:USW00003963,300
53,",,W,",WDF5,2017-11-09T00:00:00,GHCND:USW00003963,290
54,",,W,",WSF2,2017-11-09T00:00:00,GHCND:USW00003963,81
55,",,W,",WSF5,2017-11-09T00:00:00,GHCND:USW00003963,116
56,",,W,",WT01,2017-11-09T00:00:00,GHCND:USW00003963,1
57,",,N,",PRCP,2017-11-10T00:00:00,GHCND:US1MOBN0007,0
58,",,N,",SNOW,2017-11-10T00:00:00,GHCND:US1MOBN0007,0
59,",,N,",PRCP,2017-11-10T00:00:00,GHCND:US1MOBN0032,0
60,",,N,",SNOW,2017-11-10T00:00:00,GHCND:US1MOBN0032,0
61,",,N,",PRCP,2017-11-10T00:00:00,GHCND:US1MOCE0007,0
62,",,N,",SNOW,2017-11-10T00:00:00,GHCND:US1MOCE0007,0
63,",,N,",PRCP,2017-11-10T00:00:00,GHCND:US1MOCE0009,0
64,",,N,",SNOW,2017-11-10T00:00:00,GHCND:US1MOCE0009,0
65,",,N,",PRCP,2017-11-10T00:00:00,GHCND:US1MOCE0017,0
66,",,N,",SNOW,2017-11-10T00:00:00,GHCND:US1MOCE0017,0
67,",,N,",SNWD,2017-11-10T00:00:00,GHCND:US1MOCE0017,0
68,",,N,",WESD,2017-11-10T00:00:00,GHCND:US1MOCE0017,0
69,",,N,",WESF,2017-11-10T00:00:00,GHCND:US1MOCE0017,0
70,",,N,",PRCP,2017-11-10T00:00:00,GHCND:US1MOCW0009,0
71,",,N,",SNOW,2017-11-10T00:00:00,GHCND:US1MOCW0009,0
72,",,N,",PRCP,2017-11-10T00:00:00,GHCND:US1MOCW0012,0
73,",,N,",PRCP,2017-11-10T00:00:00,GHCND:US1MOFSA051,0
74,",,N,",SNOW,2017-11-10T00:00:00,GHCND:US1MOFSA051,0
75,",,7,0700",PRCP,2017-11-10T00:00:00,GHCND:USC00234271,0
76,",,7,",SNOW,2017-11-10T00:00:00,GHCND:USC00234271,0
77,",,7,",SNWD,2017-11-10T00:00:00,GHCND:USC00234271,0
78,",,7,0700",TMAX,2017-11-10T00:00:00,GHCND:USC00234271,133
79,",,7,0700",TMIN,2017-11-10T00:00:00,GHCND:USC00234271,-39
80,",,7,0700",TOBS,2017-11-10T00:00:00,GHCND:USC00234271,-39
81,",,W,",AWND,2017-11-10T00:00:00,GHCND:USW00003963,35
82,",,W,",PRCP,2017-11-10T00:00:00,GHCND:USW00003963,0
83,",,W,",SNOW,2017-11-10T00:00:00,GHCND:USW00003963,0
84,",,W,",SNWD,2017-11-10T00:00:00,GHCND:USW00003963,0
85,",,W,",TMAX,2017-11-10T00:00:00,GHCND:USW00003963,61
86,",,W,",TMIN,2017-11-10T00:00:00,GHCND:USW00003963,-32
87,",,W,",WDF2,2017-11-10T00:00:00,GHCND:USW00003963,110
88,",,W,",WDF5,2017-11-10T00:00:00,GHCND:USW00003963,90
89,",,W,",WSF2,2017-11-10T00:00:00,GHCND:USW00003963,63
90,",,W,",WSF5,2017-11-10T00:00:00,GHCND:USW00003963,89
91,",,N,",PRCP,2017-11-11T00:00:00,GHCND:US1MOBN0007,0
92,",,N,",SNOW,2017-11-11T00:00:00,GHCND:US1MOBN0007,0
93,",,N,",PRCP,2017-11-11T00:00:00,GHCND:US1MOBN0032,0
94,",,N,",SNOW,2017-11-11T00:00:00,GHCND:US1MOBN0032,0
95,",,N,",PRCP,2017-11-11T00:00:00,GHCND:US1MOCE0007,0
96,",,N,",SNOW,2017-11-11T00:00:00,GHCND:US1MOCE0007,0
97,",,N,",PRCP,2017-11-11T00:00:00,GHCND:US1MOCE0009,0
98,",,N,",SNOW,2017-11-11T00:00:00,GHCND:US1MOCE0009,0
99,",,N,",PRCP,2017-11-11T00:00:00,GHCND:US1MOCE0017,0
100,",,N,",SNOW,2017-11-11T00:00:00,GHCND:US1MOCE0017,0
101,",,N,",SNWD,2017-11-11T00:00:00,GHCND:US1MOCE0017,0
102,",,N,",WESD,2017-11-11T00:00:00,GHCND:US1MOCE0017,0
103,",,N,",WESF,2017-11-11T00:00:00,GHCND:US1MOCE0017,0
104,",,N,",PRCP,2017-11-11T00:00:00,GHCND:US1MOCW0009,0
105,",,N,",SNOW,2017-11-11T00:00:00,GHCND:US1MOCW0009,0
106,",,N,",PRCP,2017-11-11T00:00:00,GHCND:US1MOCW0012,0
107,",,N,",PRCP,2017-11-11T00:00:00,GHCND:US1MOFSA051,0
108,",,N,",SNOW,2017-11-11T00:00:00,GHCND:US1MOFSA051,0
109,",,7,0700",PRCP,2017-11-11T00:00:00,GHCND:USC00234271,0
110,",,7,",SNOW,2017-11-11T00:00:00,GHCND:USC00234271,0
111,",,7,",SNWD,2017-11-11T00:00:00,GHCND:USC00234271,0
112,",,7,0700",TMAX,2017-11-11T00:00:00,GHCND:USC00234271,56
113,",,7,0700",TMIN,2017-11-11T00:00:00,GHCND:USC00234271,-39
114,",,7,0700",TOBS,2017-11-11T00:00:00,GHCND:USC00234271,-6
115,",,W,",AWND,2017-11-11T00:00:00,GHCND:USW00003963,35
116,",,W,",PRCP,2017-11-11T00:00:00,GHCND:USW00003963,0
117,",,W,",SNOW,2017-11-11T00:00:00,GHCND:USW00003963,0
118,",,W,",SNWD,2017-11-11T00:00:00,GHCND:USW00003963,0
119,",,W,",TMAX,2017-11-11T00:00:00,GHCND:USW00003963,150
120,",,W,",TMIN,2017-11-11T00:00:00,GHCND:USW00003963,-16
121,",,W,",WDF2,2017-11-11T00:00:00,GHCND:USW00003963,130
122,",,W,",WDF5,2017-11-11T00:00:00,GHCND:USW00003963,140
123,",,W,",WSF2,2017-11-11T00:00:00,GHCND:USW00003963,67
124,",,W,",WSF5,2017-11-11T00:00:00,GHCND:USW00003963,85
125,",,N,",PRCP,2017-11-12T00:00:00,GHCND:US1MOBN0007,3
126,",,N,",PRCP,2017-11-12T00:00:00,GHCND:US1MOBN0032,0
127,",,N,",SNOW,2017-11-12T00:00:00,GHCND:US1MOBN0032,0
128,",,N,",PRCP,2017-11-12T00:00:00,GHCND:US1MOCE0007,0
129,",,N,",SNOW,2017-11-12T00:00:00,GHCND:US1MOCE0007,0
130,",,N,",PRCP,2017-11-12T00:00:00,GHCND:US1MOCE0009,5
131,"T,,N,",PRCP,2017-11-12T00:00:00,GHCND:US1MOCE0017,0
132,",,N,",SNOW,2017-11-12T00:00:00,GHCND:US1MOCE0017,0
133,",,N,",SNWD,2017-11-12T00:00:00,GHCND:US1MOCE0017,0
134,",,N,",WESD,2017-11-12T00:00:00,GHCND:US1MOCE0017,0
135,",,N,",WESF,2017-11-12T00:00:00,GHCND:US1MOCE0017,0
136,",,N,",PRCP,2017-11-12T00:00:00,GHCND:US1MOCW0009,5
137,",,N,",PRCP,2017-11-12T00:00:00,GHCND:US1MOCW0012,0
138,",,N,",PRCP,2017-11-12T00:00:00,GHCND:US1MOFSA051,0
139,",,N,",SNOW,2017-11-12T00:00:00,GHCND:US1MOFSA051,0
140,",,7,0700",PRCP,2017-11-12T00:00:00,GHCND:USC00234271,0
141,",,7,",SNOW,2017-11-12T00:00:00,GHCND:USC00234271,0
142,",,7,",SNWD,2017-11-12T00:00:00,GHCND:USC00234271,0
143,",,7,0700",TMAX,2017-11-12T00:00:00,GHCND:USC00234271,144
144,",,7,0700",TMIN,2017-11-12T00:00:00,GHCND:USC00234271,-6
145,",,7,0700",TOBS,2017-11-12T00:00:00,GHCND:USC00234271,67
146,",,7,",WT01,2017-11-12T00:00:00,GHCND:USC00234271,1
147,",,W,",AWND,2017-11-12T00:00:00,GHCND:USW00003963,20
148,"T,,W,",PRCP,2017-11-12T00:00:00,GHCND:USW00003963,0
149,",,W,",SNOW,2017-11-12T00:00:00,GHCND:USW00003963,0
150,",,W,",SNWD,2017-11-12T00:00:00,GHCND:USW00003963,0
151,",,W,",TMAX,2017-11-12T00:00:00,GHCND:USW00003963,111
152,",,W,",TMIN,2017-11-12T00:00:00,GHCND:USW00003963,72
153,",,W,",WDF2,2017-11-12T00:00:00,GHCND:USW00003963,340
154,",,W,",WDF5,2017-11-12T00:00:00,GHCND:USW00003963,360
155,",,W,",WSF2,2017-11-12T00:00:00,GHCND:USW00003963,58
156,",,W,",WSF5,2017-11-12T00:00:00,GHCND:USW00003963,76
157,",,W,",WT01,2017-11-12T00:00:00,GHCND:USW00003963,1
158,",,W,",WT08,2017-11-12T00:00:00,GHCND:USW00003963,1
159,"T,,N,",PRCP,2017-11-13T00:00:00,GHCND:US1MOBN0007,0
160,",,N,",PRCP,2017-11-13T00:00:00,GHCND:US1MOBN0032,15
161,"T,,N,",PRCP,2017-11-13T00:00:00,GHCND:US1MOCE0009,0
162,",,N,",PRCP,2017-11-13T00:00:00,GHCND:US1MOCE0017,0
163,",,N,",SNOW,2017-11-13T00:00:00,GHCND:US1MOCE0017,0
164,",,N,",SNWD,2017-11-13T00:00:00,GHCND:US1MOCE0017,0
165,",,N,",WESD,2017-11-13T00:00:00,GHCND:US1MOCE0017,0
166,",,N,",WESF,2017-11-13T00:00:00,GHCND:US1MOCE0017,0
167,",,N,",PRCP,2017-11-13T00:00:00,GHCND:US1MOCW0009,3
168,",,N,",PRCP,2017-11-13T00:00:00,GHCND:US1MOCW0012,0
169,",,N,",PRCP,2017-11-13T00:00:00,GHCND:US1MOFSA051,0
170,",,N,",SNOW,2017-11-13T00:00:00,GHCND:US1MOFSA051,0
171,",,7,0700",PRCP,2017-11-13T00:00:00,GHCND:USC00234271,5
172,",,7,",SNOW,2017-11-13T00:00:00,GHCND:USC00234271,0
173,",,7,",SNWD,2017-11-13T00:00:00,GHCND:USC00234271,0
174,",,7,0700",TMAX,2017-11-13T00:00:00,GHCND:USC00234271,111
175,",,7,0700",TMIN,2017-11-13T00:00:00,GHCND:USC00234271,61
176,",,7,0700",TOBS,2017-11-13T00:00:00,GHCND:USC00234271,61
177,",,W,",AWND,2017-11-13T00:00:00,GHCND:USW00003963,26
178,",,W,",PRCP,2017-11-13T00:00:00,GHCND:USW00003963,0
179,",,W,",SNOW,2017-11-13T00:00:00,GHCND:USW00003963,0
180,",,W,",SNWD,2017-11-13T00:00:00,GHCND:USW00003963,0
181,",,W,",TMAX,2017-11-13T00:00:00,GHCND:USW00003963,139
182,",,W,",TMIN,2017-11-13T00:00:00,GHCND:USW00003963,67
183,",,W,",WDF2,2017-11-13T00:00:00,GHCND:USW00003963,130
184,",,W,",WDF5,2017-11-13T00:00:00,GHCND:USW00003963,150
185,",,W,",WSF2,2017-11-13T00:00:00,GHCND:USW00003963,63
186,",,W,",WSF5,2017-11-13T00:00:00,GHCND:USW00003963,72
187,",,N,",PRCP,2017-11-14T00:00:00,GHCND:US1MOBN0007,0
188,",,N,",SNOW,2017-11-14T00:00:00,GHCND:US1MOBN0007,0
189,",,N,",PRCP,2017-11-14T00:00:00,GHCND:US1MOBN0032,0
190,",,N,",SNOW,2017-11-14T00:00:00,GHCND:US1MOBN0032,0
191,",,N,",PRCP,2017-11-14T00:00:00,GHCND:US1MOCE0009,0
192,",,N,",SNOW,2017-11-14T00:00:00,GHCND:US1MOCE0009,0
193,",,N,",PRCP,2017-11-14T00:00:00,GHCND:US1MOCE0017,5
194,",,N,",SNOW,2017-11-14T00:00:00,GHCND:US1MOCE0017,0
195,",,N,",SNWD,2017-11-14T00:00:00,GHCND:US1MOCE0017,0
196,",,N,",WESD,2017-11-14T00:00:00,GHCND:US1MOCE0017,0
197,",,N,",WESF,2017-11-14T00:00:00,GHCND:US1MOCE0017,0
198,",,N,",PRCP,2017-11-14T00:00:00,GHCND:US1MOCW0009,0
199,",,N,",SNOW,2017-11-14T00:00:00,GHCND:US1MOCW0009,0
200,",,N,",PRCP,2017-11-14T00:00:00,GHCND:US1MOCW0012,0
201,",,N,",PRCP,2017-11-14T00:00:00,GHCND:US1MOFSA051,0
202,",,N,",SNOW,2017-11-14T00:00:00,GHCND:US1MOFSA051,0
203,",,7,0700",PRCP,2017-11-14T00:00:00,GHCND:USC00234271,0
204,",,7,",SNOW,2017-11-14T00:00:00,GHCND:USC00234271,0
205,",,7,",SNWD,2017-11-14T00:00:00,GHCND:USC00234271,0
206,",,7,0700",TMAX,2017-11-14T00:00:00,GHCND:USC00234271,133
207,",,7,0700",TMIN,2017-11-14T00:00:00,GHCND:USC00234271,61
208,",,7,0700",TOBS,2017-11-14T00:00:00,GHCND:USC00234271,83
209,",,W,",AWND,2017-11-14T00:00:00,GHCND:USW00003963,40
210,"T,,W,",PRCP,2017-11-14T00:00:00,GHCND:USW00003963,0
211,",,W,",SNOW,2017-11-14T00:00:00,GHCND:USW00003963,0
212,",,W,",SNWD,2017-11-14T00:00:00,GHCND:USW00003963,0
213,",,W,",TMAX,2017-11-14T00:00:00,GHCND:USW00003963,128
214,",,W,",TMIN,2017-11-14T00:00:00,GHCND:USW00003963,83
215,",,W,",WDF2,2017-11-14T00:00:00,GHCND:USW00003963,150
216,",,W,",WDF5,2017-11-14T00:00:00,GHCND:USW00003963,140
217,",,W,",WSF2,2017-11-14T00:00:00,GHCND:USW00003963,72
218,",,W,",WSF5,2017-11-14T00:00:00,GHCND:USW00003963,81
219,",,N,",PRCP,2017-11-15T00:00:00,GHCND:US1MOBN0007,36
220,",,N,",PRCP,2017-11-15T00:00:00,GHCND:US1MOBN0032,28
221,",,N,",PRCP,2017-11-15T00:00:00,GHCND:US1MOCE0007,23
222,",,N,",PRCP,2017-11-15T00:00:00,GHCND:US1MOCE0009,15
223,",,N,",PRCP,2017-11-15T00:00:00,GHCND:US1MOCE0017,23
224,",,N,",SNOW,2017-11-15T00:00:00,GHCND:US1MOCE0017,0
225,",,N,",SNWD,2017-11-15T00:00:00,GHCND:US1MOCE0017,0
226,",,N,",WESD,2017-11-15T00:00:00,GHCND:US1MOCE0017,0
227,",,N,",WESF,2017-11-15T00:00:00,GHCND:US1MOCE0017,0
228,",,N,",PRCP,2017-11-15T00:00:00,GHCND:US1MOCW0009,28
229,",,N,",PRCP,2017-11-15T00:00:00,GHCND:US1MOCW0012,25
230,",,N,",PRCP,2017-11-15T00:00:00,GHCND:US1MOFSA051,25
231,",,7,0700",PRCP,2017-11-15T00:00:00,GHCND:USC00234271,28
232,",,7,",SNOW,2017-11-15T00:00:00,GHCND:USC00234271,0
233,",,7,",SNWD,2017-11-15T00:00:00,GHCND:USC00234271,0
234,",,7,0700",TMAX,2017-11-15T00:00:00,GHCND:USC00234271,117
235,",,7,0700",TMIN,2017-11-15T00:00:00,GHCND:USC00234271,78
236,",,7,0700",TOBS,2017-11-15T00:00:00,GHCND:USC00234271,106
237,",,W,",AWND,2017-11-15T00:00:00,GHCND:USW00003963,30
238,",,W,",PRCP,2017-11-15T00:00:00,GHCND:USW00003963,25
239,",,W,",SNOW,2017-11-15T00:00:00,GHCND:USW00003963,0
240,",,W,",SNWD,2017-11-15T00:00:00,GHCND:USW00003963,0
241,",,W,",TMAX,2017-11-15T00:00:00,GHCND:USW00003963,161
242,",,W,",TMIN,2017-11-15T00:00:00,GHCND:USW00003963,22
243,",,W,",WDF2,2017-11-15T00:00:00,GHCND:USW00003963,310
244,",,W,",WDF5,2017-11-15T00:00:00,GHCND:USW00003963,340
245,",,W,",WSF2,2017-11-15T00:00:00,GHCND:USW00003963,81
246,",,W,",WSF5,2017-11-15T00:00:00,GHCND:USW00003963,116
247,",,W,",WT01,2017-11-15T00:00:00,GHCND:USW00003963,1
248,",,N,",PRCP,2017-11-16T00:00:00,GHCND:US1MOBN0007,3
249,",,N,",PRCP,2017-11-16T00:00:00,GHCND:US1MOBN0032,3
250,",,N,",PRCP,2017-11-16T00:00:00,GHCND:US1MOCE0007,0
251,",,N,",SNOW,2017-11-16T00:00:00,GHCND:US1MOCE0007,0
252,",,N,",PRCP,2017-11-16T00:00:00,GHCND:US1MOCE0009,3
253,",,N,",PRCP,2017-11-16T00:00:00,GHCND:US1MOCE0017,0
254,",,N,",SNOW,2017-11-16T00:00:00,GHCND:US1MOCE0017,0
255,",,N,",SNWD,2017-11-16T00:00:00,GHCND:US1MOCE0017,0
256,",,N,",WESD,2017-11-16T00:00:00,GHCND:US1MOCE0017,0
257,",,N,",WESF,2017-11-16T00:00:00,GHCND:US1MOCE0017,0
258,"T,,N,",PRCP,2017-11-16T00:00:00,GHCND:US1MOCW0009,0
259,"T,,N,",PRCP,2017-11-16T00:00:00,GHCND:US1MOCW0012,0
260,",,N,",PRCP,2017-11-16T00:00:00,GHCND:US1MOFSA051,0
261,",,N,",SNOW,2017-11-16T00:00:00,GHCND:US1MOFSA051,0
262,",,7,0700",PRCP,2017-11-16T00:00:00,GHCND:USC00234271,5
263,",,7,",SNOW,2017-11-16T00:00:00,GHCND:USC00234271,0
264,",,7,",SNWD,2017-11-16T00:00:00,GHCND:USC00234271,0
265,",,7,0700",TMAX,2017-11-16T00:00:00,GHCND:USC00234271,156
266,",,7,0700",TMIN,2017-11-16T00:00:00,GHCND:USC00234271,-11
267,",,7,0700",TOBS,2017-11-16T00:00:00,GHCND:USC00234271,-6
268,",,W,",AWND,2017-11-16T00:00:00,GHCND:USW00003963,22
269,",,W,",PRCP,2017-11-16T00:00:00,GHCND:USW00003963,0
270,",,W,",SNOW,2017-11-16T00:00:00,GHCND:USW00003963,0
271,",,W,",SNWD,2017-11-16T00:00:00,GHCND:USW00003963,0
272,",,W,",TMAX,2017-11-16T00:00:00,GHCND:USW00003963,106
273,",,W,",TMIN,2017-11-16T00:00:00,GHCND:USW00003963,-21
274,",,W,",WDF2,2017-11-16T00:00:00,GHCND:USW00003963,120
275,",,W,",WDF5,2017-11-16T00:00:00,GHCND:USW00003963,120
276,",,W,",WSF2,2017-11-16T00:00:00,GHCND:USW00003963,58
277,",,W,",WSF5,2017-11-16T00:00:00,GHCND:USW00003963,72
278,",,N,",PRCP,2017-11-17T00:00:00,GHCND:US1MOBN0007,0
279,",,N,",SNOW,2017-11-17T00:00:00,GHCND:US1MOBN0007,0
280,",,N,",PRCP,2017-11-17T00:00:00,GHCND:US1MOBN0032,0
281,",,N,",SNOW,2017-11-17T00:00:00,GHCND:US1MOBN0032,0
282,",,N,",PRCP,2017-11-17T00:00:00,GHCND:US1MOCE0007,0
283,",,N,",SNOW,2017-11-17T00:00:00,GHCND:US1MOCE0007,0
284,",,N,",PRCP,2017-11-17T00:00:00,GHCND:US1MOCE0009,0
285,",,N,",SNOW,2017-11-17T00:00:00,GHCND:US1MOCE0009,0
286,",,N,",PRCP,2017-11-17T00:00:00,GHCND:US1MOCE0017,0
287,",,N,",SNOW,2017-11-17T00:00:00,GHCND:US1MOCE0017,0
288,",,N,",SNWD,2017-11-17T00:00:00,GHCND:US1MOCE0017,0
289,",,N,",WESD,2017-11-17T00:00:00,GHCND:US1MOCE0017,0
290,",,N,",WESF,2017-11-17T00:00:00,GHCND:US1MOCE0017,0
291,",,N,",PRCP,2017-11-17T00:00:00,GHCND:US1MOCW0009,0
292,",,N,",SNOW,2017-11-17T00:00:00,GHCND:US1MOCW0009,0
293,",,N,",PRCP,2017-11-17T00:00:00,GHCND:US1MOCW0012,0
294,",,N,",PRCP,2017-11-17T00:00:00,GHCND:US1MOFSA051,0
295,",,N,",SNOW,2017-11-17T00:00:00,GHCND:US1MOFSA051,0
296,",,7,0700",PRCP,2017-11-17T00:00:00,GHCND:USC00234271,0
297,",,7,",SNOW,2017-11-17T00:00:00,GHCND:USC00234271,0
298,",,7,",SNWD,2017-11-17T00:00:00,GHCND:USC00234271,0
299,",,7,0700",TMAX,2017-11-17T00:00:00,GHCND:USC00234271,100
300,",,7,0700",TMIN,2017-11-17T00:00:00,GHCND:USC00234271,-6
301,",,7,0700",TOBS,2017-11-17T00:00:00,GHCND:USC00234271,89
302,",,W,",AWND,2017-11-17T00:00:00,GHCND:USW00003963,51
303,",,W,",PRCP,2017-11-17T00:00:00,GHCND:USW00003963,0
304,",,W,",SNOW,2017-11-17T00:00:00,GHCND:USW00003963,0
305,",,W,",SNWD,2017-11-17T00:00:00,GHCND:USW00003963,0
306,",,W,",TMAX,2017-11-17T00:00:00,GHCND:USW00003963,206
307,",,W,",TMIN,2017-11-17T00:00:00,GHCND:USW00003963,50
308,",,W,",WDF2,2017-11-17T00:00:00,GHCND:USW00003963,160
309,",,W,",WDF5,2017-11-17T00:00:00,GHCND:USW00003963,160
310,",,W,",WSF2,2017-11-17T00:00:00,GHCND:USW00003963,98
311,",,W,",WSF5,2017-11-17T00:00:00,GHCND:USW00003963,116
312,",,N,",PRCP,2017-11-18T00:00:00,GHCND:US1MOBN0007,0
313,",,N,",SNOW,2017-11-18T00:00:00,GHCND:US1MOBN0007,0
314,",,N,",PRCP,2017-11-18T00:00:00,GHCND:US1MOBN0032,0
315,",,N,",SNOW,2017-11-18T00:00:00,GHCND:US1MOBN0032,0
316,",,N,",PRCP,2017-11-18T00:00:00,GHCND:US1MOCE0007,0
317,",,N,",SNOW,2017-11-18T00:00:00,GHCND:US1MOCE0007,0
318,",,N,",PRCP,2017-11-18T00:00:00,GHCND:US1MOCE0009,3
319,",,N,",SNOW,2017-11-18T00:00:00,GHCND:US1MOCE0009,0
320,",,N,",PRCP,2017-11-18T00:00:00,GHCND:US1MOCE0017,0
321,",,N,",SNOW,2017-11-18T00:00:00,GHCND:US1MOCE0017,0
322,",,N,",SNWD,2017-11-18T00:00:00,GHCND:US1MOCE0017,0
323,",,N,",WESD,2017-11-18T00:00:00,GHCND:US1MOCE0017,0
324,",,N,",WESF,2017-11-18T00:00:00,GHCND:US1MOCE0017,0
325,",,N,",PRCP,2017-11-18T00:00:00,GHCND:US1MOCW0009,0
326,",,N,",SNOW,2017-11-18T00:00:00,GHCND:US1MOCW0009,0
327,",,N,",PRCP,2017-11-18T00:00:00,GHCND:US1MOCW0012,0
328,",,N,",SNOW,2017-11-18T00:00:00,GHCND:US1MOCW0012,0
329,",,N,",PRCP,2017-11-18T00:00:00,GHCND:US1MOFSA051,0
330,",,N,",SNOW,2017-11-18T00:00:00,GHCND:US1MOFSA051,0
331,",,7,0700",PRCP,2017-11-18T00:00:00,GHCND:USC00234271,0
332,",,7,",SNOW,2017-11-18T00:00:00,GHCND:USC00234271,0
333,",,7,",SNWD,2017-11-18T00:00:00,GHCND:USC00234271,0
334,",,7,0700",TMAX,2017-11-18T00:00:00,GHCND:USC00234271,194
335,",,7,0700",TMIN,2017-11-18T00:00:00,GHCND:USC00234271,89
336,",,7,0700",TOBS,2017-11-18T00:00:00,GHCND:USC00234271,189
337,",,W,",AWND,2017-11-18T00:00:00,GHCND:USW00003963,51
338,",,W,",PRCP,2017-11-18T00:00:00,GHCND:USW00003963,69
339,",,W,",SNOW,2017-11-18T00:00:00,GHCND:USW00003963,0
340,",,W,",SNWD,2017-11-18T00:00:00,GHCND:USW00003963,0
341,",,W,",TMAX,2017-11-18T00:00:00,GHCND:USW00003963,200
342,",,W,",TMIN,2017-11-18T00:00:00,GHCND:USW00003963,33
343,",,W,",WDF2,2017-11-18T00:00:00,GHCND:USW00003963,350
344,",,W,",WDF5,2017-11-18T00:00:00,GHCND:USW00003963,350
345,",,W,",WSF2,2017-11-18T00:00:00,GHCND:USW00003963,130
346,",,W,",WSF5,2017-11-18T00:00:00,GHCND:USW00003963,161
347,",,W,",WT01,2017-11-18T00:00:00,GHCND:USW00003963,1
348,",,W,",WT08,2017-11-18T00:00:00,GHCND:USW00003963,1
349,",,N,",PRCP,2017-11-19T00:00:00,GHCND:US1MOBN0007,64
350,",,N,",PRCP,2017-11-19T00:00:00,GHCND:US1MOBN0032,79
351,",,N,",PRCP,2017-11-19T00:00:00,GHCND:US1MOCE0007,53
352,",,N,",PRCP,2017-11-19T00:00:00,GHCND:US1MOCE0009,48
353,",,N,",PRCP,2017-11-19T00:00:00,GHCND:US1MOCE0017,53
354,",,N,",SNOW,2017-11-19T00:00:00,GHCND:US1MOCE0017,0
355,",,N,",SNWD,2017-11-19T00:00:00,GHCND:US1MOCE0017,0
356,",,N,",WESD,2017-11-19T00:00:00,GHCND:US1MOCE0017,0
357,",,N,",WESF,2017-11-19T00:00:00,GHCND:US1MOCE0017,0
358,",,N,",PRCP,2017-11-19T00:00:00,GHCND:US1MOCW0009,58
359,",,N,",PRCP,2017-11-19T00:00:00,GHCND:US1MOCW0012,69
360,",,N,",PRCP,2017-11-19T00:00:00,GHCND:US1MOFSA051,81
361,",,N,",SNOW,2017-11-19T00:00:00,GHCND:US1MOFSA051,0
362,",,7,0700",PRCP,2017-11-19T00:00:00,GHCND:USC00234271,76
363,",,7,",SNOW,2017-11-19T00:00:00,GHCND:USC00234271,0
364,",,7,",SNWD,2017-11-19T00:00:00,GHCND:USC00234271,0
365,",,7,0700",TMAX,2017-11-19T00:00:00,GHCND:USC00234271,189
366,",,7,0700",TMIN,2017-11-19T00:00:00,GHCND:USC00234271,-11
367,",,7,0700",TOBS,2017-11-19T00:00:00,GHCND:USC00234271,-6
368,",,W,",AWND,2017-11-19T00:00:00,GHCND:USW00003963,32
369,",,W,",PRCP,2017-11-19T00:00:00,GHCND:USW00003963,0
370,",,W,",SNOW,2017-11-19T00:00:00,GHCND:USW00003963,0
371,",,W,",SNWD,2017-11-19T00:00:00,GHCND:USW00003963,0
372,",,W,",TMAX,2017-11-19T00:00:00,GHCND:USW00003963,83
373,",,W,",TMIN,2017-11-19T00:00:00,GHCND:USW00003963,-10
374,",,W,",WDF2,2017-11-19T00:00:00,GHCND:USW00003963,290
375,",,W,",WDF5,2017-11-19T00:00:00,GHCND:USW00003963,320
376,",,W,",WSF2,2017-11-19T00:00:00,GHCND:USW00003963,63
377,",,W,",WSF5,2017-11-19T00:00:00,GHCND:USW00003963,89
378,",,N,",PRCP,2017-11-20T00:00:00,GHCND:US1MOBN0007,0
379,",,N,",SNOW,2017-11-20T00:00:00,GHCND:US1MOBN0007,0
380,",,N,",PRCP,2017-11-20T00:00:00,GHCND:US1MOBN0032,0
381,",,N,",SNOW,2017-11-20T00:00:00,GHCND:US1MOBN0032,0
382,",,N,",PRCP,2017-11-20T00:00:00,GHCND:US1MOCE0007,0
383,",,N,",SNOW,2017-11-20T00:00:00,GHCND:US1MOCE0007,0
384,"T,,N,",PRCP,2017-11-20T00:00:00,GHCND:US1MOCE0009,0
385,",,N,",PRCP,2017-11-20T00:00:00,GHCND:US1MOCE0017,0
386,",,N,",SNOW,2017-11-20T00:00:00,GHCND:US1MOCE0017,0
387,",,N,",SNWD,2017-11-20T00:00:00,GHCND:US1MOCE0017,0
388,",,N,",WESD,2017-11-20T00:00:00,GHCND:US1MOCE0017,0
389,",,N,",WESF,2017-11-20T00:00:00,GHCND:US1MOCE0017,0
390,",,N,",PRCP,2017-11-20T00:00:00,GHCND:US1MOCW0009,0
391,",,N,",SNOW,2017-11-20T00:00:00,GHCND:US1MOCW0009,0
392,",,N,",PRCP,2017-11-20T00:00:00,GHCND:US1MOCW0012,0
393,",,N,",PRCP,2017-11-20T00:00:00,GHCND:US1MOFSA051,0
394,",,N,",SNOW,2017-11-20T00:00:00,GHCND:US1MOFSA051,0
395,",,7,0700",PRCP,2017-11-20T00:00:00,GHCND:USC00234271,0
396,",,7,",SNOW,2017-11-20T00:00:00,GHCND:USC00234271,0
397,",,7,",SNWD,2017-11-20T00:00:00,GHCND:USC00234271,0
398,",,7,0700",TMAX,2017-11-20T00:00:00,GHCND:USC00234271,83
399,",,7,0700",TMIN,2017-11-20T00:00:00,GHCND:USC00234271,-6
400,",,7,0700",TOBS,2017-11-20T00:00:00,GHCND:USC00234271,39
401,",,W,",AWND,2017-11-20T00:00:00,GHCND:USW00003963,41
402,",,W,",PRCP,2017-11-20T00:00:00,GHCND:USW00003963,0
403,",,W,",SNOW,2017-11-20T00:00:00,GHCND:USW00003963,0
404,",,W,",SNWD,2017-11-20T00:00:00,GHCND:USW00003963,0
405,",,W,",TMAX,2017-11-20T00:00:00,GHCND:USW00003963,178
406,",,W,",TMIN,2017-11-20T00:00:00,GHCND:USW00003963,11
407,",,W,",WDF2,2017-11-20T00:00:00,GHCND:USW00003963,200
408,",,W,",WDF5,2017-11-20T00:00:00,GHCND:USW00003963,210
409,",,W,",WSF2,2017-11-20T00:00:00,GHCND:USW00003963,107
410,",,W,",WSF5,2017-11-20T00:00:00,GHCND:USW00003963,148
411,",,N,",PRCP,2017-11-21T00:00:00,GHCND:US1MOBN0007,0
412,",,N,",SNOW,2017-11-21T00:00:00,GHCND:US1MOBN0007,0
413,",,N,",PRCP,2017-11-21T00:00:00,GHCND:US1MOBN0032,0
414,",,N,",SNOW,2017-11-21T00:00:00,GHCND:US1MOBN0032,0
415,",,N,",PRCP,2017-11-21T00:00:00,GHCND:US1MOCE0007,0
416,",,N,",SNOW,2017-11-21T00:00:00,GHCND:US1MOCE0007,0
417,"T,,N,",PRCP,2017-11-21T00:00:00,GHCND:US1MOCE0009,0
418,",,N,",PRCP,2017-11-21T00:00:00,GHCND:US1MOCE0017,0
419,",,N,",SNOW,2017-11-21T00:00:00,GHCND:US1MOCE0017,0
420,",,N,",SNWD,2017-11-21T00:00:00,GHCND:US1MOCE0017,0
421,",,N,",WESD,2017-11-21T00:00:00,GHCND:US1MOCE0017,0
422,",,N,",WESF,2017-11-21T00:00:00,GHCND:US1MOCE0017,0
423,",,N,",PRCP,2017-11-21T00:00:00,GHCND:US1MOCW0009,0
424,",,N,",SNOW,2017-11-21T00:00:00,GHCND:US1MOCW0009,0
425,",,N,",PRCP,2017-11-21T00:00:00,GHCND:US1MOCW0012,0
426,",,N,",PRCP,2017-11-21T00:00:00,GHCND:US1MOFSA051,0
427,",,N,",SNOW,2017-11-21T00:00:00,GHCND:US1MOFSA051,0
428,",,7,0700",PRCP,2017-11-21T00:00:00,GHCND:USC00234271,0
429,",,7,",SNOW,2017-11-21T00:00:00,GHCND:USC00234271,0
430,",,7,",SNWD,2017-11-21T00:00:00,GHCND:USC00234271,0
431,",,7,0700",TMAX,2017-11-21T00:00:00,GHCND:USC00234271,183
432,",,7,0700",TMIN,2017-11-21T00:00:00,GHCND:USC00234271,39
433,",,7,0700",TOBS,2017-11-21T00:00:00,GHCND:USC00234271,61
434,",,W,",AWND,2017-11-21T00:00:00,GHCND:USW00003963,30
435,",,W,",PRCP,2017-11-21T00:00:00,GHCND:USW00003963,0
436,",,W,",SNOW,2017-11-21T00:00:00,GHCND:USW00003963,0
437,",,W,",SNWD,2017-11-21T00:00:00,GHCND:USW00003963,0
438,",,W,",TMAX,2017-11-21T00:00:00,GHCND:USW00003963,128
439,",,W,",TMIN,2017-11-21T00:00:00,GHCND:USW00003963,-10
440,",,W,",WDF2,2017-11-21T00:00:00,GHCND:USW00003963,350
441,",,W,",WDF5,2017-11-21T00:00:00,GHCND:USW00003963,360
442,",,W,",WSF2,2017-11-21T00:00:00,GHCND:USW00003963,89
443,",,W,",WSF5,2017-11-21T00:00:00,GHCND:USW00003963,121
444,",,N,",PRCP,2017-11-22T00:00:00,GHCND:US1MOBN0007,0
445,",,N,",SNOW,2017-11-22T00:00:00,GHCND:US1MOBN0007,0
446,",,N,",PRCP,2017-11-22T00:00:00,GHCND:US1MOBN0032,0
447,",,N,",SNOW,2017-11-22T00:00:00,GHCND:US1MOBN0032,0
448,",,N,",PRCP,2017-11-22T00:00:00,GHCND:US1MOCE0007,0
449,",,N,",SNOW,2017-11-22T00:00:00,GHCND:US1MOCE0007,0
450,",,N,",PRCP,2017-11-22T00:00:00,GHCND:US1MOCE0009,0
451,",,N,",SNOW,2017-11-22T00:00:00,GHCND:US1MOCE0009,0
452,",,N,",PRCP,2017-11-22T00:00:00,GHCND:US1MOCE0017,0
453,",,N,",SNOW,2017-11-22T00:00:00,GHCND:US1MOCE0017,0
454,",,N,",SNWD,2017-11-22T00:00:00,GHCND:US1MOCE0017,0
455,",,N,",WESD,2017-11-22T00:00:00,GHCND:US1MOCE0017,0
456,",,N,",WESF,2017-11-22T00:00:00,GHCND:US1MOCE0017,0
457,",,N,",PRCP,2017-11-22T00:00:00,GHCND:US1MOCW0009,0
458,",,N,",SNOW,2017-11-22T00:00:00,GHCND:US1MOCW0009,0
459,",,N,",PRCP,2017-11-22T00:00:00,GHCND:US1MOCW0012,0
460,",,N,",PRCP,2017-11-22T00:00:00,GHCND:US1MOFSA051,0
461,",,N,",SNOW,2017-11-22T00:00:00,GHCND:US1MOFSA051,0
462,",,7,0700",PRCP,2017-11-22T00:00:00,GHCND:USC00234271,0
463,",,7,",SNOW,2017-11-22T00:00:00,GHCND:USC00234271,0
464,",,7,",SNWD,2017-11-22T00:00:00,GHCND:USC00234271,0
465,",,7,0700",TMAX,2017-11-22T00:00:00,GHCND:USC00234271,128
466,",,7,0700",TMIN,2017-11-22T00:00:00,GHCND:USC00234271,-44
467,",,7,0700",TOBS,2017-11-22T00:00:00,GHCND:USC00234271,-44
468,",,W,",AWND,2017-11-22T00:00:00,GHCND:USW00003963,12
469,",,W,",PRCP,2017-11-22T00:00:00,GHCND:USW00003963,0
470,",,W,",SNOW,2017-11-22T00:00:00,GHCND:USW00003963,0
471,",,W,",SNWD,2017-11-22T00:00:00,GHCND:USW00003963,0
472,",,W,",TMAX,2017-11-22T00:00:00,GHCND:USW00003963,61
473,",,W,",TMIN,2017-11-22T00:00:00,GHCND:USW00003963,-55
474,",,W,",WDF2,2017-11-22T00:00:00,GHCND:USW00003963,250
475,",,W,",WDF5,2017-11-22T00:00:00,GHCND:USW00003963,330
476,",,W,",WSF2,2017-11-22T00:00:00,GHCND:USW00003963,36
477,",,W,",WSF5,2017-11-22T00:00:00,GHCND:USW00003963,49
478,",,N,",PRCP,2017-11-23T00:00:00,GHCND:US1MOBN0007,0
479,",,N,",SNOW,2017-11-23T00:00:00,GHCND:US1MOBN0007,0
480,",,N,",PRCP,2017-11-23T00:00:00,GHCND:US1MOBN0032,0
481,",,N,",SNOW,2017-11-23T00:00:00,GHCND:US1MOBN0032,0
482,",,N,",PRCP,2017-11-23T00:00:00,GHCND:US1MOCE0007,0
483,",,N,",SNOW,2017-11-23T00:00:00,GHCND:US1MOCE0007,0
484,",,N,",PRCP,2017-11-23T00:00:00,GHCND:US1MOCE0009,0
485,",,N,",SNOW,2017-11-23T00:00:00,GHCND:US1MOCE0009,0
486,",,N,",PRCP,2017-11-23T00:00:00,GHCND:US1MOCE0017,0
487,",,N,",SNOW,2017-11-23T00:00:00,GHCND:US1MOCE0017,0
488,",,N,",SNWD,2017-11-23T00:00:00,GHCND:US1MOCE0017,0
489,",,N,",WESD,2017-11-23T00:00:00,GHCND:US1MOCE0017,0
490,",,N,",WESF,2017-11-23T00:00:00,GHCND:US1MOCE0017,0
491,",,N,",PRCP,2017-11-23T00:00:00,GHCND:US1MOCW0009,0
492,",,N,",SNOW,2017-11-23T00:00:00,GHCND:US1MOCW0009,0
493,",,N,",PRCP,2017-11-23T00:00:00,GHCND:US1MOCW0012,0
494,",,N,",PRCP,2017-11-23T00:00:00,GHCND:US1MOFSA051,0
495,",,N,",SNOW,2017-11-23T00:00:00,GHCND:US1MOFSA051,0
496,",,7,0700",PRCP,2017-11-23T00:00:00,GHCND:USC00234271,0
497,",,7,",SNOW,2017-11-23T00:00:00,GHCND:USC00234271,0
498,",,7,",SNWD,2017-11-23T00:00:00,GHCND:USC00234271,0
499,",,7,0700",TMAX,2017-11-23T00:00:00,GHCND:USC00234271,56
500,",,7,0700",TMIN,2017-11-23T00:00:00,GHCND:USC00234271,-44
501,",,7,0700",TOBS,2017-11-23T00:00:00,GHCND:USC00234271,-11
502,",,W,",AWND,2017-11-23T00:00:00,GHCND:USW00003963,21
503,",,W,",PRCP,2017-11-23T00:00:00,GHCND:USW00003963,0
504,",,W,",SNOW,2017-11-23T00:00:00,GHCND:USW00003963,0
505,",,W,",SNWD,2017-11-23T00:00:00,GHCND:USW00003963,0
506,",,W,",TMAX,2017-11-23T00:00:00,GHCND:USW00003963,156
507,",,W,",TMIN,2017-11-23T00:00:00,GHCND:USW00003963,-21
508,",,W,",WDF2,2017-11-23T00:00:00,GHCND:USW00003963,260
509,",,W,",WDF5,2017-11-23T00:00:00,GHCND:USW00003963,240
510,",,W,",WSF2,2017-11-23T00:00:00,GHCND:USW00003963,63
511,",,W,",WSF5,2017-11-23T00:00:00,GHCND:USW00003963,76
512,",,N,",PRCP,2017-11-24T00:00:00,GHCND:US1MOBN0007,0
513,",,N,",SNOW,2017-11-24T00:00:00,GHCND:US1MOBN0007,0
514,",,N,",PRCP,2017-11-24T00:00:00,GHCND:US1MOBN0032,0
515,",,N,",SNOW,2017-11-24T00:00:00,GHCND:US1MOBN0032,0
516,",,N,",PRCP,2017-11-24T00:00:00,GHCND:US1MOCE0007,0
517,",,N,",SNOW,2017-11-24T00:00:00,GHCND:US1MOCE0007,0
518,",,N,",PRCP,2017-11-24T00:00:00,GHCND:US1MOCE0009,0
519,",,N,",SNOW,2017-11-24T00:00:00,GHCND:US1MOCE0009,0
520,",,N,",PRCP,2017-11-24T00:00:00,GHCND:US1MOCE0017,0
521,",,N,",SNOW,2017-11-24T00:00:00,GHCND:US1MOCE0017,0
522,",,N,",SNWD,2017-11-24T00:00:00,GHCND:US1MOCE0017,0
523,",,N,",WESD,2017-11-24T00:00:00,GHCND:US1MOCE0017,0
524,",,N,",WESF,2017-11-24T00:00:00,GHCND:US1MOCE0017,0
525,",,N,",PRCP,2017-11-24T00:00:00,GHCND:US1MOCW0009,0
526,",,N,",SNOW,2017-11-24T00:00:00,GHCND:US1MOCW0009,0
527,",,N,",PRCP,2017-11-24T00:00:00,GHCND:US1MOCW0012,0
528,",,N,",PRCP,2017-11-24T00:00:00,GHCND:US1MOFSA051,0
529,",,N,",SNOW,2017-11-24T00:00:00,GHCND:US1MOFSA051,0
530,",,7,0700",PRCP,2017-11-24T00:00:00,GHCND:USC00234271,0
531,",,7,",SNOW,2017-11-24T00:00:00,GHCND:USC00234271,0
532,",,7,",SNWD,2017-11-24T00:00:00,GHCND:USC00234271,0
533,",,7,0700",TMAX,2017-11-24T00:00:00,GHCND:USC00234271,161
534,",,7,0700",TMIN,2017-11-24T00:00:00,GHCND:USC00234271,-11
535,",,7,0700",TOBS,2017-11-24T00:00:00,GHCND:USC00234271,61
536,",,W,",AWND,2017-11-24T00:00:00,GHCND:USW00003963,34
537,",,W,",PRCP,2017-11-24T00:00:00,GHCND:USW00003963,0
538,",,W,",SNOW,2017-11-24T00:00:00,GHCND:USW00003963,0
539,",,W,",SNWD,2017-11-24T00:00:00,GHCND:USW00003963,0
540,",,W,",TMAX,2017-11-24T00:00:00,GHCND:USW00003963,244
541,",,W,",TMIN,2017-11-24T00:00:00,GHCND:USW00003963,6
542,",,W,",WDF2,2017-11-24T00:00:00,GHCND:USW00003963,220
543,",,W,",WDF5,2017-11-24T00:00:00,GHCND:USW00003963,230
544,",,W,",WSF2,2017-11-24T00:00:00,GHCND:USW00003963,98
545,",,W,",WSF5,2017-11-24T00:00:00,GHCND:USW00003963,130
546,",,N,",PRCP,2017-11-25T00:00:00,GHCND:US1MOBN0007,0
547,",,N,",SNOW,2017-11-25T00:00:00,GHCND:US1MOBN0007,0
548,",,N,",PRCP,2017-11-25T00:00:00,GHCND:US1MOBN0032,0
549,",,N,",SNOW,2017-11-25T00:00:00,GHCND:US1MOBN0032,0
550,",,N,",PRCP,2017-11-25T00:00:00,GHCND:US1MOCE0007,0
551,",,N,",SNOW,2017-11-25T00:00:00,GHCND:US1MOCE0007,0
552,",,N,",PRCP,2017-11-25T00:00:00,GHCND:US1MOCE0009,0
553,",,N,",SNOW,2017-11-25T00:00:00,GHCND:US1MOCE0009,0
554,",,N,",PRCP,2017-11-25T00:00:00,GHCND:US1MOCE0017,0
555,",,N,",SNOW,2017-11-25T00:00:00,GHCND:US1MOCE0017,0
556,",,N,",SNWD,2017-11-25T00:00:00,GHCND:US1MOCE0017,0
557,",,N,",WESD,2017-11-25T00:00:00,GHCND:US1MOCE0017,0
558,",,N,",WESF,2017-11-25T00:00:00,GHCND:US1MOCE0017,0
559,",,N,",PRCP,2017-11-25T00:00:00,GHCND:US1MOCW0009,0
560,",,N,",SNOW,2017-11-25T00:00:00,GHCND:US1MOCW0009,0
561,",,N,",PRCP,2017-11-25T00:00:00,GHCND:US1MOCW0012,0
562,",,N,",PRCP,2017-11-25T00:00:00,GHCND:US1MOFSA051,0
563,",,N,",SNOW,2017-11-25T00:00:00,GHCND:US1MOFSA051,0
564,",,7,0700",PRCP,2017-11-25T00:00:00,GHCND:USC00234271,0
565,",,7,",SNOW,2017-11-25T00:00:00,GHCND:USC00234271,0
566,",,7,",SNWD,2017-11-25T00:00:00,GHCND:USC00234271,0
567,",,7,0700",TMAX,2017-11-25T00:00:00,GHCND:USC00234271,244
568,",,7,0700",TMIN,2017-11-25T00:00:00,GHCND:USC00234271,61
569,",,7,0700",TOBS,2017-11-25T00:00:00,GHCND:USC00234271,61
570,",,W,",AWND,2017-11-25T00:00:00,GHCND:USW00003963,21
571,",,W,",PRCP,2017-11-25T00:00:00,GHCND:USW00003963,0
572,",,W,",SNOW,2017-11-25T00:00:00,GHCND:USW00003963,0
573,",,W,",SNWD,2017-11-25T00:00:00,GHCND:USW00003963,0
574,",,W,",TMAX,2017-11-25T00:00:00,GHCND:USW00003963,167
575,",,W,",TMIN,2017-11-25T00:00:00,GHCND:USW00003963,11
576,",,W,",WDF2,2017-11-25T00:00:00,GHCND:USW00003963,350
577,",,W,",WDF5,2017-11-25T00:00:00,GHCND:USW00003963,350
578,",,W,",WSF2,2017-11-25T00:00:00,GHCND:USW00003963,89
579,",,W,",WSF5,2017-11-25T00:00:00,GHCND:USW00003963,107
580,",,W,",WT08,2017-11-25T00:00:00,GHCND:USW00003963,1
581,",,N,",PRCP,2017-11-26T00:00:00,GHCND:US1MOBN0007,0
582,",,N,",SNOW,2017-11-26T00:00:00,GHCND:US1MOBN0007,0
583,",,N,",PRCP,2017-11-26T00:00:00,GHCND:US1MOBN0032,0
584,",,N,",SNOW,2017-11-26T00:00:00,GHCND:US1MOBN0032,0
585,",,N,",PRCP,2017-11-26T00:00:00,GHCND:US1MOCE0007,0
586,",,N,",SNOW,2017-11-26T00:00:00,GHCND:US1MOCE0007,0
587,",,N,",PRCP,2017-11-26T00:00:00,GHCND:US1MOCE0009,0
588,",,N,",SNOW,2017-11-26T00:00:00,GHCND:US1MOCE0009,0
589,",,N,",PRCP,2017-11-26T00:00:00,GHCND:US1MOCE0017,0
590,",,N,",SNOW,2017-11-26T00:00:00,GHCND:US1MOCE0017,0
591,",,N,",SNWD,2017-11-26T00:00:00,GHCND:US1MOCE0017,0
592,",,N,",WESD,2017-11-26T00:00:00,GHCND:US1MOCE0017,0
593,",,N,",WESF,2017-11-26T00:00:00,GHCND:US1MOCE0017,0
594,",,N,",PRCP,2017-11-26T00:00:00,GHCND:US1MOCW0009,0
595,",,N,",SNOW,2017-11-26T00:00:00,GHCND:US1MOCW0009,0
596,",,N,",PRCP,2017-11-26T00:00:00,GHCND:US1MOCW0012,0
597,",,N,",PRCP,2017-11-26T00:00:00,GHCND:US1MOFSA051,0
598,",,N,",SNOW,2017-11-26T00:00:00,GHCND:US1MOFSA051,0
599,",,7,0700",PRCP,2017-11-26T00:00:00,GHCND:USC00234271,0
600,",,7,",SNOW,2017-11-26T00:00:00,GHCND:USC00234271,0
601,",,7,",SNWD,2017-11-26T00:00:00,GHCND:USC00234271,0
602,",,7,0700",TMAX,2017-11-26T00:00:00,GHCND:USC00234271,167
603,",,7,0700",TMIN,2017-11-26T00:00:00,GHCND:USC00234271,-6
604,",,7,0700",TOBS,2017-11-26T00:00:00,GHCND:USC00234271,0
605,",,W,",AWND,2017-11-26T00:00:00,GHCND:USW00003963,10
606,",,W,",PRCP,2017-11-26T00:00:00,GHCND:USW00003963,0
607,",,W,",SNOW,2017-11-26T00:00:00,GHCND:USW00003963,0
608,",,W,",SNWD,2017-11-26T00:00:00,GHCND:USW00003963,0
609,",,W,",TMAX,2017-11-26T00:00:00,GHCND:USW00003963,178
610,",,W,",TMIN,2017-11-26T00:00:00,GHCND:USW00003963,-16
611,",,W,",WDF2,2017-11-26T00:00:00,GHCND:USW00003963,230
612,",,W,",WDF5,2017-11-26T00:00:00,GHCND:USW00003963,250
613,",,W,",WSF2,2017-11-26T00:00:00,GHCND:USW00003963,58
614,",,W,",WSF5,2017-11-26T00:00:00,GHCND:USW00003963,76
615,",,N,",PRCP,2017-11-27T00:00:00,GHCND:US1MOBN0007,0
616,",,N,",SNOW,2017-11-27T00:00:00,GHCND:US1MOBN0007,0
617,",,N,",PRCP,2017-11-27T00:00:00,GHCND:US1MOBN0032,0
618,",,N,",SNOW,2017-11-27T00:00:00,GHCND:US1MOBN0032,0
619,",,N,",PRCP,2017-11-27T00:00:00,GHCND:US1MOCE0007,0
620,",,N,",SNOW,2017-11-27T00:00:00,GHCND:US1MOCE0007,0
621,",,N,",PRCP,2017-11-27T00:00:00,GHCND:US1MOCE0009,0
622,",,N,",SNOW,2017-11-27T00:00:00,GHCND:US1MOCE0009,0
623,",,N,",PRCP,2017-11-27T00:00:00,GHCND:US1MOCE0017,0
624,",,N,",SNOW,2017-11-27T00:00:00,GHCND:US1MOCE0017,0
625,",,N,",SNWD,2017-11-27T00:00:00,GHCND:US1MOCE0017,0
626,",,N,",WESD,2017-11-27T00:00:00,GHCND:US1MOCE0017,0
627,",,N,",WESF,2017-11-27T00:00:00,GHCND:US1MOCE0017,0
628,",,N,",PRCP,2017-11-27T00:00:00,GHCND:US1MOCW0009,0
629,",,N,",SNOW,2017-11-27T00:00:00,GHCND:US1MOCW0009,0
630,",,N,",PRCP,2017-11-27T00:00:00,GHCND:US1MOCW0012,0
631,",,N,",PRCP,2017-11-27T00:00:00,GHCND:US1MOFSA051,0
632,",,N,",SNOW,2017-11-27T00:00:00,GHCND:US1MOFSA051,0
633,",,7,0700",PRCP,2017-11-27T00:00:00,GHCND:USC00234271,0
634,",,7,",SNOW,2017-11-27T00:00:00,GHCND:USC00234271,0
635,",,7,",SNWD,2017-11-27T00:00:00,GHCND:USC00234271,0
636,",,7,0700",TMAX,2017-11-27T00:00:00,GHCND:USC00234271,183
637,",,7,0700",TMIN,2017-11-27T00:00:00,GHCND:USC00234271,0
638,",,7,0700",TOBS,2017-11-27T00:00:00,GHCND:USC00234271,67
639,",,W,",AWND,2017-11-27T00:00:00,GHCND:USW00003963,32
640,",,W,",PRCP,2017-11-27T00:00:00,GHCND:USW00003963,0
641,",,W,",SNOW,2017-11-27T00:00:00,GHCND:USW00003963,0
642,",,W,",SNWD,2017-11-27T00:00:00,GHCND:USW00003963,0
643,",,W,",TMAX,2017-11-27T00:00:00,GHCND:USW00003963,217
644,",,W,",TMIN,2017-11-27T00:00:00,GHCND:USW00003963,11
645,",,W,",WDF2,2017-11-27T00:00:00,GHCND:USW00003963,180
646,",,W,",WDF5,2017-11-27T00:00:00,GHCND:USW00003963,170
647,",,W,",WSF2,2017-11-27T00:00:00,GHCND:USW00003963,81
648,",,W,",WSF5,2017-11-27T00:00:00,GHCND:USW00003963,103
649,",,N,",PRCP,2017-11-28T00:00:00,GHCND:US1MOBN0007,0
650,",,N,",SNOW,2017-11-28T00:00:00,GHCND:US1MOBN0007,0
651,",,N,",PRCP,2017-11-28T00:00:00,GHCND:US1MOBN0032,0
652,",,N,",SNOW,2017-11-28T00:00:00,GHCND:US1MOBN0032,0
653,",,N,",PRCP,2017-11-28T00:00:00,GHCND:US1MOCE0007,0
654,",,N,",SNOW,2017-11-28T00:00:00,GHCND:US1MOCE0007,0
655,",,N,",PRCP,2017-11-28T00:00:00,GHCND:US1MOCE0009,0
656,",,N,",SNOW,2017-11-28T00:00:00,GHCND:US1MOCE0009,0
657,",,N,",PRCP,2017-11-28T00:00:00,GHCND:US1MOCE0017,0
658,",,N,",SNOW,2017-11-28T00:00:00,GHCND:US1MOCE0017,0
659,",,N,",SNWD,2017-11-28T00:00:00,GHCND:US1MOCE0017,0
660,",,N,",WESD,2017-11-28T00:00:00,GHCND:US1MOCE0017,0
661,",,N,",WESF,2017-11-28T00:00:00,GHCND:US1MOCE0017,0
662,",,N,",PRCP,2017-11-28T00:00:00,GHCND:US1MOCW0009,0
663,",,N,",SNOW,2017-11-28T00:00:00,GHCND:US1MOCW0009,0
664,",,N,",PRCP,2017-11-28T00:00:00,GHCND:US1MOCW0012,0
665,",,N,",PRCP,2017-11-28T00:00:00,GHCND:US1MOFSA051,0
666,",,N,",SNOW,2017-11-28T00:00:00,GHCND:US1MOFSA051,0
667,",,7,0700",PRCP,2017-11-28T00:00:00,GHCND:USC00234271,0
668,",,7,",SNOW,2017-11-28T00:00:00,GHCND:USC00234271,0
669,",,7,",SNWD,2017-11-28T00:00:00,GHCND:USC00234271,0
670,",,7,0700",TMAX,2017-11-28T00:00:00,GHCND:USC00234271,222
671,",,7,0700",TMIN,2017-11-28T00:00:00,GHCND:USC00234271,67
672,",,7,0700",TOBS,2017-11-28T00:00:00,GHCND:USC00234271,128
673,",,W,",AWND,2017-11-28T00:00:00,GHCND:USW00003963,45
674,",,W,",PRCP,2017-11-28T00:00:00,GHCND:USW00003963,0
675,",,W,",SNOW,2017-11-28T00:00:00,GHCND:USW00003963,0
676,",,W,",SNWD,2017-11-28T00:00:00,GHCND:USW00003963,0
677,",,W,",TMAX,2017-11-28T00:00:00,GHCND:USW00003963,217
678,",,W,",TMIN,2017-11-28T00:00:00,GHCND:USW00003963,133
679,",,W,",WDF2,2017-11-28T00:00:00,GHCND:USW00003963,230
680,",,W,",WDF5,2017-11-28T00:00:00,GHCND:USW00003963,10
681,",,W,",WSF2,2017-11-28T00:00:00,GHCND:USW00003963,89
682,",,W,",WSF5,2017-11-28T00:00:00,GHCND:USW00003963,112
683,",,N,",PRCP,2017-11-29T00:00:00,GHCND:US1MOBN0007,0
684,",,N,",SNOW,2017-11-29T00:00:00,GHCND:US1MOBN0007,0
685,",,N,",PRCP,2017-11-29T00:00:00,GHCND:US1MOBN0032,0
686,",,N,",SNOW,2017-11-29T00:00:00,GHCND:US1MOBN0032,0
687,",,N,",PRCP,2017-11-29T00:00:00,GHCND:US1MOCE0007,0
688,",,N,",SNOW,2017-11-29T00:00:00,GHCND:US1MOCE0007,0
689,",,N,",PRCP,2017-11-29T00:00:00,GHCND:US1MOCE0009,0
690,",,N,",SNOW,2017-11-29T00:00:00,GHCND:US1MOCE0009,0
691,",,N,",PRCP,2017-11-29T00:00:00,GHCND:US1MOCE0017,0
692,",,N,",SNOW,2017-11-29T00:00:00,GHCND:US1MOCE0017,0
693,",,N,",SNWD,2017-11-29T00:00:00,GHCND:US1MOCE0017,0
694,",,N,",WESD,2017-11-29T00:00:00,GHCND:US1MOCE0017,0
695,",,N,",WESF,2017-11-29T00:00:00,GHCND:US1MOCE0017,0
696,",,N,",PRCP,2017-11-29T00:00:00,GHCND:US1MOCW0009,0
697,",,N,",SNOW,2017-11-29T00:00:00,GHCND:US1MOCW0009,0
698,",,N,",PRCP,2017-11-29T00:00:00,GHCND:US1MOCW0012,0
699,",,N,",PRCP,2017-11-29T00:00:00,GHCND:US1MOFSA051,0
700,",,N,",SNOW,2017-11-29T00:00:00,GHCND:US1MOFSA051,0
701,",,7,0700",PRCP,2017-11-29T00:00:00,GHCND:USC00234271,0
702,",,7,",SNOW,2017-11-29T00:00:00,GHCND:USC00234271,0
703,",,7,",SNWD,2017-11-29T00:00:00,GHCND:USC00234271,0
704,",,7,0700",TMAX,2017-11-29T00:00:00,GHCND:USC00234271,222
705,",,7,0700",TMIN,2017-11-29T00:00:00,GHCND:USC00234271,100
706,",,7,0700",TOBS,2017-11-29T00:00:00,GHCND:USC00234271,100
707,",,W,",AWND,2017-11-29T00:00:00,GHCND:USW00003963,30
708,"T,,W,",PRCP,2017-11-29T00:00:00,GHCND:USW00003963,0
709,",,W,",SNOW,2017-11-29T00:00:00,GHCND:USW00003963,0
710,",,W,",SNWD,2017-11-29T00:00:00,GHCND:USW00003963,0
711,",,W,",TMAX,2017-11-29T00:00:00,GHCND:USW00003963,167
712,",,W,",TMIN,2017-11-29T00:00:00,GHCND:USW00003963,100
713,",,W,",WDF2,2017-11-29T00:00:00,GHCND:USW00003963,100
714,",,W,",WDF5,2017-11-29T00:00:00,GHCND:USW00003963,80
715,",,W,",WSF2,2017-11-29T00:00:00,GHCND:USW00003963,63
716,",,W,",WSF5,2017-11-29T00:00:00,GHCND:USW00003963,94
717,",,N,",PRCP,2017-11-30T00:00:00,GHCND:US1MOBN0007,0
718,",,N,",SNOW,2017-11-30T00:00:00,GHCND:US1MOBN0007,0
719,",,N,",PRCP,2017-11-30T00:00:00,GHCND:US1MOBN0032,0
720,",,N,",SNOW,2017-11-30T00:00:00,GHCND:US1MOBN0032,0
721,",,N,",PRCP,2017-11-30T00:00:00,GHCND:US1MOCE0007,0
722,",,N,",SNOW,2017-11-30T00:00:00,GHCND:US1MOCE0007,0
723,",,N,",PRCP,2017-11-30T00:00:00,GHCND:US1MOCE0009,0
724,",,N,",SNOW,2017-11-30T00:00:00,GHCND:US1MOCE0009,0
725,",,N,",PRCP,2017-11-30T00:00:00,GHCND:US1MOCE0017,0
726,",,N,",SNOW,2017-11-30T00:00:00,GHCND:US1MOCE0017,0
727,",,N,",SNWD,2017-11-30T00:00:00,GHCND:US1MOCE0017,0
728,",,N,",WESD,2017-11-30T00:00:00,GHCND:US1MOCE0017,0
729,",,N,",WESF,2017-11-30T00:00:00,GHCND:US1MOCE0017,0
730,",,N,",PRCP,2017-11-30T00:00:00,GHCND:US1MOCW0009,0
731,",,N,",SNOW,2017-11-30T00:00:00,GHCND:US1MOCW0009,0
732,",,N,",PRCP,2017-11-30T00:00:00,GHCND:US1MOCW0012,0
733,",,N,",PRCP,2017-11-30T00:00:00,GHCND:US1MOFSA051,0
734,",,N,",SNOW,2017-11-30T00:00:00,GHCND:US1MOFSA051,0
735,",,7,0700",PRCP,2017-11-30T00:00:00,GHCND:USC00234271,0
736,",,7,",SNOW,2017-11-30T00:00:00,GHCND:USC00234271,0
737,",,7,",SNWD,2017-11-30T00:00:00,GHCND:USC00234271,0
738,",,7,0700",TMAX,2017-11-30T00:00:00,GHCND:USC00234271,161
739,",,7,0700",TMIN,2017-11-30T00:00:00,GHCND:USC00234271,83
740,",,7,0700",TOBS,2017-11-30T00:00:00,GHCND:USC00234271,83
741,",,W,",AWND,2017-11-30T00:00:00,GHCND:USW00003963,26
742,",,W,",PRCP,2017-11-30T00:00:00,GHCND:USW00003963,0
743,",,W,",SNOW,2017-11-30T00:00:00,GHCND:USW00003963,0
744,",,W,",SNWD,2017-11-30T00:00:00,GHCND:USW00003963,0
745,",,W,",TMAX,2017-11-30T00:00:00,GHCND:USW00003963,144
746,",,W,",TMIN,2017-11-30T00:00:00,GHCND:USW00003963,-5
747,",,W,",WDF2,2017-11-30T00:00:00,GHCND:USW00003963,290
748,",,W,",WDF5,2017-11-30T00:00:00,GHCND:USW00003963,290
749,",,W,",WSF2,2017-11-30T00:00:00,GHCND:USW00003963,72
750,",,W,",WSF5,2017-11-30T00:00:00,GHCND:USW00003963,89
751,",,N,",PRCP,2017-12-01T00:00:00,GHCND:US1MOBN0007,0
752,",,N,",SNOW,2017-12-01T00:00:00,GHCND:US1MOBN0007,0
753,",,N,",PRCP,2017-12-01T00:00:00,GHCND:US1MOBN0032,0
754,",,N,",SNOW,2017-12-01T00:00:00,GHCND:US1MOBN0032,0
755,",,N,",PRCP,2017-12-01T00:00:00,GHCND:US1MOCE0007,0
756,",,N,",SNOW,2017-12-01T00:00:00,GHCND:US1MOCE0007,0
757,",,N,",PRCP,2017-12-01T00:00:00,GHCND:US1MOCE0009,0
758,",,N,",SNOW,2017-12-01T00:00:00,GHCND:US1MOCE0009,0
759,",,N,",PRCP,2017-12-01T00:00:00,GHCND:US1MOCE0017,0
760,",,N,",SNOW,2017-12-01T00:00:00,GHCND:US1MOCE0017,0
761,",,N,",SNWD,2017-12-01T00:00:00,GHCND:US1MOCE0017,0
762,",,N,",WESD,2017-12-01T00:00:00,GHCND:US1MOCE0017,0
763,",,N,",WESF,2017-12-01T00:00:00,GHCND:US1MOCE0017,0
764,",,N,",PRCP,2017-12-01T00:00:00,GHCND:US1MOCW0009,0
765,",,N,",SNOW,2017-12-01T00:00:00,GHCND:US1MOCW0009,0
766,",,N,",PRCP,2017-12-01T00:00:00,GHCND:US1MOCW0012,0
767,",,N,",PRCP,2017-12-01T00:00:00,GHCND:US1MOFSA051,0
768,",,N,",SNOW,2017-12-01T00:00:00,GHCND:US1MOFSA051,0
769,",,7,0700",PRCP,2017-12-01T00:00:00,GHCND:USC00234271,0
770,",,7,",SNOW,2017-12-01T00:00:00,GHCND:USC00234271,0
771,",,7,",SNWD,2017-12-01T00:00:00,GHCND:USC00234271,0
772,",,7,0700",TMAX,2017-12-01T00:00:00,GHCND:USC00234271,144
773,",,7,0700",TMIN,2017-12-01T00:00:00,GHCND:USC00234271,-17
774,",,7,0700",TOBS,2017-12-01T00:00:00,GHCND:USC00234271,-17
775,",,W,",AWND,2017-12-01T00:00:00,GHCND:USW00003963,22
776,",,W,",PRCP,2017-12-01T00:00:00,GHCND:USW00003963,0
777,",,W,",SNOW,2017-12-01T00:00:00,GHCND:USW00003963,0
778,",,W,",SNWD,2017-12-01T00:00:00,GHCND:USW00003963,0
779,",,W,",TMAX,2017-12-01T00:00:00,GHCND:USW00003963,144
780,",,W,",TMIN,2017-12-01T00:00:00,GHCND:USW00003963,-38
781,",,W,",WDF2,2017-12-01T00:00:00,GHCND:USW00003963,180
782,",,W,",WDF5,2017-12-01T00:00:00,GHCND:USW00003963,170
783,",,W,",WSF2,2017-12-01T00:00:00,GHCND:USW00003963,45
784,",,W,",WSF5,2017-12-01T00:00:00,GHCND:USW00003963,63
785,",,N,",PRCP,2017-12-02T00:00:00,GHCND:US1MOBN0007,0
786,",,N,",SNOW,2017-12-02T00:00:00,GHCND:US1MOBN0007,0
787,",,N,",PRCP,2017-12-02T00:00:00,GHCND:US1MOBN0032,0
788,",,N,",SNOW,2017-12-02T00:00:00,GHCND:US1MOBN0032,0
789,",,N,",PRCP,2017-12-02T00:00:00,GHCND:US1MOCE0007,0
790,",,N,",SNOW,2017-12-02T00:00:00,GHCND:US1MOCE0007,0
791,",,N,",PRCP,2017-12-02T00:00:00,GHCND:US1MOCE0009,0
792,",,N,",SNOW,2017-12-02T00:00:00,GHCND:US1MOCE0009,0
793,",,N,",PRCP,2017-12-02T00:00:00,GHCND:US1MOCE0017,0
794,",,N,",SNOW,2017-12-02T00:00:00,GHCND:US1MOCE0017,0
795,",,N,",SNWD,2017-12-02T00:00:00,GHCND:US1MOCE0017,0
796,",,N,",WESD,2017-12-02T00:00:00,GHCND:US1MOCE0017,0
797,",,N,",WESF,2017-12-02T00:00:00,GHCND:US1MOCE0017,0
798,",,N,",PRCP,2017-12-02T00:00:00,GHCND:US1MOCW0009,0
799,",,N,",SNOW,2017-12-02T00:00:00,GHCND:US1MOCW0009,0
800,",,N,",PRCP,2017-12-02T00:00:00,GHCND:US1MOCW0012,0
801,",,N,",PRCP,2017-12-02T00:00:00,GHCND:US1MOFSA051,0
802,",,N,",SNOW,2017-12-02T00:00:00,GHCND:US1MOFSA051,0
803,",,7,0700",PRCP,2017-12-02T00:00:00,GHCND:USC00234271,0
804,",,7,",SNOW,2017-12-02T00:00:00,GHCND:USC00234271,0
805,",,7,",SNWD,2017-12-02T00:00:00,GHCND:USC00234271,0
806,",,7,0700",TMAX,2017-12-02T00:00:00,GHCND:USC00234271,150
807,",,7,0700",TMIN,2017-12-02T00:00:00,GHCND:USC00234271,-17
808,",,7,0700",TOBS,2017-12-02T00:00:00,GHCND:USC00234271,61
809,",,W,",AWND,2017-12-02T00:00:00,GHCND:USW00003963,8
810,",,W,",PRCP,2017-12-02T00:00:00,GHCND:USW00003963,0
811,",,W,",SNOW,2017-12-02T00:00:00,GHCND:USW00003963,0
812,",,W,",SNWD,2017-12-02T00:00:00,GHCND:USW00003963,0
813,",,W,",TMAX,2017-12-02T00:00:00,GHCND:USW00003963,178
814,",,W,",TMIN,2017-12-02T00:00:00,GHCND:USW00003963,33
815,",,W,",WDF2,2017-12-02T00:00:00,GHCND:USW00003963,260
816,",,W,",WDF5,2017-12-02T00:00:00,GHCND:USW00003963,290
817,",,W,",WSF2,2017-12-02T00:00:00,GHCND:USW00003963,31
818,",,W,",WSF5,2017-12-02T00:00:00,GHCND:USW00003963,40
819,",,W,",WT08,2017-12-02T00:00:00,GHCND:USW00003963,1
820,",,N,",PRCP,2017-12-03T00:00:00,GHCND:US1MOBN0007,0
821,",,N,",SNOW,2017-12-03T00:00:00,GHCND:US1MOBN0007,0
822,",,N,",PRCP,2017-12-03T00:00:00,GHCND:US1MOBN0032,0
823,",,N,",SNOW,2017-12-03T00:00:00,GHCND:US1MOBN0032,0
824,",,N,",PRCP,2017-12-03T00:00:00,GHCND:US1MOCE0007,0
825,",,N,",SNOW,2017-12-03T00:00:00,GHCND:US1MOCE0007,0
826,",,N,",PRCP,2017-12-03T00:00:00,GHCND:US1MOCE0009,0
827,",,N,",SNOW,2017-12-03T00:00:00,GHCND:US1MOCE0009,0
828,",,N,",PRCP,2017-12-03T00:00:00,GHCND:US1MOCE0017,0
829,",,N,",SNOW,2017-12-03T00:00:00,GHCND:US1MOCE0017,0
830,",,N,",SNWD,2017-12-03T00:00:00,GHCND:US1MOCE0017,0
831,",,N,",WESD,2017-12-03T00:00:00,GHCND:US1MOCE0017,0
832,",,N,",WESF,2017-12-03T00:00:00,GHCND:US1MOCE0017,0
833,",,N,",PRCP,2017-12-03T00:00:00,GHCND:US1MOCW0009,0
834,",,N,",SNOW,2017-12-03T00:00:00,GHCND:US1MOCW0009,0
835,",,N,",PRCP,2017-12-03T00:00:00,GHCND:US1MOCW0012,0
836,",,N,",PRCP,2017-12-03T00:00:00,GHCND:US1MOFSA051,0
837,",,N,",SNOW,2017-12-03T00:00:00,GHCND:US1MOFSA051,0
838,",,7,0700",PRCP,2017-12-03T00:00:00,GHCND:USC00234271,0
839,",,7,",SNOW,2017-12-03T00:00:00,GHCND:USC00234271,0
840,",,7,",SNWD,2017-12-03T00:00:00,GHCND:USC00234271,0
841,",,7,0700",TMAX,2017-12-03T00:00:00,GHCND:USC00234271,178
842,",,7,0700",TMIN,2017-12-03T00:00:00,GHCND:USC00234271,28
843,",,7,0700",TOBS,2017-12-03T00:00:00,GHCND:USC00234271,28
844,",,W,",AWND,2017-12-03T00:00:00,GHCND:USW00003963,34
845,",,W,",PRCP,2017-12-03T00:00:00,GHCND:USW00003963,0
846,",,W,",SNOW,2017-12-03T00:00:00,GHCND:USW00003963,0
847,",,W,",SNWD,2017-12-03T00:00:00,GHCND:USW00003963,0
848,",,W,",TMAX,2017-12-03T00:00:00,GHCND:USW00003963,211
849,",,W,",TMIN,2017-12-03T00:00:00,GHCND:USW00003963,6
850,",,W,",WDF2,2017-12-03T00:00:00,GHCND:USW00003963,160
851,",,W,",WDF5,2017-12-03T00:00:00,GHCND:USW00003963,150
852,",,W,",WSF2,2017-12-03T00:00:00,GHCND:USW00003963,81
853,",,W,",WSF5,2017-12-03T00:00:00,GHCND:USW00003963,103
854,",,N,",PRCP,2017-12-04T00:00:00,GHCND:US1MOBN0007,0
855,",,N,",SNOW,2017-12-04T00:00:00,GHCND:US1MOBN0007,0
856,",,N,",PRCP,2017-12-04T00:00:00,GHCND:US1MOBN0032,0
857,",,N,",SNOW,2017-12-04T00:00:00,GHCND:US1MOBN0032,0
858,",,N,",PRCP,2017-12-04T00:00:00,GHCND:US1MOCE0007,0
859,",,N,",PRCP,2017-12-04T00:00:00,GHCND:US1MOCE0009,0
860,",,N,",SNOW,2017-12-04T00:00:00,GHCND:US1MOCE0009,0
861,",,N,",PRCP,2017-12-04T00:00:00,GHCND:US1MOCE0017,0
862,",,N,",SNOW,2017-12-04T00:00:00,GHCND:US1MOCE0017,0
863,",,N,",SNWD,2017-12-04T00:00:00,GHCND:US1MOCE0017,0
864,",,N,",WESD,2017-12-04T00:00:00,GHCND:US1MOCE0017,0
865,",,N,",WESF,2017-12-04T00:00:00,GHCND:US1MOCE0017,0
866,",,N,",PRCP,2017-12-04T00:00:00,GHCND:US1MOCW0009,0
867,",,N,",SNOW,2017-12-04T00:00:00,GHCND:US1MOCW0009,0
868,",,N,",PRCP,2017-12-04T00:00:00,GHCND:US1MOCW0012,0
869,",,N,",PRCP,2017-12-04T00:00:00,GHCND:US1MOFSA051,0
870,",,N,",SNOW,2017-12-04T00:00:00,GHCND:US1MOFSA051,0
871,",,7,0700",PRCP,2017-12-04T00:00:00,GHCND:USC00234271,0
872,",,7,",SNOW,2017-12-04T00:00:00,GHCND:USC00234271,0
873,",,7,",SNWD,2017-12-04T00:00:00,GHCND:USC00234271,0
874,",,7,0700",TMAX,2017-12-04T00:00:00,GHCND:USC00234271,206
875,",,7,0700",TMIN,2017-12-04T00:00:00,GHCND:USC00234271,28
876,",,7,0700",TOBS,2017-12-04T00:00:00,GHCND:USC00234271,156
877,",,W,",AWND,2017-12-04T00:00:00,GHCND:USW00003963,70
878,",,W,",PRCP,2017-12-04T00:00:00,GHCND:USW00003963,135
879,",,W,",SNOW,2017-12-04T00:00:00,GHCND:USW00003963,0
880,",,W,",SNWD,2017-12-04T00:00:00,GHCND:USW00003963,0
881,",,W,",TMAX,2017-12-04T00:00:00,GHCND:USW00003963,217
882,",,W,",TMIN,2017-12-04T00:00:00,GHCND:USW00003963,56
883,",,W,",WDF2,2017-12-04T00:00:00,GHCND:USW00003963,290
884,",,W,",WDF5,2017-12-04T00:00:00,GHCND:USW00003963,180
885,",,W,",WSF2,2017-12-04T00:00:00,GHCND:USW00003963,139
886,",,W,",WSF5,2017-12-04T00:00:00,GHCND:USW00003963,174
887,",,W,",WT01,2017-12-04T00:00:00,GHCND:USW00003963,1
888,",,W,",WT03,2017-12-04T00:00:00,GHCND:USW00003963,1
889,",,N,",PRCP,2017-12-05T00:00:00,GHCND:US1MOBN0007,10
890,",,N,",PRCP,2017-12-05T00:00:00,GHCND:US1MOBN0032,13
891,",,N,",PRCP,2017-12-05T00:00:00,GHCND:US1MOCE0007,71
892,",,N,",PRCP,2017-12-05T00:00:00,GHCND:US1MOCE0009,97
893,",,N,",PRCP,2017-12-05T00:00:00,GHCND:US1MOCE0017,94
894,",,N,",SNOW,2017-12-05T00:00:00,GHCND:US1MOCE0017,0
895,",,N,",SNWD,2017-12-05T00:00:00,GHCND:US1MOCE0017,0
896,",,N,",WESD,2017-12-05T00:00:00,GHCND:US1MOCE0017,0
897,",,N,",WESF,2017-12-05T00:00:00,GHCND:US1MOCE0017,0
898,",,N,",PRCP,2017-12-05T00:00:00,GHCND:US1MOCW0009,23
899,",,N,",PRCP,2017-12-05T00:00:00,GHCND:US1MOCW0012,28
900,",,N,",PRCP,2017-12-05T00:00:00,GHCND:US1MOFSA051,56
901,",,7,0700",PRCP,2017-12-05T00:00:00,GHCND:USC00234271,107
902,",,7,",SNOW,2017-12-05T00:00:00,GHCND:USC00234271,0
903,",,7,",SNWD,2017-12-05T00:00:00,GHCND:USC00234271,0
904,",,7,0700",TMAX,2017-12-05T00:00:00,GHCND:USC00234271,206
905,",,7,0700",TMIN,2017-12-05T00:00:00,GHCND:USC00234271,-11
906,",,7,0700",TOBS,2017-12-05T00:00:00,GHCND:USC00234271,-6
907,",,W,",AWND,2017-12-05T00:00:00,GHCND:USW00003963,55
908,",,W,",PRCP,2017-12-05T00:00:00,GHCND:USW00003963,0
909,",,W,",SNOW,2017-12-05T00:00:00,GHCND:USW00003963,0
910,",,W,",SNWD,2017-12-05T00:00:00,GHCND:USW00003963,0
911,",,W,",TMAX,2017-12-05T00:00:00,GHCND:USW00003963,72
912,",,W,",TMIN,2017-12-05T00:00:00,GHCND:USW00003963,-5
913,",,W,",WDF2,2017-12-05T00:00:00,GHCND:USW00003963,290
914,",,W,",WDF5,2017-12-05T00:00:00,GHCND:USW00003963,270
915,",,W,",WSF2,2017-12-05T00:00:00,GHCND:USW00003963,125
916,",,W,",WSF5,2017-12-05T00:00:00,GHCND:USW00003963,152
917,",,N,",PRCP,2017-12-06T00:00:00,GHCND:US1MOBN0007,0
918,",,N,",SNOW,2017-12-06T00:00:00,GHCND:US1MOBN0007,0
919,",,N,",PRCP,2017-12-06T00:00:00,GHCND:US1MOBN0032,0
920,",,N,",SNOW,2017-12-06T00:00:00,GHCND:US1MOBN0032,0
921,",,N,",PRCP,2017-12-06T00:00:00,GHCND:US1MOCE0007,0
922,",,N,",SNOW,2017-12-06T00:00:00,GHCND:US1MOCE0007,0
923,",,N,",PRCP,2017-12-06T00:00:00,GHCND:US1MOCE0009,0
924,",,N,",SNOW,2017-12-06T00:00:00,GHCND:US1MOCE0009,0
925,",,N,",PRCP,2017-12-06T00:00:00,GHCND:US1MOCE0017,0
926,",,N,",SNOW,2017-12-06T00:00:00,GHCND:US1MOCE0017,0
927,",,N,",SNWD,2017-12-06T00:00:00,GHCND:US1MOCE0017,0
928,",,N,",WESD,2017-12-06T00:00:00,GHCND:US1MOCE0017,0
929,",,N,",WESF,2017-12-06T00:00:00,GHCND:US1MOCE0017,0
930,",,N,",PRCP,2017-12-06T00:00:00,GHCND:US1MOCW0009,0
931,",,N,",SNOW,2017-12-06T00:00:00,GHCND:US1MOCW0009,0
932,",,N,",PRCP,2017-12-06T00:00:00,GHCND:US1MOCW0012,0
933,",,N,",PRCP,2017-12-06T00:00:00,GHCND:US1MOFSA051,0
934,",,N,",SNOW,2017-12-06T00:00:00,GHCND:US1MOFSA051,0
935,",,7,0700",PRCP,2017-12-06T00:00:00,GHCND:USC00234271,0
936,",,7,",SNOW,2017-12-06T00:00:00,GHCND:USC00234271,0
937,",,7,",SNWD,2017-12-06T00:00:00,GHCND:USC00234271,0
938,",,7,0700",TMAX,2017-12-06T00:00:00,GHCND:USC00234271,72
939,",,7,0700",TMIN,2017-12-06T00:00:00,GHCND:USC00234271,-11
940,",,7,0700",TOBS,2017-12-06T00:00:00,GHCND:USC00234271,11
941,",,W,",AWND,2017-12-06T00:00:00,GHCND:USW00003963,43
942,",,W,",PRCP,2017-12-06T00:00:00,GHCND:USW00003963,0
943,",,W,",SNOW,2017-12-06T00:00:00,GHCND:USW00003963,0
944,",,W,",SNWD,2017-12-06T00:00:00,GHCND:USW00003963,0
945,",,W,",TMAX,2017-12-06T00:00:00,GHCND:USW00003963,100
946,",,W,",TMIN,2017-12-06T00:00:00,GHCND:USW00003963,6
947,",,W,",WDF2,2017-12-06T00:00:00,GHCND:USW00003963,290
948,",,W,",WDF5,2017-12-06T00:00:00,GHCND:USW00003963,350
949,",,W,",WSF2,2017-12-06T00:00:00,GHCND:USW00003963,98
950,",,W,",WSF5,2017-12-06T00:00:00,GHCND:USW00003963,121
951,",,N,",PRCP,2017-12-07T00:00:00,GHCND:US1MOBN0007,0
952,",,N,",SNOW,2017-12-07T00:00:00,GHCND:US1MOBN0007,0
953,",,N,",PRCP,2017-12-07T00:00:00,GHCND:US1MOBN0032,3
954,",,N,",PRCP,2017-12-07T00:00:00,GHCND:US1MOCE0007,0
955,",,N,",SNOW,2017-12-07T00:00:00,GHCND:US1MOCE0007,0
956,"T,,N,",PRCP,2017-12-07T00:00:00,GHCND:US1MOCE0009,0
957,",,N,",PRCP,2017-12-07T00:00:00,GHCND:US1MOCE0017,0
958,",,N,",SNOW,2017-12-07T00:00:00,GHCND:US1MOCE0017,0
959,",,N,",SNWD,2017-12-07T00:00:00,GHCND:US1MOCE0017,0
960,",,N,",WESD,2017-12-07T00:00:00,GHCND:US1MOCE0017,0
961,",,N,",WESF,2017-12-07T00:00:00,GHCND:US1MOCE0017,0
962,"T,,N,",PRCP,2017-12-07T00:00:00,GHCND:US1MOCW0009,0
963,",,N,",PRCP,2017-12-07T00:00:00,GHCND:US1MOCW0012,0
964,",,N,",PRCP,2017-12-07T00:00:00,GHCND:US1MOFSA051,0
965,",,N,",SNOW,2017-12-07T00:00:00,GHCND:US1MOFSA051,0
966,",,7,0700",PRCP,2017-12-07T00:00:00,GHCND:USC00234271,0
967,",,7,",SNOW,2017-12-07T00:00:00,GHCND:USC00234271,0
968,",,7,",SNWD,2017-12-07T00:00:00,GHCND:USC00234271,0
969,",,7,0700",TMAX,2017-12-07T00:00:00,GHCND:USC00234271,100
970,",,7,0700",TMIN,2017-12-07T00:00:00,GHCND:USC00234271,-56
971,",,7,0700",TOBS,2017-12-07T00:00:00,GHCND:USC00234271,-56
972,",,W,",AWND,2017-12-07T00:00:00,GHCND:USW00003963,44
973,",,W,",PRCP,2017-12-07T00:00:00,GHCND:USW00003963,0
974,",,W,",SNOW,2017-12-07T00:00:00,GHCND:USW00003963,0
975,",,W,",SNWD,2017-12-07T00:00:00,GHCND:USW00003963,0
976,",,W,",TMAX,2017-12-07T00:00:00,GHCND:USW00003963,6
977,",,W,",TMIN,2017-12-07T00:00:00,GHCND:USW00003963,-77
978,",,W,",WDF2,2017-12-07T00:00:00,GHCND:USW00003963,290
979,",,W,",WDF5,2017-12-07T00:00:00,GHCND:USW00003963,300
980,",,W,",WSF2,2017-12-07T00:00:00,GHCND:USW00003963,94
981,",,W,",WSF5,2017-12-07T00:00:00,GHCND:USW00003963,125
982,",,N,",PRCP,2017-12-08T00:00:00,GHCND:US1MOBN0007,0
983,",,N,",SNOW,2017-12-08T00:00:00,GHCND:US1MOBN0007,0
984,",,N,",PRCP,2017-12-08T00:00:00,GHCND:US1MOBN0032,0
985,",,N,",SNOW,2017-12-08T00:00:00,GHCND:US1MOBN0032,0
986,",,N,",PRCP,2017-12-08T00:00:00,GHCND:US1MOCE0007,0
987,",,N,",SNOW,2017-12-08T00:00:00,GHCND:US1MOCE0007,0
988,"T,,N,",PRCP,2017-12-08T00:00:00,GHCND:US1MOCE0009,0
989,",,N,",PRCP,2017-12-08T00:00:00,GHCND:US1MOCE0017,0
990,",,N,",SNOW,2017-12-08T00:00:00,GHCND:US1MOCE0017,0
991,",,N,",SNWD,2017-12-08T00:00:00,GHCND:US1MOCE0017,0
992,",,N,",WESD,2017-12-08T00:00:00,GHCND:US1MOCE0017,0
993,",,N,",WESF,2017-12-08T00:00:00,GHCND:US1MOCE0017,0
994,"T,,N,",PRCP,2017-12-08T00:00:00,GHCND:US1MOCW0009,0
995,",,N,",PRCP,2017-12-08T00:00:00,GHCND:US1MOCW0012,0
996,",,N,",PRCP,2017-12-08T00:00:00,GHCND:US1MOFSA051,0
997,",,N,",SNOW,2017-12-08T00:00:00,GHCND:US1MOFSA051,0
998,",,7,0700",PRCP,2017-12-08T00:00:00,GHCND:USC00234271,0
999,",,7,",SNOW,2017-12-08T00:00:00,GHCND:USC00234271,0
0,",,7,",SNWD,2017-12-08T00:00:00,GHCND:USC00234271,0
1,",,7,0700",TMAX,2017-12-08T00:00:00,GHCND:USC00234271,0
2,",,7,0700",TMIN,2017-12-08T00:00:00,GHCND:USC00234271,-89
3,",,7,0700",TOBS,2017-12-08T00:00:00,GHCND:USC00234271,-67
4,",,W,",AWND,2017-12-08T00:00:00,GHCND:USW00003963,22
5,",,W,",PRCP,2017-12-08T00:00:00,GHCND:USW00003963,0
6,",,W,",SNOW,2017-12-08T00:00:00,GHCND:USW00003963,0
7,",,W,",SNWD,2017-12-08T00:00:00,GHCND:USW00003963,0
8,",,W,",TMAX,2017-12-08T00:00:00,GHCND:USW00003963,44
9,",,W,",TMIN,2017-12-08T00:00:00,GHCND:USW00003963,-93
10,",,W,",WDF2,2017-12-08T00:00:00,GHCND:USW00003963,260
11,",,W,",WDF5,2017-12-08T00:00:00,GHCND:USW00003963,210
12,",,W,",WSF2,2017-12-08T00:00:00,GHCND:USW00003963,58
13,",,W,",WSF5,2017-12-08T00:00:00,GHCND:USW00003963,72
14,",,N,",PRCP,2017-12-09T00:00:00,GHCND:US1MOBN0007,0
15,",,N,",SNOW,2017-12-09T00:00:00,GHCND:US1MOBN0007,0
16,",,N,",PRCP,2017-12-09T00:00:00,GHCND:US1MOBN0032,0
17,",,N,",SNOW,2017-12-09T00:00:00,GHCND:US1MOBN0032,0
18,",,N,",PRCP,2017-12-09T00:00:00,GHCND:US1MOCE0007,0
19,",,N,",SNOW,2017-12-09T00:00:00,GHCND:US1MOCE0007,0
20,",,N,",PRCP,2017-12-09T00:00:00,GHCND:US1MOCE0009,0
21,",,N,",SNOW,2017-12-09T00:00:00,GHCND:US1MOCE0009,0
22,",,N,",PRCP,2017-12-09T00:00:00,GHCND:US1MOCE0017,0
23,",,N,",SNOW,2017-12-09T00:00:00,GHCND:US1MOCE0017,0
24,",,N,",SNWD,2017-12-09T00:00:00,GHCND:US1MOCE0017,0
25,",,N,",WESD,2017-12-09T00:00:00,GHCND:US1MOCE0017,0
26,",,N,",WESF,2017-12-09T00:00:00,GHCND:US1MOCE0017,0
27,",,N,",PRCP,2017-12-09T00:00:00,GHCND:US1MOCW0009,0
28,",,N,",SNOW,2017-12-09T00:00:00,GHCND:US1MOCW0009,0
29,",,N,",PRCP,2017-12-09T00:00:00,GHCND:US1MOCW0012,0
30,",,N,",PRCP,2017-12-09T00:00:00,GHCND:US1MOFSA051,0
31,",,N,",SNOW,2017-12-09T00:00:00,GHCND:US1MOFSA051,0
32,",,7,0700",PRCP,2017-12-09T00:00:00,GHCND:USC00234271,0
33,",,7,",SNOW,2017-12-09T00:00:00,GHCND:USC00234271,0
34,",,7,",SNWD,2017-12-09T00:00:00,GHCND:USC00234271,0
35,",,7,0700",TMAX,2017-12-09T00:00:00,GHCND:USC00234271,50
36,",,7,0700",TMIN,2017-12-09T00:00:00,GHCND:USC00234271,-67
37,",,7,0700",TOBS,2017-12-09T00:00:00,GHCND:USC00234271,-17
38,",,W,",AWND,2017-12-09T00:00:00,GHCND:USW00003963,38
39,",,W,",PRCP,2017-12-09T00:00:00,GHCND:USW00003963,0
40,",,W,",SNOW,2017-12-09T00:00:00,GHCND:USW00003963,0
41,",,W,",SNWD,2017-12-09T00:00:00,GHCND:USW00003963,0
42,",,W,",TMAX,2017-12-09T00:00:00,GHCND:USW00003963,39
43,",,W,",TMIN,2017-12-09T00:00:00,GHCND:USW00003963,-60
44,",,W,",WDF2,2017-12-09T00:00:00,GHCND:USW00003963,290
45,",,W,",WDF5,2017-12-09T00:00:00,GHCND:USW00003963,300
46,",,W,",WSF2,2017-12-09T00:00:00,GHCND:USW00003963,98
47,",,W,",WSF5,2017-12-09T00:00:00,GHCND:USW00003963,116
48,",,N,",PRCP,2017-12-10T00:00:00,GHCND:US1MOBN0007,0
49,",,N,",SNOW,2017-12-10T00:00:00,GHCND:US1MOBN0007,0
50,",,N,",PRCP,2017-12-10T00:00:00,GHCND:US1MOBN0032,0
51,",,N,",SNOW,2017-12-10T00:00:00,GHCND:US1MOBN0032,0
52,",,N,",PRCP,2017-12-10T00:00:00,GHCND:US1MOCE0007,0
53,",,N,",SNOW,2017-12-10T00:00:00,GHCND:US1MOCE0007,0
54,",,N,",PRCP,2017-12-10T00:00:00,GHCND:US1MOCE0009,0
55,",,N,",SNOW,2017-12-10T00:00:00,GHCND:US1MOCE0009,0
56,",,N,",PRCP,2017-12-10T00:00:00,GHCND:US1MOCE0017,0
57,",,N,",SNOW,2017-12-10T00:00:00,GHCND:US1MOCE0017,0
58,",,N,",SNWD,2017-12-10T00:00:00,GHCND:US1MOCE0017,0
59,",,N,",WESD,2017-12-10T00:00:00,GHCND:US1MOCE0017,0
60,",,N,",WESF,2017-12-10T00:00:00,GHCND:US1MOCE0017,0
61,",,N,",PRCP,2017-12-10T00:00:00,GHCND:US1MOCW0009,0
62,",,N,",SNOW,2017-12-10T00:00:00,GHCND:US1MOCW0009,0
63,",,N,",PRCP,2017-12-10T00:00:00,GHCND:US1MOCW0012,0
64,",,N,",PRCP,2017-12-10T00:00:00,GHCND:US1MOFSA051,0
65,",,N,",SNOW,2017-12-10T00:00:00,GHCND:US1MOFSA051,0
66,",,7,0700",PRCP,2017-12-10T00:00:00,GHCND:USC00234271,0
67,",,7,",SNOW,2017-12-10T00:00:00,GHCND:USC00234271,0
68,",,7,",SNWD,2017-12-10T00:00:00,GHCND:USC00234271,0
69,",,7,0700",TMAX,2017-12-10T00:00:00,GHCND:USC00234271,33
70,",,7,0700",TMIN,2017-12-10T00:00:00,GHCND:USC00234271,-50
71,",,7,0700",TOBS,2017-12-10T00:00:00,GHCND:USC00234271,-28
72,",,W,",AWND,2017-12-10T00:00:00,GHCND:USW00003963,26
73,",,W,",PRCP,2017-12-10T00:00:00,GHCND:USW00003963,0
74,",,W,",SNOW,2017-12-10T00:00:00,GHCND:USW00003963,0
75,",,W,",SNWD,2017-12-10T00:00:00,GHCND:USW00003963,0
76,",,W,",TMAX,2017-12-10T00:00:00,GHCND:USW00003963,122
77,",,W,",TMIN,2017-12-10T00:00:00,GHCND:USW00003963,-55
78,",,W,",WDF2,2017-12-10T00:00:00,GHCND:USW00003963,290
79,",,W,",WDF5,2017-12-10T00:00:00,GHCND:USW00003963,300
80,",,W,",WSF2,2017-12-10T00:00:00,GHCND:USW00003963,81
81,",,W,",WSF5,2017-12-10T00:00:00,GHCND:USW00003963,107
82,",,N,",PRCP,2017-12-11T00:00:00,GHCND:US1MOBN0007,0
83,",,N,",SNOW,2017-12-11T00:00:00,GHCND:US1MOBN0007,0
84,",,N,",PRCP,2017-12-11T00:00:00,GHCND:US1MOBN0032,0
85,",,N,",SNOW,2017-12-11T00:00:00,GHCND:US1MOBN0032,0
86,",,N,",PRCP,2017-12-11T00:00:00,GHCND:US1MOCE0007,0
87,",,N,",SNOW,2017-12-11T00:00:00,GHCND:US1MOCE0007,0
88,",,N,",PRCP,2017-12-11T00:00:00,GHCND:US1MOCE0009,0
89,",,N,",SNOW,2017-12-11T00:00:00,GHCND:US1MOCE0009,0
90,",,N,",PRCP,2017-12-11T00:00:00,GHCND:US1MOCE0017,0
91,",,N,",SNOW,2017-12-11T00:00:00,GHCND:US1MOCE0017,0
92,",,N,",SNWD,2017-12-11T00:00:00,GHCND:US1MOCE0017,0
93,",,N,",WESD,2017-12-11T00:00:00,GHCND:US1MOCE0017,0
94,",,N,",WESF,2017-12-11T00:00:00,GHCND:US1MOCE0017,0
95,",,N,",PRCP,2017-12-11T00:00:00,GHCND:US1MOCW0009,0
96,",,N,",SNOW,2017-12-11T00:00:00,GHCND:US1MOCW0009,0
97,",,N,",PRCP,2017-12-11T00:00:00,GHCND:US1MOCW0012,0
98,",,N,",PRCP,2017-12-11T00:00:00,GHCND:US1MOFSA051,0
99,",,N,",SNOW,2017-12-11T00:00:00,GHCND:US1MOFSA051,0
100,",,7,0700",PRCP,2017-12-11T00:00:00,GHCND:USC00234271,0
101,",,7,",SNOW,2017-12-11T00:00:00,GHCND:USC00234271,0
102,",,7,",SNWD,2017-12-11T00:00:00,GHCND:USC00234271,0
103,",,7,0700",TMAX,2017-12-11T00:00:00,GHCND:USC00234271,122
104,",,7,0700",TMIN,2017-12-11T00:00:00,GHCND:USC00234271,-28
105,",,7,0700",TOBS,2017-12-11T00:00:00,GHCND:USC00234271,28
106,",,W,",AWND,2017-12-11T00:00:00,GHCND:USW00003963,58
107,",,W,",PRCP,2017-12-11T00:00:00,GHCND:USW00003963,0
108,",,W,",SNOW,2017-12-11T00:00:00,GHCND:USW00003963,0
109,",,W,",SNWD,2017-12-11T00:00:00,GHCND:USW00003963,0
110,",,W,",TMAX,2017-12-11T00:00:00,GHCND:USW00003963,139
111,",,W,",TMIN,2017-12-11T00:00:00,GHCND:USW00003963,-38
112,",,W,",WDF2,2017-12-11T00:00:00,GHCND:USW00003963,290
113,",,W,",WDF5,2017-12-11T00:00:00,GHCND:USW00003963,290
114,",,W,",WSF2,2017-12-11T00:00:00,GHCND:USW00003963,143
115,",,W,",WSF5,2017-12-11T00:00:00,GHCND:USW00003963,201
116,",,N,",PRCP,2017-12-12T00:00:00,GHCND:US1MOBN0007,0
117,",,N,",SNOW,2017-12-12T00:00:00,GHCND:US1MOBN0007,0
118,",,N,",PRCP,2017-12-12T00:00:00,GHCND:US1MOBN0032,0
119,",,N,",SNOW,2017-12-12T00:00:00,GHCND:US1MOBN0032,0
120,",,N,",PRCP,2017-12-12T00:00:00,GHCND:US1MOCE0007,0
121,",,N,",SNOW,2017-12-12T00:00:00,GHCND:US1MOCE0007,0
122,",,N,",PRCP,2017-12-12T00:00:00,GHCND:US1MOCE0009,0
123,",,N,",SNOW,2017-12-12T00:00:00,GHCND:US1MOCE0009,0
124,",,N,",PRCP,2017-12-12T00:00:00,GHCND:US1MOCE0017,0
125,",,N,",SNOW,2017-12-12T00:00:00,GHCND:US1MOCE0017,0
126,",,N,",SNWD,2017-12-12T00:00:00,GHCND:US1MOCE0017,0
127,",,N,",WESD,2017-12-12T00:00:00,GHCND:US1MOCE0017,0
128,",,N,",WESF,2017-12-12T00:00:00,GHCND:US1MOCE0017,0
129,",,N,",PRCP,2017-12-12T00:00:00,GHCND:US1MOCW0009,0
130,",,N,",SNOW,2017-12-12T00:00:00,GHCND:US1MOCW0009,0
131,",,N,",PRCP,2017-12-12T00:00:00,GHCND:US1MOCW0012,0
132,",,N,",PRCP,2017-12-12T00:00:00,GHCND:US1MOFSA051,0
133,",,N,",SNOW,2017-12-12T00:00:00,GHCND:US1MOFSA051,0
134,",,7,0700",PRCP,2017-12-12T00:00:00,GHCND:USC00234271,0
135,",,7,",SNOW,2017-12-12T00:00:00,GHCND:USC00234271,0
136,",,7,",SNWD,2017-12-12T00:00:00,GHCND:USC00234271,0
137,",,7,0700",TMAX,2017-12-12T00:00:00,GHCND:USC00234271,133
138,",,7,0700",TMIN,2017-12-12T00:00:00,GHCND:USC00234271,-44
139,",,7,0700",TOBS,2017-12-12T00:00:00,GHCND:USC00234271,-44
140,",,W,",AWND,2017-12-12T00:00:00,GHCND:USW00003963,38
141,",,W,",PRCP,2017-12-12T00:00:00,GHCND:USW00003963,0
142,",,W,",SNOW,2017-12-12T00:00:00,GHCND:USW00003963,0
143,",,W,",SNWD,2017-12-12T00:00:00,GHCND:USW00003963,0
144,",,W,",TMAX,2017-12-12T00:00:00,GHCND:USW00003963,44
145,",,W,",TMIN,2017-12-12T00:00:00,GHCND:USW00003963,-43
146,",,W,",WDF2,2017-12-12T00:00:00,GHCND:USW00003963,330
147,",,W,",WDF5,2017-12-12T00:00:00,GHCND:USW00003963,320
148,",,W,",WSF2,2017-12-12T00:00:00,GHCND:USW00003963,89
149,",,W,",WSF5,2017-12-12T00:00:00,GHCND:USW00003963,121
150,",,N,",PRCP,2017-12-13T00:00:00,GHCND:US1MOBN0007,0
151,",,N,",SNOW,2017-12-13T00:00:00,GHCND:US1MOBN0007,0
152,",,N,",PRCP,2017-12-13T00:00:00,GHCND:US1MOBN0032,0
153,",,N,",SNOW,2017-12-13T00:00:00,GHCND:US1MOBN0032,0
154,",,N,",PRCP,2017-12-13T00:00:00,GHCND:US1MOCE0007,0
155,",,N,",SNOW,2017-12-13T00:00:00,GHCND:US1MOCE0007,0
156,",,N,",PRCP,2017-12-13T00:00:00,GHCND:US1MOCE0009,0
157,",,N,",SNOW,2017-12-13T00:00:00,GHCND:US1MOCE0009,0
158,",,N,",PRCP,2017-12-13T00:00:00,GHCND:US1MOCE0017,0
159,",,N,",SNOW,2017-12-13T00:00:00,GHCND:US1MOCE0017,0
160,",,N,",SNWD,2017-12-13T00:00:00,GHCND:US1MOCE0017,0
161,",,N,",WESD,2017-12-13T00:00:00,GHCND:US1MOCE0017,0
162,",,N,",WESF,2017-12-13T00:00:00,GHCND:US1MOCE0017,0
163,",,N,",PRCP,2017-12-13T00:00:00,GHCND:US1MOCW0009,0
164,",,N,",SNOW,2017-12-13T00:00:00,GHCND:US1MOCW0009,0
165,",,N,",PRCP,2017-12-13T00:00:00,GHCND:US1MOCW0012,0
166,",,N,",SNOW,2017-12-13T00:00:00,GHCND:US1MOCW0012,0
167,",,N,",PRCP,2017-12-13T00:00:00,GHCND:US1MOFSA051,0
168,",,N,",SNOW,2017-12-13T00:00:00,GHCND:US1MOFSA051,0
169,",,7,0700",PRCP,2017-12-13T00:00:00,GHCND:USC00234271,0
170,",,7,",SNOW,2017-12-13T00:00:00,GHCND:USC00234271,0
171,",,7,",SNWD,2017-12-13T00:00:00,GHCND:USC00234271,0
172,",,7,0700",TMAX,2017-12-13T00:00:00,GHCND:USC00234271,33
173,",,7,0700",TMIN,2017-12-13T00:00:00,GHCND:USC00234271,-44
174,",,7,0700",TOBS,2017-12-13T00:00:00,GHCND:USC00234271,17
175,",,W,",AWND,2017-12-13T00:00:00,GHCND:USW00003963,50
176,",,W,",PRCP,2017-12-13T00:00:00,GHCND:USW00003963,0
177,",,W,",SNOW,2017-12-13T00:00:00,GHCND:USW00003963,0
178,",,W,",SNWD,2017-12-13T00:00:00,GHCND:USW00003963,0
179,",,W,",TMAX,2017-12-13T00:00:00,GHCND:USW00003963,156
180,",,W,",TMIN,2017-12-13T00:00:00,GHCND:USW00003963,-27
181,",,W,",WDF2,2017-12-13T00:00:00,GHCND:USW00003963,300
182,",,W,",WDF5,2017-12-13T00:00:00,GHCND:USW00003963,280
183,",,W,",WSF2,2017-12-13T00:00:00,GHCND:USW00003963,143
184,",,W,",WSF5,2017-12-13T00:00:00,GHCND:USW00003963,201
185,",,N,",PRCP,2017-12-14T00:00:00,GHCND:US1MOBN0007,0
186,",,N,",SNOW,2017-12-14T00:00:00,GHCND:US1MOBN0007,0
187,",,N,",PRCP,2017-12-14T00:00:00,GHCND:US1MOBN0032,0
188,",,N,",SNOW,2017-12-14T00:00:00,GHCND:US1MOBN0032,0
189,",,N,",PRCP,2017-12-14T00:00:00,GHCND:US1MOCE0007,0
190,",,N,",SNOW,2017-12-14T00:00:00,GHCND:US1MOCE0007,0
191,",,N,",PRCP,2017-12-14T00:00:00,GHCND:US1MOCE0009,0
192,",,N,",SNOW,2017-12-14T00:00:00,GHCND:US1MOCE0009,0
193,",,N,",PRCP,2017-12-14T00:00:00,GHCND:US1MOCE0017,0
194,",,N,",SNOW,2017-12-14T00:00:00,GHCND:US1MOCE0017,0
195,",,N,",SNWD,2017-12-14T00:00:00,GHCND:US1MOCE0017,0
196,",,N,",WESD,2017-12-14T00:00:00,GHCND:US1MOCE0017,0
197,",,N,",WESF,2017-12-14T00:00:00,GHCND:US1MOCE0017,0
198,",,N,",PRCP,2017-12-14T00:00:00,GHCND:US1MOCW0009,0
199,",,N,",SNOW,2017-12-14T00:00:00,GHCND:US1MOCW0009,0
200,",,N,",PRCP,2017-12-14T00:00:00,GHCND:US1MOCW0012,0
201,",,N,",PRCP,2017-12-14T00:00:00,GHCND:US1MOFSA051,0
202,",,N,",SNOW,2017-12-14T00:00:00,GHCND:US1MOFSA051,0
203,",,7,0700",PRCP,2017-12-14T00:00:00,GHCND:USC00234271,0
204,",,7,",SNOW,2017-12-14T00:00:00,GHCND:USC00234271,0
205,",,7,",SNWD,2017-12-14T00:00:00,GHCND:USC00234271,0
206,",,7,0700",TMAX,2017-12-14T00:00:00,GHCND:USC00234271,156
207,",,7,0700",TMIN,2017-12-14T00:00:00,GHCND:USC00234271,0
208,",,7,0700",TOBS,2017-12-14T00:00:00,GHCND:USC00234271,6
209,",,W,",AWND,2017-12-14T00:00:00,GHCND:USW00003963,21
210,",,W,",PRCP,2017-12-14T00:00:00,GHCND:USW00003963,0
211,",,W,",SNOW,2017-12-14T00:00:00,GHCND:USW00003963,0
212,",,W,",SNWD,2017-12-14T00:00:00,GHCND:USW00003963,0
213,",,W,",TMAX,2017-12-14T00:00:00,GHCND:USW00003963,50
214,",,W,",TMIN,2017-12-14T00:00:00,GHCND:USW00003963,-5
215,",,W,",WDF2,2017-12-14T00:00:00,GHCND:USW00003963,350
216,",,W,",WDF5,2017-12-14T00:00:00,GHCND:USW00003963,350
217,",,W,",WSF2,2017-12-14T00:00:00,GHCND:USW00003963,76
218,",,W,",WSF5,2017-12-14T00:00:00,GHCND:USW00003963,98
219,",,N,",PRCP,2017-12-15T00:00:00,GHCND:US1MOBN0007,0
220,",,N,",SNOW,2017-12-15T00:00:00,GHCND:US1MOBN0007,0
221,",,N,",PRCP,2017-12-15T00:00:00,GHCND:US1MOBN0032,0
222,",,N,",SNOW,2017-12-15T00:00:00,GHCND:US1MOBN0032,0
223,",,N,",PRCP,2017-12-15T00:00:00,GHCND:US1MOCE0007,0
224,",,N,",SNOW,2017-12-15T00:00:00,GHCND:US1MOCE0007,0
225,",,N,",PRCP,2017-12-15T00:00:00,GHCND:US1MOCE0009,0
226,",,N,",SNOW,2017-12-15T00:00:00,GHCND:US1MOCE0009,0
227,",,N,",PRCP,2017-12-15T00:00:00,GHCND:US1MOCE0017,0
228,",,N,",SNOW,2017-12-15T00:00:00,GHCND:US1MOCE0017,0
229,",,N,",SNWD,2017-12-15T00:00:00,GHCND:US1MOCE0017,0
230,",,N,",WESD,2017-12-15T00:00:00,GHCND:US1MOCE0017,0
231,",,N,",WESF,2017-12-15T00:00:00,GHCND:US1MOCE0017,0
232,",,N,",PRCP,2017-12-15T00:00:00,GHCND:US1MOCW0009,0
233,",,N,",SNOW,2017-12-15T00:00:00,GHCND:US1MOCW0009,0
234,",,N,",PRCP,2017-12-15T00:00:00,GHCND:US1MOCW0012,0
235,",,N,",PRCP,2017-12-15T00:00:00,GHCND:US1MOFSA051,0
236,",,N,",SNOW,2017-12-15T00:00:00,GHCND:US1MOFSA051,0
237,",,7,0700",PRCP,2017-12-15T00:00:00,GHCND:USC00234271,0
238,",,7,",SNOW,2017-12-15T00:00:00,GHCND:USC00234271,0
239,",,7,",SNWD,2017-12-15T00:00:00,GHCND:USC00234271,0
240,",,7,0700",TMAX,2017-12-15T00:00:00,GHCND:USC00234271,11
241,",,7,0700",TMIN,2017-12-15T00:00:00,GHCND:USC00234271,-28
242,",,7,0700",TOBS,2017-12-15T00:00:00,GHCND:USC00234271,-6
243,",,W,",AWND,2017-12-15T00:00:00,GHCND:USW00003963,25
244,",,W,",PRCP,2017-12-15T00:00:00,GHCND:USW00003963,0
245,",,W,",SNOW,2017-12-15T00:00:00,GHCND:USW00003963,0
246,",,W,",SNWD,2017-12-15T00:00:00,GHCND:USW00003963,0
247,",,W,",TMAX,2017-12-15T00:00:00,GHCND:USW00003963,67
248,",,W,",TMIN,2017-12-15T00:00:00,GHCND:USW00003963,-32
249,",,W,",WDF2,2017-12-15T00:00:00,GHCND:USW00003963,270
250,",,W,",WDF5,2017-12-15T00:00:00,GHCND:USW00003963,290
251,",,W,",WSF2,2017-12-15T00:00:00,GHCND:USW00003963,89
252,",,W,",WSF5,2017-12-15T00:00:00,GHCND:USW00003963,116
253,",,W,",WT08,2017-12-15T00:00:00,GHCND:USW00003963,1
254,",,N,",PRCP,2017-12-16T00:00:00,GHCND:US1MOBN0007,0
255,",,N,",SNOW,2017-12-16T00:00:00,GHCND:US1MOBN0007,0
256,",,N,",PRCP,2017-12-16T00:00:00,GHCND:US1MOBN0032,0
257,",,N,",SNOW,2017-12-16T00:00:00,GHCND:US1MOBN0032,0
258,",,N,",PRCP,2017-12-16T00:00:00,GHCND:US1MOCE0007,0
259,",,N,",SNOW,2017-12-16T00:00:00,GHCND:US1MOCE0007,0
260,",,N,",PRCP,2017-12-16T00:00:00,GHCND:US1MOCE0009,0
261,",,N,",SNOW,2017-12-16T00:00:00,GHCND:US1MOCE0009,0
262,",,N,",PRCP,2017-12-16T00:00:00,GHCND:US1MOCE0017,0
263,",,N,",SNOW,2017-12-16T00:00:00,GHCND:US1MOCE0017,0
264,",,N,",SNWD,2017-12-16T00:00:00,GHCND:US1MOCE0017,0
265,",,N,",WESD,2017-12-16T00:00:00,GHCND:US1MOCE0017,0
266,",,N,",WESF,2017-12-16T00:00:00,GHCND:US1MOCE0017,0
267,",,N,",PRCP,2017-12-16T00:00:00,GHCND:US1MOCW0009,0
268,",,N,",SNOW,2017-12-16T00:00:00,GHCND:US1MOCW0009,0
269,",,N,",PRCP,2017-12-16T00:00:00,GHCND:US1MOCW0012,0
270,",,N,",PRCP,2017-12-16T00:00:00,GHCND:US1MOFSA051,0
271,",,N,",SNOW,2017-12-16T00:00:00,GHCND:US1MOFSA051,0
272,",,7,0700",PRCP,2017-12-16T00:00:00,GHCND:USC00234271,0
273,",,7,",SNOW,2017-12-16T00:00:00,GHCND:USC00234271,0
274,",,7,",SNWD,2017-12-16T00:00:00,GHCND:USC00234271,0
275,",,7,0700",TMAX,2017-12-16T00:00:00,GHCND:USC00234271,72
276,",,7,0700",TMIN,2017-12-16T00:00:00,GHCND:USC00234271,-6
277,",,7,0700",TOBS,2017-12-16T00:00:00,GHCND:USC00234271,22
278,",,W,",AWND,2017-12-16T00:00:00,GHCND:USW00003963,29
279,",,W,",PRCP,2017-12-16T00:00:00,GHCND:USW00003963,0
280,",,W,",SNOW,2017-12-16T00:00:00,GHCND:USW00003963,0
281,",,W,",SNWD,2017-12-16T00:00:00,GHCND:USW00003963,0
282,",,W,",TMAX,2017-12-16T00:00:00,GHCND:USW00003963,167
283,",,W,",TMIN,2017-12-16T00:00:00,GHCND:USW00003963,11
284,",,W,",WDF2,2017-12-16T00:00:00,GHCND:USW00003963,250
285,",,W,",WDF5,2017-12-16T00:00:00,GHCND:USW00003963,250
286,",,W,",WSF2,2017-12-16T00:00:00,GHCND:USW00003963,89
287,",,W,",WSF5,2017-12-16T00:00:00,GHCND:USW00003963,112
288,",,N,",PRCP,2017-12-17T00:00:00,GHCND:US1MOBN0007,3
289,",,N,",PRCP,2017-12-17T00:00:00,GHCND:US1MOBN0032,3
290,"T,,N,",PRCP,2017-12-17T00:00:00,GHCND:US1MOCE0007,0
291,",,N,",PRCP,2017-12-17T00:00:00,GHCND:US1MOCE0009,10
292,",,N,",PRCP,2017-12-17T00:00:00,GHCND:US1MOCE0017,0
293,",,N,",SNOW,2017-12-17T00:00:00,GHCND:US1MOCE0017,0
294,",,N,",SNWD,2017-12-17T00:00:00,GHCND:US1MOCE0017,0
295,",,N,",WESD,2017-12-17T00:00:00,GHCND:US1MOCE0017,0
296,",,N,",WESF,2017-12-17T00:00:00,GHCND:US1MOCE0017,0
297,",,N,",PRCP,2017-12-17T00:00:00,GHCND:US1MOCW0009,3
298,",,N,",PRCP,2017-12-17T00:00:00,GHCND:US1MOCW0012,5
299,",,N,",PRCP,2017-12-17T00:00:00,GHCND:US1MOFSA051,0
300,",,N,",SNOW,2017-12-17T00:00:00,GHCND:US1MOFSA051,0
301,",,7,0700",PRCP,2017-12-17T00:00:00,GHCND:USC00234271,5
302,",,7,",SNOW,2017-12-17T00:00:00,GHCND:USC00234271,0
303,",,7,",SNWD,2017-12-17T00:00:00,GHCND:USC00234271,0
304,",,7,0700",TMAX,2017-12-17T00:00:00,GHCND:USC00234271,172
305,",,7,0700",TMIN,2017-12-17T00:00:00,GHCND:USC00234271,22
306,",,7,0700",TOBS,2017-12-17T00:00:00,GHCND:USC00234271,61
307,",,W,",AWND,2017-12-17T00:00:00,GHCND:USW00003963,20
308,",,W,",PRCP,2017-12-17T00:00:00,GHCND:USW00003963,5
309,",,W,",SNOW,2017-12-17T00:00:00,GHCND:USW00003963,0
310,",,W,",SNWD,2017-12-17T00:00:00,GHCND:USW00003963,0
311,",,W,",TMAX,2017-12-17T00:00:00,GHCND:USW00003963,89
312,",,W,",TMIN,2017-12-17T00:00:00,GHCND:USW00003963,56
313,",,W,",WDF2,2017-12-17T00:00:00,GHCND:USW00003963,230
314,",,W,",WDF5,2017-12-17T00:00:00,GHCND:USW00003963,230
315,",,W,",WSF2,2017-12-17T00:00:00,GHCND:USW00003963,54
316,",,W,",WSF5,2017-12-17T00:00:00,GHCND:USW00003963,76
317,",,W,",WT01,2017-12-17T00:00:00,GHCND:USW00003963,1
318,",,N,",PRCP,2017-12-18T00:00:00,GHCND:US1MOBN0007,8
319,",,N,",PRCP,2017-12-18T00:00:00,GHCND:US1MOBN0032,13
320,",,N,",PRCP,2017-12-18T00:00:00,GHCND:US1MOCE0007,8
321,",,N,",PRCP,2017-12-18T00:00:00,GHCND:US1MOCE0009,3
322,"T,,N,",PRCP,2017-12-18T00:00:00,GHCND:US1MOCE0017,0
323,",,N,",SNOW,2017-12-18T00:00:00,GHCND:US1MOCE0017,0
324,",,N,",SNWD,2017-12-18T00:00:00,GHCND:US1MOCE0017,0
325,",,N,",WESD,2017-12-18T00:00:00,GHCND:US1MOCE0017,0
326,",,N,",WESF,2017-12-18T00:00:00,GHCND:US1MOCE0017,0
327,",,N,",PRCP,2017-12-18T00:00:00,GHCND:US1MOCW0009,5
328,",,N,",PRCP,2017-12-18T00:00:00,GHCND:US1MOCW0012,5
329,",,N,",PRCP,2017-12-18T00:00:00,GHCND:US1MOFSA051,5
330,",,7,0700",PRCP,2017-12-18T00:00:00,GHCND:USC00234271,5
331,",,7,",SNOW,2017-12-18T00:00:00,GHCND:USC00234271,0
332,",,7,",SNWD,2017-12-18T00:00:00,GHCND:USC00234271,0
333,",,7,0700",TMAX,2017-12-18T00:00:00,GHCND:USC00234271,83
334,",,7,0700",TMIN,2017-12-18T00:00:00,GHCND:USC00234271,56
335,",,7,0700",TOBS,2017-12-18T00:00:00,GHCND:USC00234271,67
336,",,W,",AWND,2017-12-18T00:00:00,GHCND:USW00003963,35
337,",,W,",PRCP,2017-12-18T00:00:00,GHCND:USW00003963,0
338,",,W,",SNOW,2017-12-18T00:00:00,GHCND:USW00003963,0
339,",,W,",SNWD,2017-12-18T00:00:00,GHCND:USW00003963,0
340,",,W,",TMAX,2017-12-18T00:00:00,GHCND:USW00003963,117
341,",,W,",TMIN,2017-12-18T00:00:00,GHCND:USW00003963,33
342,",,W,",WDF2,2017-12-18T00:00:00,GHCND:USW00003963,230
343,",,W,",WDF5,2017-12-18T00:00:00,GHCND:USW00003963,240
344,",,W,",WSF2,2017-12-18T00:00:00,GHCND:USW00003963,81
345,",,W,",WSF5,2017-12-18T00:00:00,GHCND:USW00003963,116
346,",,N,",PRCP,2017-12-19T00:00:00,GHCND:US1MOBN0007,0
347,",,N,",SNOW,2017-12-19T00:00:00,GHCND:US1MOBN0007,0
348,",,N,",PRCP,2017-12-19T00:00:00,GHCND:US1MOBN0032,0
349,",,N,",SNOW,2017-12-19T00:00:00,GHCND:US1MOBN0032,0
350,",,N,",PRCP,2017-12-19T00:00:00,GHCND:US1MOCE0007,0
351,",,N,",SNOW,2017-12-19T00:00:00,GHCND:US1MOCE0007,0
352,"T,,N,",PRCP,2017-12-19T00:00:00,GHCND:US1MOCE0009,0
353,",,N,",PRCP,2017-12-19T00:00:00,GHCND:US1MOCE0017,0
354,",,N,",SNOW,2017-12-19T00:00:00,GHCND:US1MOCE0017,0
355,",,N,",SNWD,2017-12-19T00:00:00,GHCND:US1MOCE0017,0
356,",,N,",WESD,2017-12-19T00:00:00,GHCND:US1MOCE0017,0
357,",,N,",WESF,2017-12-19T00:00:00,GHCND:US1MOCE0017,0
358,"T,,N,",PRCP,2017-12-19T00:00:00,GHCND:US1MOCW0009,0
359,",,N,",PRCP,2017-12-19T00:00:00,GHCND:US1MOCW0012,0
360,",,N,",PRCP,2017-12-19T00:00:00,GHCND:US1MOFSA051,0
361,",,N,",SNOW,2017-12-19T00:00:00,GHCND:US1MOFSA051,0
362,",,7,0700",PRCP,2017-12-19T00:00:00,GHCND:USC00234271,0
363,",,7,",SNOW,2017-12-19T00:00:00,GHCND:USC00234271,0
364,",,7,",SNWD,2017-12-19T00:00:00,GHCND:USC00234271,0
365,",,7,0700",TMAX,2017-12-19T00:00:00,GHCND:USC00234271,117
366,",,7,0700",TMIN,2017-12-19T00:00:00,GHCND:USC00234271,33
367,",,7,0700",TOBS,2017-12-19T00:00:00,GHCND:USC00234271,78
368,",,W,",AWND,2017-12-19T00:00:00,GHCND:USW00003963,24
369,",,W,",PRCP,2017-12-19T00:00:00,GHCND:USW00003963,0
370,",,W,",SNOW,2017-12-19T00:00:00,GHCND:USW00003963,0
371,",,W,",SNWD,2017-12-19T00:00:00,GHCND:USW00003963,0
372,",,W,",TMAX,2017-12-19T00:00:00,GHCND:USW00003963,122
373,",,W,",TMIN,2017-12-19T00:00:00,GHCND:USW00003963,17
374,",,W,",WDF2,2017-12-19T00:00:00,GHCND:USW00003963,50
375,",,W,",WDF5,2017-12-19T00:00:00,GHCND:USW00003963,50
376,",,W,",WSF2,2017-12-19T00:00:00,GHCND:USW00003963,63
377,",,W,",WSF5,2017-12-19T00:00:00,GHCND:USW00003963,81
378,",,W,",WT01,2017-12-19T00:00:00,GHCND:USW00003963,1
379,",,W,",WT08,2017-12-19T00:00:00,GHCND:USW00003963,1
380,",,N,",PRCP,2017-12-20T00:00:00,GHCND:US1MOBN0007,3
381,",,N,",SNOW,2017-12-20T00:00:00,GHCND:US1MOBN0007,0
382,",,N,",PRCP,2017-12-20T00:00:00,GHCND:US1MOBN0032,0
383,",,N,",SNOW,2017-12-20T00:00:00,GHCND:US1MOBN0032,0
384,",,N,",PRCP,2017-12-20T00:00:00,GHCND:US1MOCE0007,0
385,",,N,",SNOW,2017-12-20T00:00:00,GHCND:US1MOCE0007,0
386,"T,,N,",PRCP,2017-12-20T00:00:00,GHCND:US1MOCE0009,0
387,",,N,",PRCP,2017-12-20T00:00:00,GHCND:US1MOCE0017,0
388,",,N,",SNOW,2017-12-20T00:00:00,GHCND:US1MOCE0017,0
389,",,N,",SNWD,2017-12-20T00:00:00,GHCND:US1MOCE0017,0
390,",,N,",WESD,2017-12-20T00:00:00,GHCND:US1MOCE0017,0
391,",,N,",WESF,2017-12-20T00:00:00,GHCND:US1MOCE0017,0
392,",,N,",PRCP,2017-12-20T00:00:00,GHCND:US1MOCW0009,0
393,",,N,",SNOW,2017-12-20T00:00:00,GHCND:US1MOCW0009,0
394,",,N,",PRCP,2017-12-20T00:00:00,GHCND:US1MOCW0012,0
395,",,N,",PRCP,2017-12-20T00:00:00,GHCND:US1MOFSA051,0
396,",,N,",SNOW,2017-12-20T00:00:00,GHCND:US1MOFSA051,0
397,",,7,0700",PRCP,2017-12-20T00:00:00,GHCND:USC00234271,0
398,",,7,",SNOW,2017-12-20T00:00:00,GHCND:USC00234271,0
399,",,7,",SNWD,2017-12-20T00:00:00,GHCND:USC00234271,0
400,",,7,0700",TMAX,2017-12-20T00:00:00,GHCND:USC00234271,117
401,",,7,0700",TMIN,2017-12-20T00:00:00,GHCND:USC00234271,28
402,",,7,0700",TOBS,2017-12-20T00:00:00,GHCND:USC00234271,28
403,",,H,",PRCP,2017-12-20T00:00:00,GHCND:USC00237497,0
404,",,W,",AWND,2017-12-20T00:00:00,GHCND:USW00003963,25
405,",,W,",PRCP,2017-12-20T00:00:00,GHCND:USW00003963,0
406,",,W,",SNOW,2017-12-20T00:00:00,GHCND:USW00003963,0
407,",,W,",SNWD,2017-12-20T00:00:00,GHCND:USW00003963,0
408,",,W,",TMAX,2017-12-20T00:00:00,GHCND:USW00003963,111
409,",,W,",TMIN,2017-12-20T00:00:00,GHCND:USW00003963,22
410,",,W,",WDF2,2017-12-20T00:00:00,GHCND:USW00003963,110
411,",,W,",WDF5,2017-12-20T00:00:00,GHCND:USW00003963,60
412,",,W,",WSF2,2017-12-20T00:00:00,GHCND:USW00003963,58
413,",,W,",WSF5,2017-12-20T00:00:00,GHCND:USW00003963,81
414,",,N,",PRCP,2017-12-21T00:00:00,GHCND:US1MOBN0007,0
415,",,N,",SNOW,2017-12-21T00:00:00,GHCND:US1MOBN0007,0
416,",,N,",PRCP,2017-12-21T00:00:00,GHCND:US1MOBN0032,0
417,",,N,",SNOW,2017-12-21T00:00:00,GHCND:US1MOBN0032,0
418,",,N,",PRCP,2017-12-21T00:00:00,GHCND:US1MOCE0007,0
419,",,N,",SNOW,2017-12-21T00:00:00,GHCND:US1MOCE0007,0
420,",,N,",PRCP,2017-12-21T00:00:00,GHCND:US1MOCE0009,0
421,",,N,",SNOW,2017-12-21T00:00:00,GHCND:US1MOCE0009,0
422,",,N,",PRCP,2017-12-21T00:00:00,GHCND:US1MOCE0017,0
423,",,N,",SNOW,2017-12-21T00:00:00,GHCND:US1MOCE0017,0
424,",,N,",SNWD,2017-12-21T00:00:00,GHCND:US1MOCE0017,0
425,",,N,",WESD,2017-12-21T00:00:00,GHCND:US1MOCE0017,0
426,",,N,",WESF,2017-12-21T00:00:00,GHCND:US1MOCE0017,0
427,",,N,",PRCP,2017-12-21T00:00:00,GHCND:US1MOCW0009,0
428,",,N,",SNOW,2017-12-21T00:00:00,GHCND:US1MOCW0009,0
429,",,N,",PRCP,2017-12-21T00:00:00,GHCND:US1MOCW0012,0
430,",,N,",PRCP,2017-12-21T00:00:00,GHCND:US1MOFSA051,0
431,",,N,",SNOW,2017-12-21T00:00:00,GHCND:US1MOFSA051,0
432,",,7,0700",PRCP,2017-12-21T00:00:00,GHCND:USC00234271,0
433,",,7,",SNOW,2017-12-21T00:00:00,GHCND:USC00234271,0
434,",,7,",SNWD,2017-12-21T00:00:00,GHCND:USC00234271,0
435,",,7,0700",TMAX,2017-12-21T00:00:00,GHCND:USC00234271,111
436,",,7,0700",TMIN,2017-12-21T00:00:00,GHCND:USC00234271,17
437,",,7,0700",TOBS,2017-12-21T00:00:00,GHCND:USC00234271,67
438,",,W,",AWND,2017-12-21T00:00:00,GHCND:USW00003963,36
439,",,W,",PRCP,2017-12-21T00:00:00,GHCND:USW00003963,0
440,",,W,",SNOW,2017-12-21T00:00:00,GHCND:USW00003963,0
441,",,W,",SNWD,2017-12-21T00:00:00,GHCND:USW00003963,0
442,",,W,",TMAX,2017-12-21T00:00:00,GHCND:USW00003963,167
443,",,W,",TMIN,2017-12-21T00:00:00,GHCND:USW00003963,33
444,",,W,",WDF2,2017-12-21T00:00:00,GHCND:USW00003963,130
445,",,W,",WDF5,2017-12-21T00:00:00,GHCND:USW00003963,140
446,",,W,",WSF2,2017-12-21T00:00:00,GHCND:USW00003963,76
447,",,W,",WSF5,2017-12-21T00:00:00,GHCND:USW00003963,98
448,",,N,",PRCP,2017-12-22T00:00:00,GHCND:US1MOBN0007,0
449,",,N,",SNOW,2017-12-22T00:00:00,GHCND:US1MOBN0007,0
450,",,N,",PRCP,2017-12-22T00:00:00,GHCND:US1MOBN0032,0
451,",,N,",SNOW,2017-12-22T00:00:00,GHCND:US1MOBN0032,0
452,",,N,",PRCP,2017-12-22T00:00:00,GHCND:US1MOCE0007,0
453,",,N,",SNOW,2017-12-22T00:00:00,GHCND:US1MOCE0007,0
454,",,N,",PRCP,2017-12-22T00:00:00,GHCND:US1MOCE0009,0
455,",,N,",SNOW,2017-12-22T00:00:00,GHCND:US1MOCE0009,0
456,",,N,",PRCP,2017-12-22T00:00:00,GHCND:US1MOCE0017,0
457,",,N,",SNOW,2017-12-22T00:00:00,GHCND:US1MOCE0017,0
458,",,N,",SNWD,2017-12-22T00:00:00,GHCND:US1MOCE0017,0
459,",,N,",WESD,2017-12-22T00:00:00,GHCND:US1MOCE0017,0
460,",,N,",WESF,2017-12-22T00:00:00,GHCND:US1MOCE0017,0
461,",,N,",PRCP,2017-12-22T00:00:00,GHCND:US1MOCW0009,0
462,",,N,",SNOW,2017-12-22T00:00:00,GHCND:US1MOCW0009,0
463,",,N,",PRCP,2017-12-22T00:00:00,GHCND:US1MOCW0012,0
464,",,N,",PRCP,2017-12-22T00:00:00,GHCND:US1MOFSA051,0
465,",,N,",SNOW,2017-12-22T00:00:00,GHCND:US1MOFSA051,0
466,",,7,0700",PRCP,2017-12-22T00:00:00,GHCND:USC00234271,0
467,",,7,",SNOW,2017-12-22T00:00:00,GHCND:USC00234271,0
468,",,7,",SNWD,2017-12-22T00:00:00,GHCND:USC00234271,0
469,",,7,0700",TMAX,2017-12-22T00:00:00,GHCND:USC00234271,167
470,",,7,0700",TMIN,2017-12-22T00:00:00,GHCND:USC00234271,28
471,",,7,0700",TOBS,2017-12-22T00:00:00,GHCND:USC00234271,28
472,",,W,",AWND,2017-12-22T00:00:00,GHCND:USW00003963,36
473,",,W,",PRCP,2017-12-22T00:00:00,GHCND:USW00003963,5
474,",,W,",SNWD,2017-12-22T00:00:00,GHCND:USW00003963,0
475,",,W,",TMAX,2017-12-22T00:00:00,GHCND:USW00003963,72
476,",,W,",TMIN,2017-12-22T00:00:00,GHCND:USW00003963,11
477,",,W,",WDF2,2017-12-22T00:00:00,GHCND:USW00003963,290
478,",,W,",WDF5,2017-12-22T00:00:00,GHCND:USW00003963,300
479,",,W,",WSF2,2017-12-22T00:00:00,GHCND:USW00003963,58
480,",,W,",WSF5,2017-12-22T00:00:00,GHCND:USW00003963,81
481,",,W,",WT01,2017-12-22T00:00:00,GHCND:USW00003963,1
482,",,W,",WT08,2017-12-22T00:00:00,GHCND:USW00003963,1
483,"T,,N,",PRCP,2017-12-23T00:00:00,GHCND:US1MOBN0007,0
484,",,N,",PRCP,2017-12-23T00:00:00,GHCND:US1MOCE0007,10
485,",,N,",PRCP,2017-12-23T00:00:00,GHCND:US1MOCE0009,5
486,",,N,",PRCP,2017-12-23T00:00:00,GHCND:US1MOCE0017,56
487,",,N,",SNOW,2017-12-23T00:00:00,GHCND:US1MOCE0017,20
488,",,N,",SNWD,2017-12-23T00:00:00,GHCND:US1MOCE0017,20
489,",,N,",WESD,2017-12-23T00:00:00,GHCND:US1MOCE0017,56
490,",,N,",WESF,2017-12-23T00:00:00,GHCND:US1MOCE0017,56
491,"T,,N,",PRCP,2017-12-23T00:00:00,GHCND:US1MOCW0012,0
492,"T,,N,",SNOW,2017-12-23T00:00:00,GHCND:US1MOCW0012,0
493,"T,,N,",SNWD,2017-12-23T00:00:00,GHCND:US1MOCW0012,0
494,"T,,N,",WESD,2017-12-23T00:00:00,GHCND:US1MOCW0012,0
495,"T,,N,",WESF,2017-12-23T00:00:00,GHCND:US1MOCW0012,0
496,",,7,0700",PRCP,2017-12-23T00:00:00,GHCND:USC00234271,5
497,"T,,7,",SNOW,2017-12-23T00:00:00,GHCND:USC00234271,0
498,"T,,7,",SNWD,2017-12-23T00:00:00,GHCND:USC00234271,0
499,",,7,0700",TMAX,2017-12-23T00:00:00,GHCND:USC00234271,28
500,",,7,0700",TMIN,2017-12-23T00:00:00,GHCND:USC00234271,-17
501,",,7,0700",TOBS,2017-12-23T00:00:00,GHCND:USC00234271,-17
502,",,W,",AWND,2017-12-23T00:00:00,GHCND:USW00003963,28
503,",,W,",PRCP,2017-12-23T00:00:00,GHCND:USW00003963,3
504,",,W,",TMAX,2017-12-23T00:00:00,GHCND:USW00003963,28
505,",,W,",TMIN,2017-12-23T00:00:00,GHCND:USW00003963,-27
506,",,W,",WDF2,2017-12-23T00:00:00,GHCND:USW00003963,340
507,",,W,",WDF5,2017-12-23T00:00:00,GHCND:USW00003963,340
508,",,W,",WSF2,2017-12-23T00:00:00,GHCND:USW00003963,63
509,",,W,",WSF5,2017-12-23T00:00:00,GHCND:USW00003963,81
510,",,W,",WT01,2017-12-23T00:00:00,GHCND:USW00003963,1
511,",,W,",WT08,2017-12-23T00:00:00,GHCND:USW00003963,1
512,",,N,",PRCP,2017-12-24T00:00:00,GHCND:US1MOBN0007,15
513,",,N,",SNOW,2017-12-24T00:00:00,GHCND:US1MOBN0007,25
514,",,N,",PRCP,2017-12-24T00:00:00,GHCND:US1MOCE0007,13
515,",,N,",SNOW,2017-12-24T00:00:00,GHCND:US1MOCE0007,13
516,",,N,",PRCP,2017-12-24T00:00:00,GHCND:US1MOCE0009,20
517,",,N,",PRCP,2017-12-24T00:00:00,GHCND:US1MOCE0017,13
518,",,N,",SNOW,2017-12-24T00:00:00,GHCND:US1MOCE0017,13
519,",,N,",SNWD,2017-12-24T00:00:00,GHCND:US1MOCE0017,13
520,",,N,",WESD,2017-12-24T00:00:00,GHCND:US1MOCE0017,13
521,",,N,",WESF,2017-12-24T00:00:00,GHCND:US1MOCE0017,13
522,",,N,",PRCP,2017-12-24T00:00:00,GHCND:US1MOCW0012,5
523,",,N,",SNOW,2017-12-24T00:00:00,GHCND:US1MOCW0012,13
524,",,N,",SNWD,2017-12-24T00:00:00,GHCND:US1MOCW0012,13
525,",,N,",WESD,2017-12-24T00:00:00,GHCND:US1MOCW0012,5
526,",,N,",WESF,2017-12-24T00:00:00,GHCND:US1MOCW0012,5
527,",,7,0700",PRCP,2017-12-24T00:00:00,GHCND:USC00234271,8
528,",,7,",SNOW,2017-12-24T00:00:00,GHCND:USC00234271,13
529,",,7,",SNWD,2017-12-24T00:00:00,GHCND:USC00234271,25
530,",,7,0700",TMAX,2017-12-24T00:00:00,GHCND:USC00234271,28
531,",,7,0700",TMIN,2017-12-24T00:00:00,GHCND:USC00234271,-50
532,",,7,0700",TOBS,2017-12-24T00:00:00,GHCND:USC00234271,-50
533,",,W,",AWND,2017-12-24T00:00:00,GHCND:USW00003963,43
534,"T,,W,",PRCP,2017-12-24T00:00:00,GHCND:USW00003963,0
535,",,W,",TMAX,2017-12-24T00:00:00,GHCND:USW00003963,-10
536,",,W,",TMIN,2017-12-24T00:00:00,GHCND:USW00003963,-71
537,",,W,",WDF2,2017-12-24T00:00:00,GHCND:USW00003963,280
538,",,W,",WDF5,2017-12-24T00:00:00,GHCND:USW00003963,290
539,",,W,",WSF2,2017-12-24T00:00:00,GHCND:USW00003963,98
540,",,W,",WSF5,2017-12-24T00:00:00,GHCND:USW00003963,139
541,",,W,",WT01,2017-12-24T00:00:00,GHCND:USW00003963,1
542,",,N,",PRCP,2017-12-25T00:00:00,GHCND:US1MOBN0007,25
543,",,N,",SNOW,2017-12-25T00:00:00,GHCND:US1MOBN0007,25
544,",,N,",SNWD,2017-12-25T00:00:00,GHCND:US1MOBN0007,20
545,",,N,",PRCP,2017-12-25T00:00:00,GHCND:US1MOCE0007,5
546,",,N,",PRCP,2017-12-25T00:00:00,GHCND:US1MOCE0009,0
547,",,N,",SNOW,2017-12-25T00:00:00,GHCND:US1MOCE0009,0
548,",,N,",PRCP,2017-12-25T00:00:00,GHCND:US1MOCE0017,0
549,",,N,",SNOW,2017-12-25T00:00:00,GHCND:US1MOCE0017,0
550,",,N,",SNWD,2017-12-25T00:00:00,GHCND:US1MOCE0017,0
551,",,N,",WESD,2017-12-25T00:00:00,GHCND:US1MOCE0017,0
552,",,N,",WESF,2017-12-25T00:00:00,GHCND:US1MOCE0017,0
553,",,N,",PRCP,2017-12-25T00:00:00,GHCND:US1MOCW0012,13
554,",,N,",SNOW,2017-12-25T00:00:00,GHCND:US1MOCW0012,25
555,",,N,",SNWD,2017-12-25T00:00:00,GHCND:US1MOCW0012,25
556,",,N,",WESD,2017-12-25T00:00:00,GHCND:US1MOCW0012,13
557,",,N,",WESF,2017-12-25T00:00:00,GHCND:US1MOCW0012,13
558,",,7,0700",PRCP,2017-12-25T00:00:00,GHCND:USC00234271,8
559,",,7,",SNOW,2017-12-25T00:00:00,GHCND:USC00234271,10
560,"T,,7,",SNWD,2017-12-25T00:00:00,GHCND:USC00234271,0
561,",,7,0700",TMAX,2017-12-25T00:00:00,GHCND:USC00234271,-33
562,",,7,0700",TMIN,2017-12-25T00:00:00,GHCND:USC00234271,-72
563,",,7,0700",TOBS,2017-12-25T00:00:00,GHCND:USC00234271,-67
564,",,W,",AWND,2017-12-25T00:00:00,GHCND:USW00003963,22
565,",,W,",PRCP,2017-12-25T00:00:00,GHCND:USW00003963,0
566,",,W,",SNOW,2017-12-25T00:00:00,GHCND:USW00003963,0
567,",,W,",TMAX,2017-12-25T00:00:00,GHCND:USW00003963,-10
568,",,W,",TMIN,2017-12-25T00:00:00,GHCND:USW00003963,-71
569,",,W,",WDF2,2017-12-25T00:00:00,GHCND:USW00003963,40
570,",,W,",WDF5,2017-12-25T00:00:00,GHCND:USW00003963,40
571,",,W,",WSF2,2017-12-25T00:00:00,GHCND:USW00003963,63
572,",,W,",WSF5,2017-12-25T00:00:00,GHCND:USW00003963,76
573,",,N,",PRCP,2017-12-26T00:00:00,GHCND:US1MOBN0007,0
574,",,N,",SNOW,2017-12-26T00:00:00,GHCND:US1MOBN0007,0
575,",,N,",SNWD,2017-12-26T00:00:00,GHCND:US1MOBN0007,18
576,",,N,",PRCP,2017-12-26T00:00:00,GHCND:US1MOCE0007,0
577,",,N,",SNOW,2017-12-26T00:00:00,GHCND:US1MOCE0007,0
578,",,N,",PRCP,2017-12-26T00:00:00,GHCND:US1MOCE0009,0
579,",,N,",SNOW,2017-12-26T00:00:00,GHCND:US1MOCE0009,0
580,",,N,",PRCP,2017-12-26T00:00:00,GHCND:US1MOCE0017,0
581,",,N,",SNOW,2017-12-26T00:00:00,GHCND:US1MOCE0017,0
582,",,N,",SNWD,2017-12-26T00:00:00,GHCND:US1MOCE0017,0
583,",,N,",WESD,2017-12-26T00:00:00,GHCND:US1MOCE0017,0
584,",,N,",WESF,2017-12-26T00:00:00,GHCND:US1MOCE0017,0
585,",,N,",PRCP,2017-12-26T00:00:00,GHCND:US1MOCW0012,0
586,",,N,",SNWD,2017-12-26T00:00:00,GHCND:US1MOCW0012,13
587,",,N,",WESD,2017-12-26T00:00:00,GHCND:US1MOCW0012,5
588,",,N,",PRCP,2017-12-26T00:00:00,GHCND:US1MOFSA051,0
589,",,N,",SNOW,2017-12-26T00:00:00,GHCND:US1MOFSA051,0
590,",,7,0700",PRCP,2017-12-26T00:00:00,GHCND:USC00234271,0
591,",,7,",SNOW,2017-12-26T00:00:00,GHCND:USC00234271,0
592,"T,,7,",SNWD,2017-12-26T00:00:00,GHCND:USC00234271,0
593,",,7,0700",TMAX,2017-12-26T00:00:00,GHCND:USC00234271,-11
594,",,7,0700",TMIN,2017-12-26T00:00:00,GHCND:USC00234271,-106
595,",,7,0700",TOBS,2017-12-26T00:00:00,GHCND:USC00234271,-100
596,",,W,",AWND,2017-12-26T00:00:00,GHCND:USW00003963,35
597,"T,,W,",PRCP,2017-12-26T00:00:00,GHCND:USW00003963,0
598,",,W,",TMAX,2017-12-26T00:00:00,GHCND:USW00003963,-38
599,",,W,",TMIN,2017-12-26T00:00:00,GHCND:USW00003963,-116
600,",,W,",WDF2,2017-12-26T00:00:00,GHCND:USW00003963,360
601,",,W,",WDF5,2017-12-26T00:00:00,GHCND:USW00003963,360
602,",,W,",WSF2,2017-12-26T00:00:00,GHCND:USW00003963,63
603,",,W,",WSF5,2017-12-26T00:00:00,GHCND:USW00003963,94
604,",,W,",WT08,2017-12-26T00:00:00,GHCND:USW00003963,1
605,"T,,N,",PRCP,2017-12-27T00:00:00,GHCND:US1MOBN0007,0
606,"T,,N,",SNOW,2017-12-27T00:00:00,GHCND:US1MOBN0007,0
607,",,N,",SNWD,2017-12-27T00:00:00,GHCND:US1MOBN0007,18
608,",,N,",WESD,2017-12-27T00:00:00,GHCND:US1MOBN0007,41
609,"T,,N,",PRCP,2017-12-27T00:00:00,GHCND:US1MOCE0007,0
610,"T,,N,",PRCP,2017-12-27T00:00:00,GHCND:US1MOCE0009,0
611,"T,,N,",PRCP,2017-12-27T00:00:00,GHCND:US1MOCE0017,0
612,"T,,N,",SNOW,2017-12-27T00:00:00,GHCND:US1MOCE0017,0
613,"T,,N,",SNWD,2017-12-27T00:00:00,GHCND:US1MOCE0017,0
614,"T,,N,",WESD,2017-12-27T00:00:00,GHCND:US1MOCE0017,0
615,"T,,N,",WESF,2017-12-27T00:00:00,GHCND:US1MOCE0017,0
616,",,N,",PRCP,2017-12-27T00:00:00,GHCND:US1MOCW0012,0
617,",,N,",SNWD,2017-12-27T00:00:00,GHCND:US1MOCW0012,13
618,",,N,",WESD,2017-12-27T00:00:00,GHCND:US1MOCW0012,5
619,",,N,",PRCP,2017-12-27T00:00:00,GHCND:US1MOFSA051,0
620,",,N,",SNOW,2017-12-27T00:00:00,GHCND:US1MOFSA051,0
621,"T,,7,0700",PRCP,2017-12-27T00:00:00,GHCND:USC00234271,0
622,"T,,7,",SNOW,2017-12-27T00:00:00,GHCND:USC00234271,0
623,"T,,7,",SNWD,2017-12-27T00:00:00,GHCND:USC00234271,0
624,",,7,0700",TMAX,2017-12-27T00:00:00,GHCND:USC00234271,-100
625,",,7,0700",TMIN,2017-12-27T00:00:00,GHCND:USC00234271,-161
626,",,7,0700",TOBS,2017-12-27T00:00:00,GHCND:USC00234271,-161
627,",,W,",AWND,2017-12-27T00:00:00,GHCND:USW00003963,24
628,"T,,W,",PRCP,2017-12-27T00:00:00,GHCND:USW00003963,0
629,",,W,",TMAX,2017-12-27T00:00:00,GHCND:USW00003963,-88
630,",,W,",TMIN,2017-12-27T00:00:00,GHCND:USW00003963,-166
631,",,W,",WDF2,2017-12-27T00:00:00,GHCND:USW00003963,120
632,",,W,",WDF5,2017-12-27T00:00:00,GHCND:USW00003963,120
633,",,W,",WSF2,2017-12-27T00:00:00,GHCND:USW00003963,54
634,",,W,",WSF5,2017-12-27T00:00:00,GHCND:USW00003963,72
635,",,N,",PRCP,2017-12-28T00:00:00,GHCND:US1MOBN0007,0
636,",,N,",SNOW,2017-12-28T00:00:00,GHCND:US1MOBN0007,0
637,",,N,",SNWD,2017-12-28T00:00:00,GHCND:US1MOBN0007,13
638,",,N,",WESD,2017-12-28T00:00:00,GHCND:US1MOBN0007,15
639,",,N,",PRCP,2017-12-28T00:00:00,GHCND:US1MOCE0007,0
640,",,N,",SNOW,2017-12-28T00:00:00,GHCND:US1MOCE0007,0
641,",,N,",PRCP,2017-12-28T00:00:00,GHCND:US1MOCE0009,0
642,",,N,",SNOW,2017-12-28T00:00:00,GHCND:US1MOCE0009,0
643,",,N,",PRCP,2017-12-28T00:00:00,GHCND:US1MOCE0017,0
644,",,N,",SNOW,2017-12-28T00:00:00,GHCND:US1MOCE0017,0
645,",,N,",SNWD,2017-12-28T00:00:00,GHCND:US1MOCE0017,0
646,",,N,",WESD,2017-12-28T00:00:00,GHCND:US1MOCE0017,0
647,",,N,",WESF,2017-12-28T00:00:00,GHCND:US1MOCE0017,0
648,",,N,",PRCP,2017-12-28T00:00:00,GHCND:US1MOCW0009,0
649,",,N,",SNOW,2017-12-28T00:00:00,GHCND:US1MOCW0009,0
650,",,N,",SNWD,2017-12-28T00:00:00,GHCND:US1MOCW0009,13
651,",,N,",PRCP,2017-12-28T00:00:00,GHCND:US1MOCW0012,0
652,",,N,",PRCP,2017-12-28T00:00:00,GHCND:US1MOFSA051,0
653,",,N,",SNOW,2017-12-28T00:00:00,GHCND:US1MOFSA051,0
654,",,7,0700",PRCP,2017-12-28T00:00:00,GHCND:USC00234271,0
655,",,7,",SNOW,2017-12-28T00:00:00,GHCND:USC00234271,0
656,"T,,7,",SNWD,2017-12-28T00:00:00,GHCND:USC00234271,0
657,",,7,0700",TMAX,2017-12-28T00:00:00,GHCND:USC00234271,-89
658,",,7,0700",TMIN,2017-12-28T00:00:00,GHCND:USC00234271,-167
659,",,7,0700",TOBS,2017-12-28T00:00:00,GHCND:USC00234271,-111
660,",,W,",AWND,2017-12-28T00:00:00,GHCND:USW00003963,27
661,",,W,",PRCP,2017-12-28T00:00:00,GHCND:USW00003963,0
662,",,W,",SNOW,2017-12-28T00:00:00,GHCND:USW00003963,0
663,",,W,",TMAX,2017-12-28T00:00:00,GHCND:USW00003963,-43
664,",,W,",TMIN,2017-12-28T00:00:00,GHCND:USW00003963,-110
665,",,W,",WDF2,2017-12-28T00:00:00,GHCND:USW00003963,110
666,",,W,",WDF5,2017-12-28T00:00:00,GHCND:USW00003963,110
667,",,W,",WSF2,2017-12-28T00:00:00,GHCND:USW00003963,76
668,",,W,",WSF5,2017-12-28T00:00:00,GHCND:USW00003963,94
669,",,N,",PRCP,2017-12-29T00:00:00,GHCND:US1MOBN0007,0
670,",,N,",SNOW,2017-12-29T00:00:00,GHCND:US1MOBN0007,0
671,",,N,",PRCP,2017-12-29T00:00:00,GHCND:US1MOCE0007,0
672,",,N,",SNOW,2017-12-29T00:00:00,GHCND:US1MOCE0007,0
673,",,N,",PRCP,2017-12-29T00:00:00,GHCND:US1MOCE0009,0
674,",,N,",SNOW,2017-12-29T00:00:00,GHCND:US1MOCE0009,0
675,",,N,",PRCP,2017-12-29T00:00:00,GHCND:US1MOCE0017,0
676,",,N,",SNOW,2017-12-29T00:00:00,GHCND:US1MOCE0017,0
677,",,N,",SNWD,2017-12-29T00:00:00,GHCND:US1MOCE0017,0
678,",,N,",WESD,2017-12-29T00:00:00,GHCND:US1MOCE0017,0
679,",,N,",WESF,2017-12-29T00:00:00,GHCND:US1MOCE0017,0
680,",,N,",PRCP,2017-12-29T00:00:00,GHCND:US1MOCW0009,0
681,",,N,",SNOW,2017-12-29T00:00:00,GHCND:US1MOCW0009,0
682,",,N,",SNWD,2017-12-29T00:00:00,GHCND:US1MOCW0009,13
683,",,N,",PRCP,2017-12-29T00:00:00,GHCND:US1MOCW0012,0
684,",,N,",PRCP,2017-12-29T00:00:00,GHCND:US1MOFSA051,0
685,",,N,",SNOW,2017-12-29T00:00:00,GHCND:US1MOFSA051,0
686,",,7,0700",PRCP,2017-12-29T00:00:00,GHCND:USC00234271,0
687,",,7,",SNOW,2017-12-29T00:00:00,GHCND:USC00234271,0
688,"T,,7,",SNWD,2017-12-29T00:00:00,GHCND:USC00234271,0
689,",,7,0700",TMAX,2017-12-29T00:00:00,GHCND:USC00234271,-50
690,",,7,0700",TMIN,2017-12-29T00:00:00,GHCND:USC00234271,-111
691,",,7,0700",TOBS,2017-12-29T00:00:00,GHCND:USC00234271,-67
692,",,W,",AWND,2017-12-29T00:00:00,GHCND:USW00003963,16
693,",,W,",PRCP,2017-12-29T00:00:00,GHCND:USW00003963,0
694,",,W,",SNOW,2017-12-29T00:00:00,GHCND:USW00003963,0
695,",,W,",TMAX,2017-12-29T00:00:00,GHCND:USW00003963,6
696,",,W,",TMIN,2017-12-29T00:00:00,GHCND:USW00003963,-82
697,",,W,",WDF2,2017-12-29T00:00:00,GHCND:USW00003963,40
698,",,W,",WDF5,2017-12-29T00:00:00,GHCND:USW00003963,30
699,",,W,",WSF2,2017-12-29T00:00:00,GHCND:USW00003963,54
700,",,W,",WSF5,2017-12-29T00:00:00,GHCND:USW00003963,67
701,"T,,N,",PRCP,2017-12-30T00:00:00,GHCND:US1MOBN0007,0
702,"T,,N,",PRCP,2017-12-30T00:00:00,GHCND:US1MOCE0007,0
703,"T,,N,",PRCP,2017-12-30T00:00:00,GHCND:US1MOCE0009,0
704,",,N,",PRCP,2017-12-30T00:00:00,GHCND:US1MOCE0017,0
705,",,N,",SNOW,2017-12-30T00:00:00,GHCND:US1MOCE0017,0
706,",,N,",SNWD,2017-12-30T00:00:00,GHCND:US1MOCE0017,0
707,",,N,",WESD,2017-12-30T00:00:00,GHCND:US1MOCE0017,0
708,",,N,",WESF,2017-12-30T00:00:00,GHCND:US1MOCE0017,0
709,"T,,N,",PRCP,2017-12-30T00:00:00,GHCND:US1MOCW0009,0
710,",,N,",SNOW,2017-12-30T00:00:00,GHCND:US1MOCW0009,0
711,",,N,",SNWD,2017-12-30T00:00:00,GHCND:US1MOCW0009,13
712,",,N,",PRCP,2017-12-30T00:00:00,GHCND:US1MOCW0012,0
713,",,N,",PRCP,2017-12-30T00:00:00,GHCND:US1MOFSA051,0
714,",,N,",SNOW,2017-12-30T00:00:00,GHCND:US1MOFSA051,0
715,",,7,0700",PRCP,2017-12-30T00:00:00,GHCND:USC00234271,0
716,",,7,",SNOW,2017-12-30T00:00:00,GHCND:USC00234271,0
717,"T,,7,",SNWD,2017-12-30T00:00:00,GHCND:USC00234271,0
718,",,7,0700",TMAX,2017-12-30T00:00:00,GHCND:USC00234271,0
719,",,7,0700",TMIN,2017-12-30T00:00:00,GHCND:USC00234271,-89
720,",,7,0700",TOBS,2017-12-30T00:00:00,GHCND:USC00234271,-89
721,",,W,",AWND,2017-12-30T00:00:00,GHCND:USW00003963,47
722,"T,,W,",PRCP,2017-12-30T00:00:00,GHCND:USW00003963,0
723,",,W,",TMAX,2017-12-30T00:00:00,GHCND:USW00003963,-21
724,",,W,",TMIN,2017-12-30T00:00:00,GHCND:USW00003963,-138
725,",,W,",WDF2,2017-12-30T00:00:00,GHCND:USW00003963,10
726,",,W,",WDF5,2017-12-30T00:00:00,GHCND:USW00003963,360
727,",,W,",WSF2,2017-12-30T00:00:00,GHCND:USW00003963,89
728,",,W,",WSF5,2017-12-30T00:00:00,GHCND:USW00003963,121
729,",,W,",WT01,2017-12-30T00:00:00,GHCND:USW00003963,1
730,",,N,",PRCP,2017-12-31T00:00:00,GHCND:US1MOBN0007,0
731,",,N,",SNOW,2017-12-31T00:00:00,GHCND:US1MOBN0007,0
732,",,N,",PRCP,2017-12-31T00:00:00,GHCND:US1MOCE0007,0
733,",,N,",SNOW,2017-12-31T00:00:00,GHCND:US1MOCE0007,0
734,",,N,",PRCP,2017-12-31T00:00:00,GHCND:US1MOCE0009,0
735,",,N,",SNOW,2017-12-31T00:00:00,GHCND:US1MOCE0009,0
736,",,N,",PRCP,2017-12-31T00:00:00,GHCND:US1MOCW0009,0
737,",,N,",SNOW,2017-12-31T00:00:00,GHCND:US1MOCW0009,0
738,",,N,",SNWD,2017-12-31T00:00:00,GHCND:US1MOCW0009,13
739,",,N,",PRCP,2017-12-31T00:00:00,GHCND:US1MOCW0012,0
740,",,N,",PRCP,2017-12-31T00:00:00,GHCND:US1MOFSA051,0
741,",,N,",SNOW,2017-12-31T00:00:00,GHCND:US1MOFSA051,0
742,",,7,0700",PRCP,2017-12-31T00:00:00,GHCND:USC00234271,0
743,",,7,",SNOW,2017-12-31T00:00:00,GHCND:USC00234271,0
744,"T,,7,",SNWD,2017-12-31T00:00:00,GHCND:USC00234271,0
745,",,7,0700",TMAX,2017-12-31T00:00:00,GHCND:USC00234271,-83
746,",,7,0700",TMIN,2017-12-31T00:00:00,GHCND:USC00234271,-156
747,",,7,0700",TOBS,2017-12-31T00:00:00,GHCND:USC00234271,-156
748,",,W,",AWND,2017-12-31T00:00:00,GHCND:USW00003963,40
749,",,W,",PRCP,2017-12-31T00:00:00,GHCND:USW00003963,0
750,",,W,",SNOW,2017-12-31T00:00:00,GHCND:USW00003963,0
751,",,W,",TMAX,2017-12-31T00:00:00,GHCND:USW00003963,-99
752,",,W,",TMIN,2017-12-31T00:00:00,GHCND:USW00003963,-166
753,",,W,",WDF2,2017-12-31T00:00:00,GHCND:USW00003963,10
754,",,W,",WDF5,2017-12-31T00:00:00,GHCND:USW00003963,330
755,",,W,",WSF2,2017-12-31T00:00:00,GHCND:USW00003963,76
756,",,W,",WSF5,2017-12-31T00:00:00,GHCND:USW00003963,103
757,",,N,",PRCP,2018-01-01T00:00:00,GHCND:US1MOBN0007,0
758,",,N,",SNOW,2018-01-01T00:00:00,GHCND:US1MOBN0007,0
759,",,N,",PRCP,2018-01-01T00:00:00,GHCND:US1MOCE0007,0
760,",,N,",SNOW,2018-01-01T00:00:00,GHCND:US1MOCE0007,0
761,",,N,",PRCP,2018-01-01T00:00:00,GHCND:US1MOCE0009,0
762,",,N,",SNOW,2018-01-01T00:00:00,GHCND:US1MOCE0009,0
763,",,N,",PRCP,2018-01-01T00:00:00,GHCND:US1MOCE0017,0
764,",,N,",SNOW,2018-01-01T00:00:00,GHCND:US1MOCE0017,0
765,",,N,",SNWD,2018-01-01T00:00:00,GHCND:US1MOCE0017,0
766,",,N,",WESD,2018-01-01T00:00:00,GHCND:US1MOCE0017,0
767,",,N,",WESF,2018-01-01T00:00:00,GHCND:US1MOCE0017,0
768,",,N,",PRCP,2018-01-01T00:00:00,GHCND:US1MOCW0009,0
769,",,N,",SNOW,2018-01-01T00:00:00,GHCND:US1MOCW0009,0
770,",,N,",SNWD,2018-01-01T00:00:00,GHCND:US1MOCW0009,13
771,",,N,",PRCP,2018-01-01T00:00:00,GHCND:US1MOCW0012,0
772,",,N,",PRCP,2018-01-01T00:00:00,GHCND:US1MOFSA051,0
773,",,N,",SNOW,2018-01-01T00:00:00,GHCND:US1MOFSA051,0
774,",,7,0700",PRCP,2018-01-01T00:00:00,GHCND:USC00234271,0
775,",,7,",SNOW,2018-01-01T00:00:00,GHCND:USC00234271,0
776,"T,,7,",SNWD,2018-01-01T00:00:00,GHCND:USC00234271,0
777,",,7,0700",TMAX,2018-01-01T00:00:00,GHCND:USC00234271,-100
778,",,7,0700",TMIN,2018-01-01T00:00:00,GHCND:USC00234271,-217
779,",,7,0700",TOBS,2018-01-01T00:00:00,GHCND:USC00234271,-217
780,",,W,",AWND,2018-01-01T00:00:00,GHCND:USW00003963,26
781,",,W,",PRCP,2018-01-01T00:00:00,GHCND:USW00003963,0
782,",,W,",SNOW,2018-01-01T00:00:00,GHCND:USW00003963,0
783,",,W,",TMAX,2018-01-01T00:00:00,GHCND:USW00003963,-116
784,",,W,",TMIN,2018-01-01T00:00:00,GHCND:USW00003963,-210
785,",,W,",WDF2,2018-01-01T00:00:00,GHCND:USW00003963,280
786,",,W,",WDF5,2018-01-01T00:00:00,GHCND:USW00003963,270
787,",,W,",WSF2,2018-01-01T00:00:00,GHCND:USW00003963,54
788,",,W,",WSF5,2018-01-01T00:00:00,GHCND:USW00003963,76
